  472161.00  5887173.48   1.801262   0.000000   0.000001    0.000
  472160.87  5887175.28   1.802193   0.000000   0.000002   -4.099
  472160.74  5887177.08   1.804059   0.000001   0.000004   -4.099
  472160.61  5887178.88   1.805936   0.000001   0.000006   -4.099
  472160.48  5887180.68   1.807823   0.000002   0.000008   -4.099
  472160.35  5887182.49   1.809720   0.000002   0.000010   -4.099
  472160.22  5887184.29   1.811628   0.000003   0.000012   -4.098
  472160.10  5887186.10   1.813546   0.000003   0.000014   -4.098
  472159.97  5887187.91   1.815474   0.000003   0.000016   -4.098
  472159.84  5887189.72   1.817412   0.000004   0.000018   -4.097
  472159.71  5887191.53   1.819361   0.000004   0.000020   -4.097
  472159.58  5887193.35   1.821320   0.000005   0.000021   -4.097
  472159.45  5887195.17   1.823289   0.000005   0.000023   -4.096
  472159.32  5887196.99   1.825269   0.000005   0.000025   -4.096
  472159.18  5887198.81   1.827259   0.000006   0.000027   -4.095
  472159.05  5887200.63   1.829259   0.000006   0.000029   -4.094
  472158.92  5887202.46   1.831269   0.000007   0.000031   -4.094
  472158.79  5887204.29   1.833290   0.000007   0.000033   -4.093
  472158.66  5887206.12   1.835321   0.000007   0.000035   -4.092
  472158.53  5887207.95   1.837362   0.000008   0.000037   -4.092
  472158.40  5887209.78   1.839414   0.000008   0.000039   -4.091
  472158.27  5887211.62   1.841476   0.000008   0.000041   -4.090
  472158.14  5887213.45   1.843548   0.000009   0.000043   -4.089
  472158.01  5887215.29   1.845631   0.000009   0.000045   -4.088
  472157.87  5887217.14   1.847723   0.000010   0.000047   -4.087
  472157.74  5887218.98   1.849825   0.000010   0.000049   -4.086
  472157.61  5887220.83   1.851937   0.000010   0.000050   -4.085
  472157.48  5887222.67   1.854062   0.000011   0.000052   -4.084
  472157.35  5887224.53   1.856201   0.000011   0.000053   -4.083
  472157.21  5887226.38   1.858352   0.000011   0.000054   -4.082
  472157.08  5887228.23   1.860517   0.000011   0.000056   -4.080
  472156.95  5887230.09   1.862695   0.000012   0.000057   -4.079
  472156.82  5887231.95   1.864887   0.000012   0.000058   -4.078
  472156.68  5887233.81   1.867091   0.000012   0.000060   -4.077
  472156.55  5887235.67   1.869309   0.000012   0.000061   -4.075
  472156.42  5887237.54   1.871540   0.000013   0.000062   -4.074
  472156.29  5887239.41   1.873785   0.000013   0.000064   -4.073
  472156.15  5887241.28   1.876042   0.000013   0.000065   -4.071
  472156.02  5887243.15   1.878313   0.000013   0.000067   -4.070
  472155.89  5887245.02   1.880597   0.000014   0.000068   -4.069
  472155.75  5887246.90   1.882895   0.000014   0.000069   -4.067
  472155.62  5887248.78   1.885206   0.000014   0.000071   -4.066
  472155.49  5887250.66   1.887529   0.000014   0.000072   -4.064
  472155.35  5887252.55   1.889867   0.000014   0.000073   -4.063
  472155.22  5887254.43   1.892217   0.000015   0.000075   -4.061
  472155.08  5887256.32   1.894581   0.000015   0.000076   -4.059
  472154.95  5887258.21   1.896958   0.000015   0.000077   -4.058
  472154.82  5887260.11   1.899348   0.000015   0.000078   -4.056
  472154.68  5887262.00   1.901751   0.000016   0.000080   -4.054
  472154.55  5887263.90   1.904168   0.000016   0.000081   -4.053
  472154.41  5887265.80   1.906598   0.000016   0.000082   -4.051
  472154.28  5887267.70   1.909041   0.000016   0.000084   -4.049
  472154.14  5887269.61   1.911497   0.000016   0.000085   -4.047
  472154.01  5887271.52   1.913967   0.000017   0.000086   -4.046
  472153.87  5887273.43   1.916450   0.000017   0.000088   -4.044
  472153.74  5887275.34   1.918946   0.000017   0.000089   -4.042
  472153.60  5887277.26   1.921456   0.000017   0.000090   -4.040
  472153.47  5887279.17   1.923978   0.000017   0.000092   -4.038
  472153.33  5887281.09   1.926514   0.000018   0.000093   -4.036
  472153.20  5887283.02   1.929063   0.000018   0.000094   -4.034
  472153.06  5887284.94   1.931626   0.000018   0.000095   -4.032
  472152.92  5887286.87   1.934201   0.000018   0.000097   -4.030
  472152.79  5887288.80   1.936790   0.000018   0.000098   -4.028
  472152.65  5887290.73   1.939393   0.000019   0.000099   -4.026
  472152.52  5887292.67   1.942008   0.000019   0.000101   -4.024
  472152.38  5887294.61   1.944637   0.000019   0.000102   -4.022
  472152.24  5887296.55   1.947279   0.000019   0.000103   -4.020
  472152.11  5887298.49   1.949934   0.000019   0.000104   -4.018
  472151.97  5887300.44   1.952602   0.000020   0.000106   -4.016
  472151.83  5887302.39   1.955284   0.000020   0.000107   -4.013
  472151.70  5887304.34   1.957979   0.000020   0.000108   -4.011
  472151.56  5887306.30   1.960687   0.000020   0.000109   -4.009
  472151.42  5887308.25   1.963409   0.000020   0.000111   -4.007
  472151.28  5887310.21   1.966143   0.000020   0.000112   -4.004
  472151.15  5887312.18   1.968891   0.000021   0.000113   -4.002
  472151.01  5887314.14   1.971653   0.000021   0.000114   -4.000
  472150.87  5887316.11   1.974427   0.000021   0.000116   -3.997
  472150.73  5887318.08   1.977215   0.000021   0.000117   -3.995
  472150.60  5887320.05   1.980016   0.000021   0.000118   -3.993
  472150.46  5887322.03   1.982830   0.000021   0.000119   -3.990
  472150.32  5887324.01   1.985657   0.000022   0.000120   -3.988
  472150.18  5887325.99   1.988498   0.000022   0.000122   -3.985
  472150.04  5887327.98   1.991352   0.000022   0.000123   -3.983
  472149.91  5887329.97   1.994219   0.000022   0.000124   -3.980
  472149.77  5887331.96   1.997100   0.000022   0.000125   -3.978
  472149.63  5887333.95   1.999994   0.000022   0.000127   -3.975
  472149.49  5887335.95   2.002901   0.000023   0.000128   -3.973
  472149.35  5887337.95   2.005821   0.000023   0.000129   -3.970
  472149.21  5887339.95   2.008755   0.000023   0.000130   -3.968
  472149.07  5887341.95   2.011701   0.000023   0.000131   -3.965
  472148.93  5887343.96   2.014661   0.000023   0.000133   -3.962
  472148.80  5887345.97   2.017635   0.000023   0.000134   -3.960
  472148.66  5887347.99   2.020621   0.000023   0.000135   -3.957
  472148.52  5887350.01   2.023621   0.000023   0.000136   -3.954
  472148.38  5887352.03   2.026634   0.000024   0.000137   -3.952
  472148.24  5887354.05   2.029660   0.000024   0.000138   -3.949
  472148.10  5887356.08   2.032700   0.000024   0.000140   -3.946
  472147.96  5887358.11   2.035753   0.000024   0.000141   -3.943
  472147.82  5887360.14   2.038819   0.000024   0.000142   -3.940
  472147.68  5887362.17   2.041898   0.000024   0.000143   -3.938
  472147.54  5887364.21   2.044991   0.000024   0.000144   -3.935
  472147.40  5887366.25   2.048097   0.000025   0.000145   -3.932
  472147.26  5887368.30   2.051216   0.000025   0.000147   -3.929
  472147.12  5887370.35   2.054348   0.000025   0.000148   -3.926
  472146.98  5887372.40   2.057494   0.000025   0.000149   -3.923
  472146.83  5887374.45   2.060653   0.000025   0.000150   -3.920
  472146.69  5887376.51   2.063825   0.000025   0.000151   -3.917
  472146.55  5887378.57   2.067010   0.000025   0.000152   -3.914
  472146.41  5887380.63   2.070209   0.000025   0.000153   -3.911
  472146.27  5887382.70   2.073421   0.000025   0.000155   -3.908
  472146.13  5887384.77   2.076646   0.000026   0.000156   -3.905
  472145.99  5887386.84   2.079884   0.000026   0.000157   -3.902
  472145.85  5887388.92   2.083136   0.000026   0.000158   -3.899
  472145.70  5887391.00   2.086401   0.000026   0.000159   -3.896
  472145.56  5887393.08   2.089679   0.000026   0.000160   -3.893
  472145.42  5887395.17   2.092971   0.000026   0.000161   -3.890
  472145.28  5887397.26   2.096275   0.000026   0.000162   -3.887
  472145.14  5887399.35   2.099593   0.000026   0.000163   -3.884
  472144.99  5887401.45   2.102925   0.000026   0.000165   -3.881
  472144.85  5887403.55   2.106269   0.000026   0.000166   -3.877
  472144.71  5887405.65   2.109627   0.000026   0.000167   -3.874
  472144.57  5887407.76   2.112998   0.000027   0.000168   -3.871
  472144.42  5887409.87   2.116382   0.000027   0.000168   -3.868
  472144.28  5887411.98   2.119782   0.000027   0.000169   -3.865
  472144.14  5887414.10   2.123195   0.000027   0.000171   -3.861
  472144.00  5887416.22   2.126617   0.000027   0.000174   -3.858
  472143.85  5887418.34   2.130048   0.000028   0.000178   -3.855
  472143.71  5887420.47   2.133489   0.000028   0.000181   -3.851
  472143.57  5887422.60   2.136939   0.000029   0.000184   -3.848
  472143.42  5887424.73   2.140398   0.000029   0.000188   -3.845
  472143.28  5887426.87   2.143866   0.000029   0.000191   -3.841
  472143.14  5887429.01   2.147344   0.000030   0.000194   -3.837
  472142.99  5887431.16   2.150831   0.000030   0.000198   -3.834
  472142.85  5887433.30   2.154328   0.000031   0.000201   -3.830
  472142.70  5887435.46   2.157833   0.000031   0.000204   -3.826
  472142.56  5887437.61   2.161348   0.000031   0.000208   -3.822
  472142.42  5887439.77   2.164873   0.000032   0.000211   -3.818
  472142.27  5887441.93   2.168406   0.000032   0.000214   -3.815
  472142.13  5887444.10   2.171949   0.000033   0.000217   -3.811
  472141.98  5887446.26   2.175502   0.000033   0.000221   -3.806
  472141.84  5887448.44   2.179063   0.000033   0.000224   -3.802
  472141.70  5887450.61   2.182634   0.000034   0.000227   -3.798
  472141.55  5887452.79   2.186214   0.000034   0.000230   -3.794
  472141.41  5887454.98   2.189803   0.000034   0.000234   -3.790
  472141.26  5887457.16   2.193402   0.000035   0.000237   -3.785
  472141.12  5887459.35   2.197010   0.000035   0.000240   -3.781
  472140.97  5887461.55   2.200627   0.000036   0.000243   -3.777
  472140.83  5887463.74   2.204254   0.000036   0.000246   -3.772
  472140.68  5887465.95   2.207890   0.000036   0.000250   -3.768
  472140.54  5887468.15   2.211535   0.000037   0.000253   -3.763
  472140.39  5887470.36   2.215190   0.000037   0.000256   -3.758
  472140.25  5887472.57   2.218854   0.000037   0.000259   -3.754
  472140.10  5887474.79   2.222527   0.000038   0.000262   -3.749
  472139.96  5887477.01   2.226209   0.000038   0.000265   -3.744
  472139.81  5887479.23   2.229901   0.000038   0.000269   -3.739
  472139.67  5887481.46   2.233602   0.000039   0.000272   -3.734
  472139.52  5887483.69   2.237312   0.000039   0.000275   -3.730
  472139.37  5887485.92   2.241032   0.000039   0.000278   -3.725
  472139.23  5887488.16   2.244761   0.000039   0.000281   -3.720
  472139.08  5887490.40   2.248500   0.000040   0.000284   -3.714
  472138.94  5887492.65   2.252247   0.000040   0.000287   -3.709
  472138.79  5887494.90   2.256004   0.000040   0.000291   -3.704
  472138.65  5887497.15   2.259770   0.000041   0.000294   -3.699
  472138.50  5887499.41   2.263546   0.000041   0.000297   -3.694
  472138.36  5887501.67   2.267331   0.000041   0.000300   -3.688
  472138.21  5887503.93   2.271125   0.000042   0.000303   -3.683
  472138.06  5887506.20   2.274928   0.000042   0.000306   -3.678
  472137.92  5887508.47   2.278741   0.000042   0.000309   -3.672
  472137.77  5887510.75   2.282563   0.000042   0.000312   -3.667
  472137.63  5887513.03   2.286395   0.000043   0.000315   -3.661
  472137.48  5887515.31   2.290236   0.000043   0.000318   -3.656
  472137.33  5887517.60   2.294086   0.000043   0.000321   -3.650
  472137.19  5887519.89   2.297945   0.000043   0.000324   -3.644
  472137.04  5887522.19   2.301814   0.000044   0.000327   -3.639
  472136.90  5887524.49   2.305692   0.000044   0.000330   -3.633
  472136.75  5887526.79   2.309579   0.000044   0.000333   -3.627
  472136.60  5887529.10   2.313476   0.000044   0.000336   -3.621
  472136.46  5887531.41   2.317382   0.000045   0.000339   -3.615
  472136.31  5887533.72   2.321297   0.000045   0.000342   -3.609
  472136.17  5887536.04   2.325222   0.000045   0.000345   -3.603
  472136.02  5887538.36   2.329156   0.000045   0.000348   -3.597
  472135.87  5887540.69   2.333099   0.000046   0.000351   -3.591
  472135.73  5887543.02   2.337052   0.000046   0.000354   -3.585
  472135.58  5887545.36   2.341014   0.000046   0.000357   -3.579
  472135.44  5887547.69   2.344985   0.000046   0.000360   -3.573
  472135.29  5887550.04   2.348965   0.000047   0.000363   -3.567
  472135.14  5887552.38   2.352955   0.000047   0.000366   -3.560
  472135.00  5887554.73   2.356955   0.000047   0.000369   -3.554
  472134.85  5887557.09   2.360963   0.000047   0.000372   -3.548
  472134.71  5887559.45   2.364981   0.000047   0.000375   -3.541
  472134.56  5887561.81   2.369008   0.000048   0.000379   -3.535
  472134.41  5887564.17   2.373050   0.000048   0.000382   -3.528
  472134.27  5887566.55   2.377100   0.000048   0.000384   -3.522
  472134.12  5887568.92   2.381151   0.000048   0.000383   -3.515
  472133.98  5887571.30   2.385201   0.000047   0.000382   -3.509
  472133.83  5887573.68   2.389251   0.000047   0.000381   -3.502
  472133.69  5887576.07   2.393301   0.000047   0.000381   -3.496
  472133.54  5887578.46   2.397351   0.000047   0.000380   -3.489
  472133.39  5887580.85   2.401400   0.000046   0.000379   -3.483
  472133.25  5887583.25   2.405450   0.000046   0.000378   -3.477
  472133.10  5887585.66   2.409499   0.000046   0.000378   -3.470
  472132.96  5887588.06   2.413548   0.000046   0.000377   -3.464
  472132.81  5887590.47   2.417597   0.000046   0.000376   -3.458
  472132.67  5887592.89   2.421646   0.000045   0.000376   -3.451
  472132.52  5887595.31   2.425694   0.000045   0.000375   -3.445
  472132.37  5887597.73   2.429742   0.000045   0.000374   -3.439
  472132.23  5887600.16   2.433791   0.000045   0.000374   -3.432
  472132.08  5887602.59   2.437839   0.000044   0.000373   -3.426
  472131.94  5887605.03   2.441886   0.000044   0.000372   -3.420
  472131.79  5887607.47   2.445934   0.000044   0.000371   -3.414
  472131.65  5887609.91   2.449981   0.000044   0.000371   -3.408
  472131.50  5887612.36   2.454029   0.000043   0.000370   -3.402
  472131.36  5887614.81   2.458076   0.000043   0.000369   -3.395
  472131.21  5887617.27   2.462123   0.000043   0.000369   -3.389
  472131.06  5887619.72   2.466169   0.000043   0.000368   -3.383
  472130.92  5887622.19   2.470216   0.000043   0.000367   -3.377
  472130.77  5887624.66   2.474262   0.000042   0.000367   -3.371
  472130.63  5887627.13   2.478308   0.000042   0.000366   -3.365
  472130.48  5887629.60   2.482354   0.000042   0.000365   -3.359
  472130.34  5887632.08   2.486400   0.000042   0.000365   -3.353
  472130.19  5887634.57   2.490446   0.000042   0.000364   -3.347
  472130.05  5887637.06   2.494491   0.000041   0.000363   -3.341
  472129.90  5887639.55   2.498536   0.000041   0.000363   -3.336
  472129.76  5887642.05   2.502581   0.000041   0.000362   -3.330
  472129.61  5887644.55   2.506626   0.000041   0.000361   -3.324
  472129.47  5887647.05   2.510671   0.000040   0.000361   -3.318
  472129.32  5887649.56   2.514716   0.000040   0.000360   -3.312
  472129.18  5887652.07   2.518760   0.000040   0.000359   -3.306
  472129.03  5887654.59   2.522804   0.000040   0.000359   -3.301
  472128.89  5887657.11   2.526852   0.000040   0.000359   -3.295
  472128.74  5887659.63   2.530900   0.000039   0.000357   -3.289
  472128.60  5887662.16   2.534940   0.000039   0.000356   -3.283
  472128.45  5887664.70   2.538971   0.000039   0.000354   -3.278
  472128.31  5887667.23   2.542993   0.000039   0.000353   -3.272
  472128.16  5887669.77   2.547006   0.000038   0.000352   -3.266
  472128.02  5887672.32   2.551012   0.000038   0.000350   -3.261
  472127.87  5887674.87   2.555008   0.000038   0.000349   -3.255
  472127.73  5887677.42   2.558996   0.000037   0.000347   -3.250
  472127.58  5887679.98   2.562975   0.000037   0.000346   -3.244
  472127.44  5887682.54   2.566946   0.000037   0.000344   -3.239
  472127.29  5887685.10   2.570908   0.000037   0.000343   -3.233
  472127.15  5887687.67   2.574862   0.000036   0.000341   -3.228
  472127.00  5887690.24   2.578807   0.000036   0.000340   -3.222
  472126.86  5887692.82   2.582743   0.000036   0.000338   -3.217
  472126.71  5887695.40   2.586671   0.000036   0.000337   -3.212
  472126.57  5887697.99   2.590590   0.000035   0.000336   -3.207
  472126.42  5887700.57   2.594501   0.000035   0.000334   -3.201
  472126.28  5887703.17   2.598403   0.000035   0.000333   -3.196
  472126.13  5887705.76   2.602297   0.000035   0.000331   -3.191
  472125.99  5887708.36   2.606181   0.000034   0.000330   -3.186
  472125.84  5887710.97   2.610058   0.000034   0.000329   -3.181
  472125.70  5887713.58   2.613925   0.000034   0.000327   -3.176
  472125.55  5887716.19   2.617785   0.000034   0.000326   -3.170
  472125.41  5887718.80   2.621635   0.000033   0.000324   -3.165
  472125.26  5887721.42   2.625477   0.000033   0.000323   -3.160
  472125.12  5887724.05   2.629311   0.000033   0.000322   -3.155
  472124.97  5887726.67   2.633135   0.000033   0.000320   -3.150
  472124.83  5887729.30   2.636952   0.000032   0.000319   -3.146
  472124.69  5887731.94   2.640759   0.000032   0.000318   -3.141
  472124.54  5887734.58   2.644558   0.000032   0.000316   -3.136
  472124.40  5887737.22   2.648349   0.000032   0.000315   -3.131
  472124.25  5887739.87   2.652131   0.000032   0.000313   -3.126
  472124.11  5887742.52   2.655904   0.000031   0.000312   -3.121
  472123.96  5887745.17   2.659669   0.000031   0.000311   -3.117
  472123.82  5887747.83   2.663425   0.000031   0.000309   -3.112
  472123.67  5887750.49   2.667172   0.000031   0.000308   -3.107
  472123.53  5887753.15   2.670911   0.000030   0.000307   -3.102
  472123.39  5887755.82   2.674641   0.000030   0.000305   -3.098
  472123.24  5887758.50   2.678363   0.000030   0.000304   -3.093
  472123.10  5887761.17   2.682076   0.000030   0.000303   -3.089
  472122.95  5887763.85   2.685781   0.000030   0.000302   -3.084
  472122.81  5887766.54   2.689477   0.000029   0.000300   -3.079
  472122.66  5887769.22   2.693164   0.000029   0.000299   -3.075
  472122.52  5887771.91   2.696843   0.000029   0.000298   -3.070
  472122.37  5887774.61   2.700513   0.000029   0.000296   -3.066
  472122.23  5887777.31   2.704175   0.000029   0.000295   -3.061
  472122.09  5887780.01   2.707828   0.000028   0.000294   -3.057
  472121.94  5887782.72   2.711472   0.000028   0.000293   -3.053
  472121.80  5887785.43   2.715108   0.000028   0.000291   -3.048
  472121.65  5887788.14   2.718735   0.000028   0.000290   -3.044
  472121.51  5887790.86   2.722354   0.000028   0.000289   -3.040
  472121.36  5887793.58   2.725964   0.000027   0.000287   -3.035
  472121.22  5887796.30   2.729565   0.000027   0.000286   -3.031
  472121.08  5887799.03   2.733158   0.000027   0.000285   -3.027
  472120.93  5887801.76   2.736742   0.000027   0.000284   -3.023
  472120.79  5887804.49   2.740318   0.000027   0.000282   -3.018
  472120.64  5887807.23   2.743885   0.000026   0.000281   -3.014
  472120.50  5887809.97   2.747443   0.000026   0.000280   -3.010
  472120.36  5887812.72   2.750993   0.000026   0.000279   -3.006
  472120.21  5887815.47   2.754535   0.000026   0.000278   -3.002
  472120.07  5887818.22   2.758067   0.000026   0.000276   -2.998
  472119.92  5887820.98   2.761591   0.000026   0.000275   -2.994
  472119.78  5887823.74   2.765107   0.000025   0.000274   -2.990
  472119.63  5887826.50   2.768614   0.000025   0.000273   -2.986
  472119.49  5887829.27   2.772112   0.000025   0.000271   -2.982
  472119.35  5887832.04   2.775602   0.000025   0.000270   -2.978
  472119.20  5887834.81   2.779083   0.000025   0.000269   -2.974
  472119.06  5887837.59   2.782555   0.000024   0.000268   -2.970
  472118.91  5887840.37   2.786019   0.000024   0.000267   -2.966
  472118.77  5887843.15   2.789475   0.000024   0.000265   -2.962
  472118.63  5887845.94   2.792921   0.000024   0.000264   -2.958
  472118.48  5887848.73   2.796360   0.000024   0.000263   -2.954
  472118.34  5887851.52   2.799789   0.000024   0.000262   -2.951
  472118.19  5887854.32   2.803210   0.000023   0.000261   -2.947
  472118.05  5887857.12   2.806622   0.000023   0.000260   -2.943
  472117.91  5887859.93   2.810026   0.000023   0.000258   -2.939
  472117.76  5887862.74   2.813421   0.000023   0.000257   -2.935
  472117.62  5887865.55   2.816808   0.000023   0.000256   -2.932
  472117.47  5887868.36   2.820186   0.000023   0.000255   -2.928
  472117.33  5887871.18   2.823555   0.000023   0.000254   -2.924
  472117.19  5887874.00   2.826916   0.000022   0.000253   -2.921
  472117.04  5887876.83   2.830268   0.000022   0.000251   -2.917
  472116.90  5887879.65   2.833612   0.000022   0.000250   -2.914
  472116.75  5887882.49   2.836947   0.000022   0.000249   -2.910
  472116.61  5887885.32   2.840273   0.000022   0.000248   -2.906
  472116.47  5887888.16   2.843591   0.000022   0.000247   -2.903
  472116.32  5887891.00   2.846900   0.000021   0.000246   -2.899
  472116.18  5887893.85   2.850200   0.000021   0.000245   -2.896
  472116.03  5887896.69   2.853492   0.000021   0.000243   -2.892
  472115.89  5887899.55   2.856776   0.000021   0.000242   -2.889
  472115.75  5887902.40   2.860050   0.000021   0.000241   -2.886
  472115.60  5887905.26   2.863317   0.000021   0.000240   -2.882
  472115.46  5887908.12   2.866574   0.000021   0.000239   -2.879
  472115.32  5887910.98   2.869823   0.000020   0.000238   -2.875
  472115.17  5887913.85   2.873063   0.000020   0.000237   -2.872
  472115.03  5887916.72   2.876295   0.000020   0.000236   -2.869
  472114.88  5887919.60   2.879518   0.000020   0.000235   -2.865
  472114.74  5887922.48   2.882733   0.000020   0.000233   -2.862
  472114.60  5887925.36   2.885939   0.000020   0.000232   -2.859
  472114.45  5887928.24   2.889136   0.000020   0.000231   -2.855
  472114.31  5887931.13   2.892325   0.000019   0.000230   -2.852
  472114.16  5887934.02   2.895505   0.000019   0.000229   -2.849
  472114.02  5887936.91   2.898677   0.000019   0.000228   -2.846
  472113.88  5887939.81   2.901840   0.000019   0.000227   -2.843
  472113.73  5887942.71   2.904994   0.000019   0.000226   -2.839
  472113.59  5887945.61   2.908140   0.000019   0.000225   -2.836
  472113.45  5887948.52   2.911277   0.000019   0.000224   -2.833
  472113.30  5887951.43   2.914405   0.000019   0.000223   -2.830
  472113.16  5887954.34   2.917525   0.000018   0.000222   -2.827
  472113.01  5887957.25   2.920637   0.000018   0.000220   -2.824
  472112.87  5887960.17   2.923739   0.000018   0.000219   -2.821
  472112.73  5887963.09   2.926834   0.000018   0.000218   -2.818
  472112.58  5887966.02   2.929919   0.000018   0.000217   -2.815
  472112.44  5887968.95   2.932996   0.000018   0.000216   -2.812
  472112.29  5887971.88   2.936064   0.000018   0.000215   -2.809
  472112.15  5887974.81   2.939124   0.000018   0.000214   -2.806
  472112.01  5887977.75   2.942175   0.000017   0.000213   -2.803
  472111.86  5887980.69   2.945218   0.000017   0.000212   -2.800
  472111.72  5887983.63   2.948252   0.000017   0.000211   -2.797
  472111.58  5887986.58   2.951277   0.000017   0.000210   -2.794
  472111.43  5887989.53   2.954294   0.000017   0.000209   -2.791
  472111.29  5887992.48   2.957302   0.000017   0.000208   -2.788
  472111.14  5887995.44   2.960301   0.000017   0.000207   -2.785
  472111.00  5887998.39   2.963292   0.000017   0.000206   -2.783
  472110.86  5888001.36   2.966274   0.000016   0.000205   -2.780
  472110.71  5888004.32   2.969248   0.000016   0.000204   -2.777
  472110.57  5888007.29   2.972213   0.000016   0.000203   -2.774
  472110.43  5888010.26   2.975170   0.000016   0.000202   -2.772
  472110.28  5888013.23   2.978117   0.000016   0.000201   -2.769
  472110.14  5888016.21   2.981057   0.000016   0.000200   -2.766
  472109.99  5888019.19   2.983987   0.000016   0.000199   -2.763
  472109.85  5888022.17   2.986909   0.000016   0.000198   -2.761
  472109.71  5888025.15   2.989823   0.000016   0.000197   -2.758
  472109.56  5888028.14   2.992728   0.000015   0.000196   -2.755
  472109.42  5888031.13   2.995624   0.000015   0.000195   -2.753
  472109.28  5888034.12   2.998512   0.000015   0.000194   -2.750
  472109.13  5888037.12   3.001391   0.000015   0.000193   -2.747
  472108.99  5888040.12   3.004261   0.000015   0.000192   -2.745
  472108.84  5888043.12   3.007123   0.000015   0.000191   -2.742
  472108.70  5888046.13   3.009976   0.000015   0.000190   -2.740
  472108.56  5888049.14   3.012821   0.000015   0.000189   -2.737
  472108.41  5888052.15   3.015657   0.000015   0.000188   -2.735
  472108.27  5888055.16   3.018484   0.000014   0.000187   -2.732
  472108.12  5888058.18   3.021303   0.000014   0.000186   -2.730
  472107.98  5888061.20   3.024113   0.000014   0.000185   -2.727
  472107.84  5888064.22   3.026915   0.000014   0.000184   -2.725
  472107.69  5888067.24   3.029708   0.000014   0.000183   -2.722
  472107.55  5888070.27   3.032492   0.000014   0.000182   -2.720
  472107.41  5888073.30   3.035268   0.000014   0.000181   -2.717
  472107.26  5888076.33   3.038035   0.000014   0.000180   -2.715
  472107.12  5888079.37   3.040793   0.000014   0.000179   -2.712
  472106.97  5888082.41   3.043543   0.000014   0.000178   -2.710
  472106.83  5888085.45   3.046285   0.000013   0.000177   -2.708
  472106.69  5888088.50   3.049017   0.000013   0.000176   -2.705
  472106.54  5888091.54   3.051741   0.000013   0.000175   -2.703
  472106.40  5888094.59   3.054457   0.000013   0.000174   -2.701
  472106.25  5888097.64   3.057164   0.000013   0.000173   -2.698
  472106.11  5888100.70   3.059862   0.000013   0.000172   -2.696
  472105.97  5888103.76   3.062552   0.000013   0.000171   -2.694
  472105.82  5888106.82   3.065233   0.000013   0.000170   -2.692
  472105.68  5888109.88   3.067905   0.000013   0.000169   -2.689
  472105.54  5888112.95   3.070569   0.000013   0.000168   -2.687
  472105.39  5888116.02   3.073225   0.000013   0.000167   -2.685
  472105.25  5888119.09   3.075871   0.000012   0.000166   -2.683
  472105.10  5888122.16   3.078509   0.000012   0.000165   -2.680
  472104.96  5888125.24   3.081139   0.000012   0.000164   -2.678
  472104.82  5888128.32   3.083759   0.000012   0.000163   -2.676
  472104.67  5888131.40   3.086372   0.000012   0.000163   -2.674
  472104.53  5888134.48   3.088975   0.000012   0.000162   -2.672
  472104.38  5888137.57   3.091570   0.000012   0.000161   -2.670
  472104.24  5888140.66   3.094157   0.000012   0.000160   -2.668
  472104.10  5888143.75   3.096734   0.000012   0.000159   -2.665
  472103.95  5888146.85   3.099304   0.000012   0.000158   -2.663
  472103.81  5888149.94   3.101864   0.000012   0.000157   -2.661
  472103.66  5888153.04   3.104416   0.000011   0.000156   -2.659
  472103.52  5888156.14   3.106960   0.000011   0.000155   -2.657
  472103.38  5888159.25   3.109494   0.000011   0.000154   -2.655
  472103.23  5888162.36   3.112020   0.000011   0.000153   -2.653
  472103.09  5888165.47   3.114538   0.000011   0.000152   -2.651
  472102.94  5888168.58   3.117047   0.000011   0.000151   -2.649
  472102.80  5888171.69   3.119547   0.000011   0.000151   -2.647
  472102.66  5888174.81   3.122039   0.000011   0.000150   -2.645
  472102.51  5888177.93   3.124522   0.000011   0.000149   -2.643
  472102.37  5888181.05   3.126996   0.000011   0.000147   -2.641
  472102.22  5888184.18   3.129464   0.000011   0.000146   -2.640
  472102.08  5888187.31   3.131922   0.000011   0.000146   -2.638
  472101.94  5888190.44   3.134370   0.000011   0.000147   -2.636
  472101.79  5888193.57   3.136805   0.000011   0.000148   -2.634
  472101.65  5888196.70   3.139230   0.000011   0.000149   -2.632
  472101.50  5888199.84   3.141643   0.000011   0.000151   -2.630
  472101.36  5888202.98   3.144044   0.000011   0.000152   -2.628
  472101.22  5888206.12   3.146434   0.000011   0.000153   -2.626
  472101.07  5888209.27   3.148812   0.000011   0.000154   -2.624
  472100.93  5888212.41   3.151179   0.000011   0.000155   -2.622
  472100.78  5888215.56   3.153535   0.000011   0.000156   -2.620
  472100.64  5888218.71   3.155879   0.000011   0.000157   -2.618
  472100.50  5888221.87   3.158212   0.000011   0.000159   -2.616
  472100.35  5888225.02   3.160533   0.000011   0.000160   -2.614
  472100.21  5888228.18   3.162843   0.000011   0.000161   -2.612
  472100.06  5888231.34   3.165141   0.000011   0.000162   -2.610
  472099.92  5888234.51   3.167428   0.000012   0.000163   -2.608
  472099.77  5888237.67   3.169703   0.000012   0.000164   -2.606
  472099.63  5888240.84   3.171967   0.000012   0.000166   -2.604
  472099.49  5888244.01   3.174219   0.000012   0.000167   -2.602
  472099.34  5888247.18   3.176460   0.000012   0.000168   -2.600
  472099.20  5888250.35   3.178690   0.000012   0.000169   -2.597
  472099.05  5888253.53   3.180908   0.000012   0.000170   -2.595
  472098.91  5888256.71   3.183114   0.000012   0.000171   -2.593
  472098.77  5888259.89   3.185309   0.000012   0.000172   -2.591
  472098.62  5888263.07   3.187493   0.000012   0.000174   -2.589
  472098.48  5888266.26   3.189665   0.000012   0.000175   -2.586
  472098.33  5888269.45   3.191826   0.000012   0.000176   -2.584
  472098.19  5888272.64   3.193975   0.000012   0.000177   -2.582
  472098.05  5888275.83   3.196113   0.000012   0.000178   -2.580
  472097.90  5888279.02   3.198240   0.000012   0.000179   -2.578
  472097.76  5888282.22   3.200355   0.000012   0.000181   -2.575
  472097.62  5888285.42   3.202458   0.000013   0.000182   -2.573
  472097.47  5888288.62   3.204550   0.000013   0.000183   -2.571
  472097.33  5888291.82   3.206631   0.000013   0.000184   -2.568
  472097.19  5888295.02   3.208700   0.000013   0.000185   -2.566
  472097.04  5888298.23   3.210757   0.000013   0.000186   -2.564
  472096.90  5888301.44   3.212803   0.000013   0.000188   -2.561
  472096.75  5888304.65   3.214838   0.000013   0.000189   -2.559
  472096.61  5888307.86   3.216861   0.000013   0.000190   -2.557
  472096.47  5888311.08   3.218873   0.000013   0.000191   -2.554
  472096.32  5888314.29   3.220874   0.000013   0.000192   -2.552
  472096.18  5888317.51   3.222863   0.000013   0.000193   -2.549
  472096.04  5888320.73   3.224840   0.000013   0.000195   -2.547
  472095.89  5888323.96   3.226806   0.000013   0.000196   -2.545
  472095.75  5888327.18   3.228760   0.000013   0.000197   -2.542
  472095.61  5888330.41   3.230704   0.000013   0.000198   -2.540
  472095.47  5888333.63   3.232635   0.000013   0.000199   -2.537
  472095.32  5888336.87   3.234555   0.000014   0.000200   -2.535
  472095.18  5888340.10   3.236464   0.000014   0.000202   -2.532
  472095.04  5888343.33   3.238361   0.000014   0.000203   -2.530
  472094.89  5888346.57   3.240247   0.000014   0.000204   -2.527
  472094.75  5888349.81   3.242121   0.000014   0.000205   -2.524
  472094.61  5888353.05   3.243984   0.000014   0.000206   -2.522
  472094.47  5888356.29   3.245836   0.000014   0.000207   -2.519
  472094.32  5888359.53   3.247676   0.000014   0.000209   -2.517
  472094.18  5888362.78   3.249504   0.000014   0.000210   -2.514
  472094.04  5888366.02   3.251321   0.000014   0.000211   -2.512
  472093.90  5888369.27   3.253127   0.000014   0.000212   -2.509
  472093.75  5888372.52   3.254921   0.000014   0.000213   -2.506
  472093.61  5888375.78   3.256704   0.000014   0.000215   -2.504
  472093.47  5888379.03   3.258475   0.000014   0.000216   -2.501
  472093.33  5888382.29   3.260235   0.000014   0.000217   -2.498
  472093.18  5888385.55   3.261983   0.000014   0.000218   -2.496
  472093.04  5888388.81   3.263720   0.000015   0.000219   -2.493
  472092.90  5888392.07   3.265445   0.000015   0.000220   -2.490
  472092.76  5888395.33   3.267159   0.000015   0.000222   -2.487
  472092.62  5888398.60   3.268862   0.000015   0.000223   -2.485
  472092.48  5888401.86   3.270553   0.000015   0.000224   -2.482
  472092.33  5888405.13   3.272233   0.000015   0.000225   -2.479
  472092.19  5888408.40   3.273901   0.000015   0.000226   -2.476
  472092.05  5888411.67   3.275558   0.000015   0.000228   -2.474
  472091.91  5888414.95   3.277203   0.000015   0.000229   -2.471
  472091.77  5888418.22   3.278837   0.000015   0.000230   -2.468
  472091.63  5888421.50   3.280459   0.000015   0.000231   -2.465
  472091.49  5888424.77   3.282070   0.000015   0.000232   -2.462
  472091.35  5888428.05   3.283669   0.000015   0.000234   -2.459
  472091.21  5888431.34   3.285257   0.000015   0.000235   -2.456
  472091.07  5888434.62   3.286834   0.000015   0.000236   -2.454
  472090.92  5888437.90   3.288399   0.000016   0.000237   -2.451
  472090.78  5888441.19   3.289953   0.000016   0.000238   -2.448
  472090.64  5888444.48   3.291495   0.000016   0.000240   -2.445
  472090.50  5888447.77   3.293026   0.000016   0.000241   -2.442
  472090.36  5888451.06   3.294545   0.000016   0.000242   -2.439
  472090.22  5888454.35   3.296053   0.000016   0.000243   -2.436
  472090.08  5888457.64   3.297549   0.000016   0.000244   -2.433
  472089.94  5888460.94   3.299034   0.000016   0.000246   -2.430
  472089.80  5888464.24   3.300507   0.000016   0.000247   -2.427
  472089.66  5888467.53   3.301969   0.000016   0.000248   -2.424
  472089.52  5888470.83   3.303420   0.000016   0.000249   -2.421
  472089.39  5888474.14   3.304859   0.000016   0.000250   -2.418
  472089.25  5888477.44   3.306287   0.000016   0.000252   -2.415
  472089.11  5888480.74   3.307703   0.000016   0.000253   -2.412
  472088.97  5888484.05   3.309108   0.000016   0.000254   -2.408
  472088.83  5888487.35   3.310501   0.000016   0.000255   -2.405
  472088.69  5888490.66   3.311883   0.000017   0.000257   -2.402
  472088.55  5888493.97   3.313253   0.000017   0.000258   -2.399
  472088.41  5888497.28   3.314612   0.000017   0.000259   -2.396
  472088.27  5888500.60   3.315960   0.000017   0.000260   -2.393
  472088.14  5888503.91   3.317296   0.000017   0.000261   -2.390
  472088.00  5888507.22   3.318621   0.000017   0.000263   -2.386
  472087.86  5888510.54   3.319934   0.000017   0.000264   -2.383
  472087.72  5888513.86   3.321236   0.000017   0.000265   -2.380
  472087.58  5888517.18   3.322526   0.000017   0.000266   -2.377
  472087.45  5888520.50   3.323805   0.000017   0.000268   -2.374
  472087.31  5888523.82   3.325072   0.000017   0.000269   -2.370
  472087.17  5888527.14   3.326328   0.000017   0.000270   -2.367
  472087.03  5888530.47   3.327573   0.000017   0.000271   -2.364
  472086.90  5888533.79   3.328806   0.000017   0.000273   -2.360
  472086.76  5888537.12   3.330027   0.000017   0.000274   -2.357
  472086.62  5888540.45   3.331237   0.000018   0.000275   -2.354
  472086.49  5888543.78   3.332436   0.000018   0.000276   -2.350
  472086.35  5888547.11   3.333623   0.000018   0.000278   -2.347
  472086.21  5888550.44   3.334799   0.000018   0.000279   -2.344
  472086.08  5888553.77   3.335963   0.000018   0.000280   -2.340
  472085.94  5888557.10   3.337116   0.000018   0.000281   -2.337
  472085.81  5888560.44   3.338258   0.000018   0.000283   -2.333
  472085.67  5888563.77   3.339388   0.000018   0.000284   -2.330
  472085.53  5888567.11   3.340506   0.000018   0.000285   -2.327
  472085.40  5888570.45   3.341614   0.000018   0.000286   -2.323
  472085.26  5888573.79   3.342709   0.000018   0.000288   -2.320
  472085.13  5888577.13   3.343793   0.000018   0.000289   -2.316
  472084.99  5888580.47   3.344866   0.000018   0.000290   -2.313
  472084.86  5888583.81   3.345928   0.000018   0.000291   -2.309
  472084.72  5888587.16   3.346977   0.000018   0.000293   -2.306
  472084.59  5888590.50   3.348016   0.000019   0.000294   -2.302
  472084.46  5888593.85   3.349043   0.000019   0.000295   -2.299
  472084.32  5888597.20   3.350058   0.000019   0.000296   -2.295
  472084.19  5888600.54   3.351063   0.000019   0.000298   -2.291
  472084.05  5888603.89   3.352055   0.000019   0.000299   -2.288
  472083.92  5888607.24   3.353036   0.000019   0.000300   -2.284
  472083.79  5888610.59   3.354006   0.000019   0.000302   -2.281
  472083.65  5888613.95   3.354965   0.000019   0.000303   -2.277
  472083.52  5888617.30   3.355911   0.000019   0.000304   -2.273
  472083.39  5888620.65   3.356847   0.000019   0.000305   -2.270
  472083.26  5888624.01   3.357771   0.000019   0.000307   -2.266
  472083.12  5888627.36   3.358684   0.000019   0.000308   -2.262
  472082.99  5888630.72   3.359585   0.000019   0.000309   -2.258
  472082.86  5888634.08   3.360474   0.000019   0.000311   -2.255
  472082.73  5888637.43   3.361353   0.000020   0.000312   -2.251
  472082.59  5888640.79   3.362219   0.000020   0.000313   -2.247
  472082.46  5888644.15   3.363075   0.000020   0.000316   -2.243
  472082.33  5888647.51   3.363917   0.000020   0.000318   -2.240
  472082.20  5888650.88   3.364747   0.000020   0.000317   -2.236
  472082.07  5888654.24   3.365570   0.000020   0.000313   -2.232
  472081.94  5888657.60   3.366385   0.000019   0.000310   -2.228
  472081.81  5888660.97   3.367193   0.000019   0.000306   -2.224
  472081.68  5888664.33   3.367992   0.000019   0.000302   -2.221
  472081.55  5888667.70   3.368784   0.000019   0.000298   -2.217
  472081.42  5888671.06   3.369568   0.000018   0.000295   -2.214
  472081.29  5888674.43   3.370345   0.000018   0.000291   -2.210
  472081.16  5888677.80   3.371114   0.000018   0.000287   -2.207
  472081.03  5888681.17   3.371875   0.000018   0.000283   -2.203
  472080.90  5888684.54   3.372628   0.000017   0.000280   -2.200
  472080.77  5888687.91   3.373373   0.000017   0.000276   -2.196
  472080.64  5888691.28   3.374111   0.000017   0.000272   -2.193
  472080.51  5888694.65   3.374841   0.000017   0.000269   -2.190
  472080.38  5888698.03   3.375563   0.000016   0.000265   -2.187
  472080.25  5888701.40   3.376278   0.000016   0.000261   -2.183
  472080.12  5888704.77   3.376984   0.000016   0.000258   -2.180
  472080.00  5888708.15   3.377683   0.000016   0.000254   -2.177
  472079.87  5888711.52   3.378375   0.000015   0.000250   -2.174
  472079.74  5888714.90   3.379058   0.000015   0.000246   -2.171
  472079.61  5888718.28   3.379734   0.000015   0.000243   -2.168
  472079.48  5888721.65   3.380402   0.000015   0.000238   -2.165
  472079.36  5888725.03   3.381060   0.000014   0.000234   -2.162
  472079.23  5888728.41   3.381710   0.000014   0.000232   -2.160
  472079.10  5888731.79   3.382357   0.000014   0.000231   -2.157
  472078.97  5888735.17   3.383001   0.000014   0.000230   -2.154
  472078.85  5888738.55   3.383642   0.000014   0.000229   -2.151
  472078.72  5888741.93   3.384281   0.000014   0.000228   -2.149
  472078.59  5888745.32   3.384916   0.000014   0.000227   -2.146
  472078.47  5888748.70   3.385549   0.000014   0.000226   -2.143
  472078.34  5888752.08   3.386178   0.000014   0.000225   -2.140
  472078.21  5888755.47   3.386805   0.000014   0.000225   -2.138
  472078.09  5888758.85   3.387428   0.000014   0.000224   -2.135
  472077.96  5888762.24   3.388049   0.000014   0.000223   -2.132
  472077.84  5888765.62   3.388667   0.000014   0.000222   -2.130
  472077.71  5888769.01   3.389282   0.000014   0.000221   -2.127
  472077.59  5888772.40   3.389894   0.000014   0.000220   -2.124
  472077.46  5888775.78   3.390503   0.000013   0.000219   -2.122
  472077.33  5888779.17   3.391109   0.000013   0.000218   -2.119
  472077.21  5888782.56   3.391712   0.000013   0.000217   -2.116
  472077.08  5888785.95   3.392312   0.000013   0.000217   -2.114
  472076.96  5888789.34   3.392909   0.000013   0.000216   -2.111
  472076.83  5888792.73   3.393503   0.000013   0.000215   -2.109
  472076.71  5888796.12   3.394095   0.000013   0.000214   -2.106
  472076.58  5888799.52   3.394683   0.000013   0.000213   -2.104
  472076.46  5888802.91   3.395268   0.000013   0.000212   -2.101
  472076.34  5888806.30   3.395851   0.000013   0.000211   -2.099
  472076.21  5888809.70   3.396431   0.000013   0.000210   -2.096
  472076.09  5888813.09   3.397007   0.000013   0.000209   -2.094
  472075.96  5888816.49   3.397581   0.000013   0.000209   -2.091
  472075.84  5888819.88   3.398152   0.000013   0.000208   -2.089
  472075.72  5888823.28   3.398719   0.000013   0.000207   -2.086
  472075.59  5888826.67   3.399284   0.000013   0.000206   -2.084
  472075.47  5888830.07   3.399846   0.000013   0.000205   -2.081
  472075.35  5888833.47   3.400405   0.000012   0.000204   -2.079
  472075.22  5888836.87   3.400961   0.000012   0.000203   -2.076
  472075.10  5888840.27   3.401514   0.000012   0.000202   -2.074
  472074.98  5888843.67   3.402064   0.000012   0.000201   -2.071
  472074.85  5888847.07   3.402612   0.000012   0.000201   -2.069
  472074.73  5888850.47   3.403156   0.000012   0.000200   -2.067
  472074.61  5888853.87   3.403697   0.000012   0.000199   -2.064
  472074.49  5888857.27   3.404236   0.000012   0.000198   -2.062
  472074.36  5888860.67   3.404771   0.000012   0.000197   -2.060
  472074.24  5888864.08   3.405303   0.000012   0.000196   -2.057
  472074.12  5888867.48   3.405833   0.000012   0.000195   -2.055
  472074.00  5888870.88   3.406360   0.000012   0.000194   -2.053
  472073.88  5888874.29   3.406883   0.000012   0.000194   -2.050
  472073.75  5888877.69   3.407404   0.000012   0.000193   -2.048
  472073.63  5888881.10   3.407922   0.000012   0.000192   -2.046
  472073.51  5888884.50   3.408437   0.000012   0.000191   -2.043
  472073.39  5888887.91   3.408949   0.000012   0.000190   -2.041
  472073.27  5888891.32   3.409458   0.000012   0.000189   -2.039
  472073.15  5888894.73   3.409964   0.000011   0.000188   -2.037
  472073.03  5888898.13   3.410467   0.000011   0.000187   -2.034
  472072.90  5888901.54   3.410967   0.000011   0.000187   -2.032
  472072.78  5888904.95   3.411464   0.000011   0.000186   -2.030
  472072.66  5888908.36   3.411958   0.000011   0.000185   -2.028
  472072.54  5888911.77   3.412450   0.000011   0.000184   -2.025
  472072.42  5888915.18   3.412938   0.000011   0.000183   -2.023
  472072.30  5888918.59   3.413423   0.000011   0.000182   -2.021
  472072.18  5888922.00   3.413906   0.000011   0.000181   -2.019
  472072.06  5888925.42   3.414385   0.000011   0.000181   -2.017
  472071.94  5888928.83   3.414862   0.000011   0.000180   -2.015
  472071.82  5888932.24   3.415336   0.000011   0.000179   -2.013
  472071.70  5888935.65   3.415806   0.000011   0.000178   -2.010
  472071.58  5888939.07   3.416274   0.000011   0.000177   -2.008
  472071.46  5888942.48   3.416739   0.000011   0.000176   -2.006
  472071.34  5888945.90   3.417201   0.000011   0.000175   -2.004
  472071.22  5888949.31   3.417660   0.000011   0.000174   -2.002
  472071.10  5888952.73   3.418116   0.000011   0.000174   -2.000
  472070.98  5888956.15   3.418569   0.000010   0.000173   -1.998
  472070.87  5888959.56   3.419019   0.000010   0.000172   -1.996
  472070.75  5888962.98   3.419466   0.000010   0.000171   -1.994
  472070.63  5888966.40   3.419910   0.000010   0.000170   -1.992
  472070.51  5888969.81   3.420352   0.000010   0.000169   -1.990
  472070.39  5888973.23   3.420790   0.000010   0.000168   -1.988
  472070.27  5888976.65   3.421225   0.000010   0.000168   -1.986
  472070.15  5888980.07   3.421658   0.000010   0.000167   -1.984
  472070.04  5888983.49   3.422087   0.000010   0.000166   -1.982
  472069.92  5888986.91   3.422514   0.000010   0.000165   -1.980
  472069.80  5888990.33   3.422937   0.000010   0.000164   -1.978
  472069.68  5888993.75   3.423358   0.000010   0.000163   -1.976
  472069.56  5888997.18   3.423776   0.000010   0.000162   -1.974
  472069.45  5889000.60   3.424191   0.000010   0.000162   -1.972
  472069.33  5889004.02   3.424602   0.000010   0.000161   -1.970
  472069.21  5889007.44   3.425011   0.000010   0.000160   -1.968
  472069.09  5889010.87   3.425417   0.000010   0.000159   -1.966
  472068.97  5889014.29   3.425820   0.000010   0.000158   -1.965
  472068.86  5889017.71   3.426220   0.000009   0.000157   -1.963
  472068.74  5889021.14   3.426617   0.000009   0.000156   -1.961
  472068.62  5889024.56   3.427012   0.000009   0.000156   -1.959
  472068.51  5889027.99   3.427403   0.000009   0.000155   -1.957
  472068.39  5889031.41   3.427791   0.000009   0.000154   -1.955
  472068.27  5889034.84   3.428176   0.000009   0.000153   -1.953
  472068.16  5889038.27   3.428559   0.000009   0.000152   -1.952
  472068.04  5889041.69   3.428938   0.000009   0.000151   -1.950
  472067.92  5889045.12   3.429315   0.000009   0.000150   -1.948
  472067.81  5889048.55   3.429688   0.000009   0.000150   -1.946
  472067.69  5889051.97   3.430059   0.000009   0.000149   -1.945
  472067.57  5889055.40   3.430427   0.000009   0.000148   -1.943
  472067.46  5889058.83   3.430791   0.000009   0.000147   -1.941
  472067.34  5889062.26   3.431153   0.000009   0.000146   -1.939
  472067.22  5889065.69   3.431512   0.000009   0.000145   -1.938
  472067.11  5889069.12   3.431868   0.000009   0.000144   -1.936
  472066.99  5889072.55   3.432221   0.000009   0.000144   -1.934
  472066.88  5889075.98   3.432571   0.000009   0.000143   -1.932
  472066.76  5889079.41   3.432918   0.000009   0.000142   -1.931
  472066.65  5889082.84   3.433262   0.000008   0.000141   -1.929
  472066.53  5889086.27   3.433603   0.000008   0.000140   -1.927
  472066.42  5889089.71   3.433941   0.000008   0.000139   -1.926
  472066.30  5889093.14   3.434276   0.000008   0.000138   -1.924
  472066.18  5889096.57   3.434609   0.000008   0.000138   -1.923
  472066.07  5889100.00   3.434938   0.000008   0.000137   -1.921
  472065.95  5889103.44   3.435265   0.000008   0.000136   -1.919
  472065.84  5889106.87   3.435588   0.000008   0.000135   -1.918
  472065.72  5889110.30   3.435909   0.000008   0.000134   -1.916
  472065.61  5889113.74   3.436226   0.000008   0.000133   -1.915
  472065.50  5889117.17   3.436541   0.000008   0.000133   -1.913
  472065.38  5889120.61   3.436853   0.000008   0.000132   -1.911
  472065.27  5889124.04   3.437161   0.000008   0.000131   -1.910
  472065.15  5889127.48   3.437467   0.000008   0.000130   -1.908
  472065.04  5889130.91   3.437770   0.000008   0.000129   -1.907
  472064.92  5889134.35   3.438070   0.000008   0.000128   -1.905
  472064.81  5889137.79   3.438367   0.000008   0.000127   -1.904
  472064.69  5889141.22   3.438661   0.000008   0.000127   -1.902
  472064.58  5889144.66   3.438952   0.000008   0.000126   -1.901
  472064.47  5889148.10   3.439240   0.000007   0.000125   -1.899
  472064.35  5889151.53   3.439525   0.000007   0.000124   -1.898
  472064.24  5889154.97   3.439807   0.000007   0.000123   -1.896
  472064.12  5889158.41   3.440087   0.000007   0.000122   -1.895
  472064.01  5889161.85   3.440363   0.000007   0.000122   -1.893
  472063.90  5889165.29   3.440636   0.000007   0.000121   -1.892
  472063.78  5889168.73   3.440907   0.000007   0.000120   -1.891
  472063.67  5889172.16   3.441174   0.000007   0.000119   -1.889
  472063.56  5889175.60   3.441439   0.000007   0.000118   -1.888
  472063.44  5889179.04   3.441700   0.000007   0.000117   -1.886
  472063.33  5889182.48   3.441959   0.000007   0.000116   -1.885
  472063.22  5889185.92   3.442215   0.000007   0.000116   -1.884
  472063.10  5889189.36   3.442468   0.000007   0.000115   -1.882
  472062.99  5889192.81   3.442717   0.000007   0.000114   -1.881
  472062.88  5889196.25   3.442964   0.000007   0.000113   -1.880
  472062.77  5889199.69   3.443208   0.000007   0.000112   -1.878
  472062.65  5889203.13   3.443449   0.000007   0.000111   -1.877
  472062.54  5889206.57   3.443687   0.000007   0.000111   -1.876
  472062.43  5889210.01   3.443922   0.000007   0.000110   -1.874
  472062.32  5889213.45   3.444154   0.000006   0.000109   -1.873
  472062.20  5889216.90   3.444384   0.000006   0.000108   -1.872
  472062.09  5889220.34   3.444610   0.000006   0.000107   -1.870
  472061.98  5889223.78   3.444833   0.000006   0.000106   -1.869
  472061.87  5889227.23   3.445053   0.000006   0.000106   -1.868
  472061.75  5889230.67   3.445271   0.000006   0.000105   -1.867
  472061.64  5889234.11   3.445485   0.000006   0.000104   -1.865
  472061.53  5889237.56   3.445697   0.000006   0.000103   -1.864
  472061.42  5889241.00   3.445905   0.000006   0.000102   -1.863
  472061.31  5889244.44   3.446111   0.000006   0.000101   -1.862
  472061.19  5889247.89   3.446314   0.000006   0.000101   -1.861
  472061.08  5889251.33   3.446513   0.000006   0.000100   -1.859
  472060.97  5889254.78   3.446710   0.000006   0.000099   -1.858
  472060.86  5889258.22   3.446904   0.000006   0.000098   -1.857
  472060.75  5889261.67   3.447095   0.000006   0.000097   -1.856
  472060.63  5889265.11   3.447283   0.000006   0.000096   -1.855
  472060.52  5889268.56   3.447468   0.000006   0.000095   -1.854
  472060.41  5889272.01   3.447650   0.000006   0.000095   -1.853
  472060.30  5889275.45   3.447829   0.000006   0.000094   -1.851
  472060.19  5889278.90   3.448005   0.000006   0.000093   -1.850
  472060.08  5889282.34   3.448178   0.000005   0.000092   -1.849
  472059.97  5889285.79   3.448348   0.000005   0.000091   -1.848
  472059.86  5889289.24   3.448515   0.000005   0.000090   -1.847
  472059.74  5889292.68   3.448680   0.000005   0.000090   -1.846
  472059.63  5889296.13   3.448841   0.000005   0.000089   -1.845
  472059.52  5889299.58   3.449000   0.000005   0.000088   -1.844
  472059.41  5889303.03   3.449155   0.000005   0.000087   -1.843
  472059.30  5889306.47   3.449308   0.000005   0.000086   -1.842
  472059.19  5889309.92   3.449457   0.000005   0.000085   -1.841
  472059.08  5889313.37   3.449604   0.000005   0.000085   -1.840
  472058.97  5889316.82   3.449747   0.000005   0.000084   -1.839
  472058.86  5889320.26   3.449888   0.000005   0.000083   -1.838
  472058.75  5889323.71   3.450026   0.000005   0.000082   -1.837
  472058.64  5889327.16   3.450161   0.000005   0.000081   -1.836
  472058.53  5889330.61   3.450293   0.000005   0.000080   -1.835
  472058.42  5889334.06   3.450422   0.000005   0.000080   -1.834
  472058.31  5889337.51   3.450548   0.000005   0.000079   -1.833
  472058.19  5889340.96   3.450671   0.000005   0.000078   -1.832
  472058.08  5889344.40   3.450791   0.000005   0.000077   -1.831
  472057.97  5889347.85   3.450908   0.000005   0.000076   -1.830
  472057.86  5889351.30   3.451022   0.000004   0.000075   -1.829
  472057.75  5889354.75   3.451133   0.000004   0.000075   -1.829
  472057.64  5889358.20   3.451242   0.000004   0.000074   -1.828
  472057.53  5889361.65   3.451347   0.000004   0.000073   -1.827
  472057.42  5889365.10   3.451449   0.000004   0.000072   -1.826
  472057.31  5889368.55   3.451549   0.000004   0.000071   -1.825
  472057.20  5889372.00   3.451645   0.000004   0.000070   -1.824
  472057.09  5889375.45   3.451739   0.000004   0.000070   -1.823
  472056.98  5889378.90   3.451830   0.000004   0.000069   -1.823
  472056.87  5889382.35   3.451917   0.000004   0.000068   -1.822
  472056.77  5889385.80   3.452002   0.000004   0.000067   -1.821
  472056.66  5889389.25   3.452084   0.000004   0.000066   -1.820
  472056.55  5889392.70   3.452162   0.000004   0.000066   -1.819
  472056.44  5889396.15   3.452238   0.000004   0.000065   -1.819
  472056.33  5889399.60   3.452311   0.000004   0.000064   -1.818
  472056.22  5889403.05   3.452381   0.000004   0.000063   -1.817
  472056.11  5889406.50   3.452448   0.000004   0.000062   -1.816
  472056.00  5889409.95   3.452512   0.000004   0.000061   -1.816
  472055.89  5889413.40   3.452573   0.000004   0.000061   -1.815
  472055.78  5889416.86   3.452632   0.000004   0.000060   -1.814
  472055.67  5889420.31   3.452687   0.000003   0.000059   -1.814
  472055.56  5889423.76   3.452739   0.000003   0.000058   -1.813
  472055.45  5889427.21   3.452788   0.000003   0.000057   -1.812
  472055.34  5889430.66   3.452835   0.000003   0.000056   -1.812
  472055.23  5889434.11   3.452878   0.000003   0.000056   -1.811
  472055.12  5889437.56   3.452919   0.000003   0.000055   -1.810
  472055.02  5889441.01   3.452956   0.000003   0.000054   -1.810
  472054.91  5889444.46   3.452991   0.000003   0.000053   -1.809
  472054.80  5889447.92   3.453022   0.000003   0.000052   -1.808
  472054.69  5889451.37   3.453051   0.000003   0.000051   -1.808
  472054.58  5889454.82   3.453077   0.000003   0.000051   -1.807
  472054.47  5889458.27   3.453100   0.000003   0.000050   -1.807
  472054.36  5889461.72   3.453119   0.000003   0.000049   -1.806
  472054.25  5889465.17   3.453136   0.000003   0.000048   -1.805
  472054.14  5889468.62   3.453150   0.000003   0.000047   -1.805
  472054.04  5889472.08   3.453161   0.000003   0.000046   -1.804
  472053.93  5889475.53   3.453169   0.000003   0.000046   -1.804
  472053.82  5889478.98   3.453174   0.000003   0.000045   -1.803
  472053.71  5889482.43   3.453176   0.000003   0.000044   -1.803
  472053.60  5889485.88   3.453176   0.000003   0.000043   -1.802
  472053.49  5889489.33   3.453172   0.000003   0.000042   -1.802
  472053.38  5889492.78   3.453165   0.000002   0.000041   -1.801
  472053.28  5889496.24   3.453155   0.000002   0.000041   -1.801
  472053.17  5889499.69   3.453143   0.000002   0.000040   -1.800
  472053.06  5889503.14   3.453127   0.000002   0.000039   -1.800
  472052.95  5889506.59   3.453109   0.000002   0.000038   -1.799
  472052.84  5889510.04   3.453087   0.000002   0.000037   -1.799
  472052.73  5889513.49   3.453063   0.000002   0.000037   -1.798
  472052.63  5889516.94   3.453035   0.000002   0.000036   -1.798
  472052.52  5889520.40   3.453005   0.000002   0.000035   -1.798
  472052.41  5889523.85   3.452972   0.000002   0.000034   -1.797
  472052.30  5889527.30   3.452936   0.000002   0.000033   -1.797
  472052.19  5889530.75   3.452896   0.000002   0.000032   -1.796
  472052.08  5889534.20   3.452854   0.000002   0.000032   -1.796
  472051.98  5889537.65   3.452809   0.000002   0.000031   -1.796
  472051.87  5889541.10   3.452761   0.000002   0.000030   -1.795
  472051.76  5889544.55   3.452707   0.000002   0.000029   -1.795
  472051.65  5889548.00   3.452651   0.000002   0.000028   -1.795
  472051.54  5889551.46   3.452597   0.000002   0.000027   -1.794
  472051.44  5889554.91   3.452546   0.000001   0.000025   -1.794
  472051.33  5889558.36   3.452497   0.000001   0.000024   -1.794
  472051.22  5889561.81   3.452452   0.000001   0.000022   -1.793
  472051.11  5889565.26   3.452410   0.000001   0.000021   -1.793
  472051.00  5889568.71   3.452371   0.000001   0.000019   -1.793
  472050.90  5889572.16   3.452334   0.000001   0.000018   -1.793
  472050.79  5889575.61   3.452301   0.000001   0.000016   -1.792
  472050.68  5889579.06   3.452270   0.000001   0.000015   -1.792
  472050.57  5889582.51   3.452242   0.000001   0.000013   -1.792
  472050.46  5889585.96   3.452218   0.000001   0.000012   -1.792
  472050.36  5889589.41   3.452196   0.000001   0.000010   -1.792
  472050.25  5889592.86   3.452177   0.000001   0.000009   -1.792
  472050.14  5889596.31   3.452161   0.000000   0.000007   -1.791
  472050.03  5889599.76   3.452148   0.000000   0.000006   -1.791
  472049.92  5889603.21   3.452137   0.000000   0.000004   -1.791
  472049.82  5889606.67   3.452130   0.000000   0.000003   -1.791
  472049.71  5889610.12   3.452127   0.000000   0.000001   -1.791
