  472171.00  5885433.49   2.095123   0.000000   0.000001    0.000
  472171.41  5885435.55   2.095965   0.000000   0.000001   11.244
  472171.82  5885437.60   2.097652   0.000000   0.000003   11.244
  472172.23  5885439.66   2.099345   0.000001   0.000004   11.244
  472172.64  5885441.72   2.101043   0.000001   0.000005   11.244
  472173.05  5885443.78   2.102747   0.000001   0.000007   11.244
  472173.46  5885445.85   2.104456   0.000001   0.000008   11.244
  472173.87  5885447.91   2.106172   0.000002   0.000009   11.243
  472174.28  5885449.98   2.107893   0.000002   0.000011   11.243
  472174.69  5885452.04   2.109619   0.000002   0.000012   11.243
  472175.10  5885454.11   2.111351   0.000002   0.000014   11.243
  472175.51  5885456.19   2.113089   0.000002   0.000015   11.243
  472175.92  5885458.26   2.114832   0.000003   0.000016   11.242
  472176.34  5885460.34   2.116581   0.000003   0.000018   11.242
  472176.75  5885462.41   2.118336   0.000003   0.000019   11.242
  472177.16  5885464.49   2.120096   0.000003   0.000020   11.241
  472177.58  5885466.57   2.121862   0.000003   0.000022   11.241
  472177.99  5885468.65   2.123634   0.000004   0.000023   11.241
  472178.40  5885470.74   2.125411   0.000004   0.000024   11.240
  472178.82  5885472.82   2.127194   0.000004   0.000026   11.240
  472179.23  5885474.91   2.128982   0.000004   0.000027   11.239
  472179.65  5885477.00   2.130776   0.000004   0.000028   11.239
  472180.06  5885479.09   2.132576   0.000005   0.000030   11.238
  472180.48  5885481.18   2.134382   0.000005   0.000031   11.238
  472180.89  5885483.28   2.136193   0.000005   0.000032   11.237
  472181.31  5885485.37   2.138009   0.000005   0.000034   11.236
  472181.73  5885487.47   2.139831   0.000005   0.000035   11.236
  472182.15  5885489.57   2.141659   0.000006   0.000036   11.235
  472182.56  5885491.67   2.143493   0.000006   0.000038   11.234
  472182.98  5885493.77   2.145332   0.000006   0.000039   11.234
  472183.40  5885495.88   2.147177   0.000006   0.000040   11.233
  472183.82  5885497.99   2.149027   0.000006   0.000042   11.232
  472184.24  5885500.10   2.150883   0.000007   0.000043   11.231
  472184.65  5885502.21   2.152745   0.000007   0.000044   11.231
  472185.07  5885504.32   2.154613   0.000007   0.000046   11.230
  472185.49  5885506.43   2.156486   0.000007   0.000047   11.229
  472185.91  5885508.55   2.158364   0.000007   0.000048   11.228
  472186.33  5885510.67   2.160248   0.000008   0.000050   11.227
  472186.76  5885512.79   2.162138   0.000008   0.000051   11.226
  472187.18  5885514.91   2.164034   0.000008   0.000052   11.225
  472187.60  5885517.03   2.165935   0.000008   0.000053   11.224
  472188.02  5885519.16   2.167842   0.000008   0.000055   11.223
  472188.44  5885521.28   2.169754   0.000008   0.000056   11.222
  472188.86  5885523.41   2.171672   0.000009   0.000057   11.221
  472189.29  5885525.55   2.173596   0.000009   0.000059   11.220
  472189.71  5885527.68   2.175525   0.000009   0.000060   11.219
  472190.13  5885529.81   2.177460   0.000009   0.000061   11.218
  472190.56  5885531.95   2.179401   0.000009   0.000063   11.217
  472190.98  5885534.09   2.181347   0.000009   0.000064   11.216
  472191.41  5885536.23   2.183299   0.000010   0.000065   11.214
  472191.83  5885538.37   2.185257   0.000010   0.000067   11.213
  472192.26  5885540.52   2.187220   0.000010   0.000068   11.212
  472192.68  5885542.66   2.189189   0.000010   0.000069   11.211
  472193.11  5885544.81   2.191163   0.000010   0.000070   11.209
  472193.53  5885546.96   2.193143   0.000011   0.000072   11.208
  472193.96  5885549.11   2.195129   0.000011   0.000073   11.207
  472194.39  5885551.27   2.197120   0.000011   0.000074   11.205
  472194.81  5885553.42   2.199117   0.000011   0.000076   11.204
  472195.24  5885555.58   2.201120   0.000011   0.000077   11.203
  472195.67  5885557.74   2.203128   0.000011   0.000078   11.201
  472196.10  5885559.90   2.205142   0.000012   0.000079   11.200
  472196.52  5885562.07   2.207162   0.000012   0.000081   11.198
  472196.95  5885564.24   2.209187   0.000012   0.000082   11.197
  472197.38  5885566.40   2.211218   0.000012   0.000083   11.195
  472197.81  5885568.57   2.213254   0.000012   0.000085   11.194
  472198.24  5885570.75   2.215296   0.000012   0.000086   11.192
  472198.67  5885572.92   2.217344   0.000013   0.000087   11.191
  472199.10  5885575.10   2.219397   0.000013   0.000088   11.189
  472199.53  5885577.27   2.221456   0.000013   0.000090   11.187
  472199.96  5885579.45   2.223521   0.000013   0.000091   11.186
  472200.40  5885581.64   2.225591   0.000013   0.000092   11.184
  472200.83  5885583.82   2.227667   0.000013   0.000093   11.183
  472201.26  5885586.01   2.229749   0.000013   0.000095   11.181
  472201.69  5885588.20   2.231836   0.000014   0.000096   11.179
  472202.12  5885590.39   2.233929   0.000014   0.000097   11.177
  472202.56  5885592.58   2.236027   0.000014   0.000098   11.176
  472202.99  5885594.77   2.238131   0.000014   0.000100   11.174
  472203.43  5885596.97   2.240241   0.000014   0.000101   11.172
  472203.86  5885599.17   2.242356   0.000014   0.000102   11.170
  472204.29  5885601.37   2.244477   0.000015   0.000103   11.168
  472204.73  5885603.57   2.246604   0.000015   0.000105   11.166
  472205.16  5885605.78   2.248736   0.000015   0.000106   11.165
  472205.60  5885607.99   2.250874   0.000015   0.000107   11.163
  472206.04  5885610.20   2.253018   0.000015   0.000108   11.161
  472206.47  5885612.41   2.255167   0.000015   0.000110   11.159
  472206.91  5885614.62   2.257322   0.000015   0.000111   11.157
  472207.35  5885616.84   2.259482   0.000016   0.000112   11.155
  472207.78  5885619.05   2.261648   0.000016   0.000113   11.153
  472208.22  5885621.27   2.263820   0.000016   0.000115   11.151
  472208.66  5885623.50   2.265997   0.000016   0.000116   11.149
  472209.10  5885625.72   2.268180   0.000016   0.000117   11.147
  472209.54  5885627.95   2.270369   0.000016   0.000118   11.145
  472209.97  5885630.18   2.272563   0.000016   0.000120   11.142
  472210.41  5885632.41   2.274763   0.000017   0.000121   11.140
  472210.85  5885634.64   2.276969   0.000017   0.000122   11.138
  472211.29  5885636.87   2.279180   0.000017   0.000123   11.136
  472211.73  5885639.11   2.281397   0.000017   0.000125   11.134
  472212.17  5885641.35   2.283620   0.000017   0.000126   11.132
  472212.61  5885643.59   2.285848   0.000017   0.000127   11.129
  472213.06  5885645.84   2.288082   0.000017   0.000128   11.127
  472213.50  5885648.08   2.290321   0.000017   0.000129   11.125
  472213.94  5885650.33   2.292566   0.000018   0.000131   11.123
  472214.38  5885652.58   2.294817   0.000018   0.000132   11.120
  472214.83  5885654.84   2.297073   0.000018   0.000133   11.118
  472215.27  5885657.09   2.299335   0.000018   0.000134   11.116
  472215.71  5885659.35   2.301603   0.000018   0.000135   11.113
  472216.16  5885661.61   2.303876   0.000018   0.000137   11.111
  472216.60  5885663.87   2.306155   0.000018   0.000138   11.108
  472217.04  5885666.13   2.308440   0.000018   0.000139   11.106
  472217.49  5885668.40   2.310730   0.000019   0.000140   11.104
  472217.93  5885670.67   2.313026   0.000019   0.000142   11.101
  472218.38  5885672.94   2.315327   0.000019   0.000143   11.099
  472218.83  5885675.21   2.317634   0.000019   0.000144   11.096
  472219.27  5885677.49   2.319947   0.000019   0.000145   11.094
  472219.72  5885679.77   2.322265   0.000019   0.000146   11.091
  472220.16  5885682.05   2.324589   0.000019   0.000148   11.088
  472220.61  5885684.33   2.326919   0.000019   0.000149   11.086
  472221.06  5885686.61   2.329254   0.000020   0.000150   11.083
  472221.51  5885688.90   2.331595   0.000020   0.000151   11.081
  472221.96  5885691.19   2.333942   0.000020   0.000152   11.078
  472222.40  5885693.48   2.336294   0.000020   0.000153   11.075
  472222.85  5885695.77   2.338652   0.000020   0.000155   11.073
  472223.30  5885698.07   2.341016   0.000020   0.000156   11.070
  472223.75  5885700.37   2.343385   0.000020   0.000157   11.067
  472224.20  5885702.67   2.345760   0.000020   0.000158   11.065
  472224.65  5885704.97   2.348140   0.000020   0.000159   11.062
  472225.10  5885707.28   2.350526   0.000021   0.000160   11.059
  472225.55  5885709.59   2.352918   0.000021   0.000162   11.056
  472226.01  5885711.90   2.355316   0.000021   0.000163   11.054
  472226.46  5885714.21   2.357719   0.000021   0.000164   11.051
  472226.91  5885716.53   2.360127   0.000021   0.000165   11.048
  472227.36  5885718.84   2.362542   0.000021   0.000166   11.045
  472227.81  5885721.16   2.364962   0.000021   0.000167   11.042
  472228.27  5885723.49   2.367387   0.000021   0.000169   11.039
  472228.72  5885725.81   2.369818   0.000021   0.000170   11.037
  472229.17  5885728.14   2.372255   0.000021   0.000171   11.034
  472229.63  5885730.47   2.374698   0.000022   0.000172   11.031
  472230.08  5885732.80   2.377146   0.000022   0.000173   11.028
  472230.54  5885735.13   2.379600   0.000022   0.000174   11.025
  472230.99  5885737.47   2.382059   0.000022   0.000176   11.022
  472231.45  5885739.81   2.384525   0.000022   0.000177   11.019
  472231.90  5885742.15   2.386995   0.000022   0.000178   11.016
  472232.36  5885744.50   2.389472   0.000022   0.000179   11.013
  472232.82  5885746.84   2.391954   0.000022   0.000180   11.010
  472233.27  5885749.19   2.394442   0.000022   0.000181   11.007
  472233.73  5885751.54   2.396935   0.000022   0.000182   11.004
  472234.19  5885753.90   2.399434   0.000023   0.000184   11.001
  472234.65  5885756.25   2.401939   0.000023   0.000185   10.998
  472235.11  5885758.61   2.404449   0.000023   0.000186   10.994
  472235.56  5885760.98   2.406965   0.000023   0.000187   10.991
  472236.02  5885763.34   2.409486   0.000023   0.000188   10.988
  472236.48  5885765.71   2.412014   0.000023   0.000189   10.985
  472236.94  5885768.07   2.414547   0.000023   0.000190   10.982
  472237.40  5885770.45   2.417085   0.000023   0.000191   10.979
  472237.86  5885772.82   2.419629   0.000023   0.000193   10.975
  472238.32  5885775.20   2.422179   0.000023   0.000194   10.972
  472238.78  5885777.58   2.424735   0.000023   0.000195   10.969
  472239.25  5885779.96   2.427296   0.000024   0.000196   10.966
  472239.71  5885782.34   2.429862   0.000024   0.000197   10.962
  472240.17  5885784.73   2.432435   0.000024   0.000198   10.959
  472240.63  5885787.12   2.435013   0.000024   0.000199   10.956
  472241.10  5885789.51   2.437597   0.000024   0.000200   10.953
  472241.56  5885791.91   2.440186   0.000024   0.000202   10.949
  472242.02  5885794.30   2.442781   0.000024   0.000203   10.946
  472242.49  5885796.70   2.445382   0.000024   0.000204   10.943
  472242.95  5885799.10   2.447988   0.000024   0.000205   10.939
  472243.42  5885801.51   2.450600   0.000024   0.000206   10.936
  472243.88  5885803.92   2.453217   0.000024   0.000207   10.932
  472244.35  5885806.33   2.455841   0.000024   0.000208   10.929
  472244.81  5885808.74   2.458470   0.000024   0.000209   10.925
  472245.28  5885811.15   2.461104   0.000025   0.000210   10.922
  472245.74  5885813.57   2.463744   0.000025   0.000211   10.919
  472246.21  5885815.99   2.466390   0.000025   0.000212   10.915
  472246.68  5885818.42   2.469042   0.000025   0.000214   10.912
  472247.15  5885820.84   2.471699   0.000025   0.000215   10.908
  472247.61  5885823.27   2.474362   0.000025   0.000216   10.905
  472248.08  5885825.70   2.477030   0.000025   0.000217   10.901
  472248.55  5885828.13   2.479704   0.000025   0.000218   10.898
  472249.02  5885830.57   2.482384   0.000025   0.000219   10.894
  472249.49  5885833.01   2.485069   0.000025   0.000220   10.890
  472249.96  5885835.45   2.487760   0.000025   0.000221   10.887
  472250.43  5885837.90   2.490457   0.000025   0.000222   10.883
  472250.90  5885840.34   2.493159   0.000025   0.000223   10.880
  472251.37  5885842.79   2.495867   0.000025   0.000224   10.876
  472251.84  5885845.24   2.498581   0.000025   0.000224   10.872
  472252.31  5885847.70   2.501313   0.000025   0.000224   10.869
  472252.78  5885850.16   2.504051   0.000026   0.000227   10.865
  472253.25  5885852.62   2.506769   0.000026   0.000232   10.861
  472253.73  5885855.08   2.509466   0.000027   0.000237   10.858
  472254.20  5885857.55   2.512144   0.000027   0.000242   10.854
  472254.67  5885860.02   2.514801   0.000028   0.000247   10.850
  472255.15  5885862.49   2.517439   0.000028   0.000252   10.846
  472255.62  5885864.96   2.520056   0.000029   0.000257   10.842
  472256.09  5885867.44   2.522653   0.000029   0.000262   10.838
  472256.57  5885869.92   2.525231   0.000030   0.000267   10.833
  472257.04  5885872.40   2.527788   0.000030   0.000272   10.829
  472257.52  5885874.88   2.530325   0.000031   0.000277   10.825
  472257.99  5885877.37   2.532842   0.000031   0.000282   10.820
  472258.47  5885879.86   2.535339   0.000032   0.000287   10.816
  472258.94  5885882.35   2.537816   0.000032   0.000292   10.811
  472259.42  5885884.84   2.540273   0.000033   0.000297   10.807
  472259.90  5885887.34   2.542713   0.000033   0.000302   10.802
  472260.37  5885889.84   2.545133   0.000033   0.000307   10.797
  472260.85  5885892.34   2.547526   0.000034   0.000312   10.792
  472261.33  5885894.84   2.549892   0.000034   0.000317   10.787
  472261.80  5885897.35   2.552230   0.000035   0.000322   10.782
  472262.28  5885899.86   2.554540   0.000035   0.000327   10.777
  472262.76  5885902.37   2.556823   0.000036   0.000332   10.772
  472263.24  5885904.88   2.559078   0.000036   0.000337   10.767
  472263.72  5885907.40   2.561306   0.000037   0.000342   10.761
  472264.19  5885909.91   2.563507   0.000037   0.000347   10.756
  472264.67  5885912.43   2.565680   0.000038   0.000352   10.751
  472265.15  5885914.96   2.567825   0.000038   0.000357   10.745
  472265.63  5885917.48   2.569943   0.000039   0.000362   10.739
  472266.11  5885920.01   2.572034   0.000039   0.000367   10.734
  472266.59  5885922.53   2.574097   0.000040   0.000372   10.728
  472267.07  5885925.06   2.576132   0.000040   0.000377   10.722
  472267.55  5885927.60   2.578140   0.000041   0.000382   10.716
  472268.03  5885930.13   2.580121   0.000041   0.000387   10.710
  472268.50  5885932.67   2.582074   0.000042   0.000392   10.704
  472268.98  5885935.20   2.583999   0.000042   0.000397   10.698
  472269.46  5885937.74   2.585897   0.000043   0.000402   10.692
  472269.94  5885940.29   2.587768   0.000043   0.000407   10.685
  472270.42  5885942.83   2.589611   0.000043   0.000412   10.679
  472270.90  5885945.38   2.591426   0.000044   0.000417   10.673
  472271.38  5885947.92   2.593215   0.000044   0.000422   10.666
  472271.86  5885950.47   2.594975   0.000045   0.000427   10.659
  472272.34  5885953.02   2.596708   0.000045   0.000432   10.653
  472272.82  5885955.58   2.598414   0.000046   0.000438   10.646
  472273.30  5885958.13   2.600092   0.000046   0.000443   10.639
  472273.78  5885960.69   2.601743   0.000047   0.000448   10.632
  472274.26  5885963.25   2.603366   0.000047   0.000453   10.625
  472274.74  5885965.80   2.604962   0.000048   0.000458   10.618
  472275.22  5885968.37   2.606531   0.000048   0.000463   10.611
  472275.70  5885970.93   2.608071   0.000049   0.000468   10.604
  472276.18  5885973.49   2.609585   0.000049   0.000473   10.597
  472276.66  5885976.06   2.611071   0.000050   0.000479   10.589
  472277.14  5885978.63   2.612529   0.000050   0.000484   10.582
  472277.62  5885981.20   2.613960   0.000051   0.000489   10.574
  472278.10  5885983.77   2.615364   0.000051   0.000494   10.567
  472278.58  5885986.34   2.616740   0.000052   0.000499   10.559
  472279.06  5885988.91   2.618089   0.000052   0.000504   10.551
  472279.54  5885991.49   2.619410   0.000053   0.000510   10.544
  472280.02  5885994.06   2.620704   0.000053   0.000515   10.536
  472280.50  5885996.64   2.621970   0.000053   0.000520   10.528
  472280.97  5885999.22   2.623209   0.000054   0.000525   10.520
  472281.45  5886001.80   2.624420   0.000054   0.000531   10.512
  472281.93  5886004.38   2.625604   0.000055   0.000536   10.503
  472282.41  5886006.96   2.626761   0.000055   0.000541   10.495
  472282.89  5886009.54   2.627890   0.000056   0.000546   10.487
  472283.37  5886012.13   2.628991   0.000056   0.000552   10.478
  472283.84  5886014.71   2.630065   0.000057   0.000557   10.470
  472284.32  5886017.30   2.631112   0.000057   0.000562   10.461
  472284.80  5886019.89   2.632131   0.000058   0.000567   10.453
  472285.28  5886022.48   2.633123   0.000058   0.000573   10.444
  472285.75  5886025.07   2.634088   0.000059   0.000578   10.435
  472286.23  5886027.66   2.635025   0.000059   0.000583   10.426
  472286.71  5886030.25   2.635934   0.000060   0.000589   10.417
  472287.18  5886032.84   2.636816   0.000060   0.000594   10.408
  472287.66  5886035.44   2.637671   0.000061   0.000599   10.399
  472288.13  5886038.03   2.638498   0.000061   0.000605   10.390
  472288.61  5886040.63   2.639298   0.000062   0.000610   10.381
  472289.09  5886043.22   2.640071   0.000062   0.000616   10.371
  472289.56  5886045.82   2.640816   0.000063   0.000621   10.362
  472290.03  5886048.42   2.641533   0.000063   0.000626   10.352
  472290.51  5886051.02   2.642223   0.000064   0.000632   10.343
  472290.98  5886053.62   2.642886   0.000065   0.000637   10.333
  472291.46  5886056.22   2.643521   0.000065   0.000643   10.323
  472291.93  5886058.82   2.644129   0.000066   0.000648   10.313
  472292.40  5886061.42   2.644710   0.000066   0.000654   10.303
  472292.88  5886064.02   2.645263   0.000067   0.000659   10.293
  472293.35  5886066.63   2.645789   0.000067   0.000665   10.283
  472293.82  5886069.23   2.646287   0.000068   0.000670   10.273
  472294.29  5886071.84   2.646758   0.000068   0.000676   10.263
  472294.76  5886074.44   2.647202   0.000069   0.000681   10.253
  472295.23  5886077.05   2.647618   0.000069   0.000687   10.242
  472295.70  5886079.65   2.648006   0.000070   0.000692   10.232
  472296.17  5886082.26   2.648368   0.000070   0.000698   10.221
  472296.64  5886084.86   2.648702   0.000071   0.000703   10.210
  472297.11  5886087.47   2.649008   0.000071   0.000709   10.200
  472297.58  5886090.08   2.649287   0.000072   0.000715   10.189
  472298.05  5886092.69   2.649539   0.000073   0.000720   10.178
  472298.52  5886095.29   2.649764   0.000073   0.000726   10.167
  472298.98  5886097.90   2.649961   0.000074   0.000732   10.156
  472299.45  5886100.51   2.650130   0.000074   0.000737   10.144
  472299.92  5886103.12   2.650273   0.000075   0.000743   10.133
  472300.38  5886105.73   2.650388   0.000075   0.000749   10.122
  472300.85  5886108.34   2.650475   0.000076   0.000754   10.110
  472301.31  5886110.95   2.650535   0.000077   0.000760   10.099
  472301.78  5886113.56   2.650568   0.000077   0.000766   10.087
  472302.24  5886116.17   2.650574   0.000078   0.000772   10.076
  472302.70  5886118.78   2.650552   0.000078   0.000777   10.064
  472303.17  5886121.39   2.650502   0.000079   0.000783   10.052
  472303.63  5886124.00   2.650426   0.000079   0.000789   10.040
  472304.09  5886126.61   2.650322   0.000080   0.000795   10.028
  472304.55  5886129.22   2.650191   0.000081   0.000801   10.016
  472305.01  5886131.83   2.650032   0.000081   0.000807   10.003
  472305.47  5886134.44   2.649846   0.000082   0.000812    9.991
  472305.93  5886137.05   2.649633   0.000082   0.000818    9.979
  472306.39  5886139.66   2.649392   0.000083   0.000824    9.966
  472306.85  5886142.26   2.649124   0.000084   0.000830    9.954
  472307.30  5886144.87   2.648828   0.000084   0.000836    9.941
  472307.76  5886147.48   2.648506   0.000085   0.000842    9.928
  472308.22  5886150.09   2.648156   0.000086   0.000848    9.915
  472308.67  5886152.70   2.647778   0.000086   0.000854    9.902
  472309.13  5886155.31   2.647374   0.000087   0.000860    9.889
  472309.58  5886157.92   2.646942   0.000087   0.000866    9.876
  472310.03  5886160.52   2.646483   0.000088   0.000872    9.863
  472310.49  5886163.13   2.645996   0.000089   0.000878    9.849
  472310.94  5886165.74   2.645482   0.000089   0.000885    9.836
  472311.39  5886168.34   2.644941   0.000090   0.000891    9.822
  472311.84  5886170.95   2.644372   0.000091   0.000897    9.809
  472312.29  5886173.56   2.643777   0.000091   0.000903    9.795
  472312.74  5886176.16   2.643154   0.000092   0.000909    9.781
  472313.19  5886178.77   2.642503   0.000093   0.000915    9.767
  472313.64  5886181.37   2.641825   0.000093   0.000922    9.753
  472314.08  5886183.97   2.641120   0.000094   0.000928    9.739
  472314.53  5886186.58   2.640388   0.000095   0.000934    9.725
  472314.97  5886189.18   2.639629   0.000095   0.000940    9.710
  472315.42  5886191.78   2.638842   0.000096   0.000947    9.696
  472315.86  5886194.38   2.638028   0.000097   0.000953    9.682
  472316.30  5886196.98   2.637186   0.000098   0.000959    9.667
  472316.75  5886199.58   2.636318   0.000098   0.000966    9.652
  472317.19  5886202.18   2.635422   0.000099   0.000972    9.637
  472317.63  5886204.78   2.634499   0.000100   0.000979    9.622
  472318.07  5886207.37   2.633548   0.000100   0.000985    9.607
  472318.51  5886209.97   2.632571   0.000101   0.000991    9.592
  472318.94  5886212.57   2.631566   0.000102   0.000998    9.577
  472319.38  5886215.16   2.630534   0.000103   0.001004    9.562
  472319.82  5886217.75   2.629474   0.000103   0.001011    9.546
  472320.25  5886220.35   2.628388   0.000104   0.001018    9.530
  472320.69  5886222.94   2.627274   0.000105   0.001024    9.515
  472321.12  5886225.53   2.626133   0.000106   0.001031    9.499
  472321.55  5886228.12   2.624964   0.000106   0.001037    9.483
  472321.99  5886230.71   2.623769   0.000107   0.001044    9.467
  472322.42  5886233.29   2.622546   0.000108   0.001051    9.451
  472322.85  5886235.88   2.621296   0.000109   0.001057    9.435
  472323.27  5886238.47   2.620019   0.000110   0.001064    9.418
  472323.70  5886241.05   2.618715   0.000110   0.001071    9.402
  472324.13  5886243.63   2.617383   0.000111   0.001078    9.385
  472324.56  5886246.22   2.616024   0.000112   0.001085    9.369
  472324.98  5886248.80   2.614638   0.000113   0.001091    9.352
  472325.40  5886251.37   2.613225   0.000114   0.001098    9.335
  472325.83  5886253.95   2.611785   0.000115   0.001105    9.318
  472326.25  5886256.53   2.610317   0.000115   0.001112    9.301
  472326.67  5886259.11   2.608822   0.000116   0.001119    9.284
  472327.09  5886261.68   2.607301   0.000117   0.001126    9.266
  472327.51  5886264.25   2.605752   0.000118   0.001133    9.249
  472327.93  5886266.82   2.604175   0.000119   0.001140    9.231
  472328.34  5886269.39   2.602572   0.000120   0.001147    9.213
  472328.76  5886271.96   2.600941   0.000121   0.001154    9.195
  472329.17  5886274.53   2.599284   0.000122   0.001161    9.178
  472329.59  5886277.09   2.597599   0.000122   0.001168    9.159
  472330.00  5886279.66   2.595887   0.000123   0.001176    9.141
  472330.41  5886282.22   2.594148   0.000124   0.001183    9.123
  472330.82  5886284.78   2.592382   0.000125   0.001190    9.104
  472331.23  5886287.34   2.590588   0.000126   0.001197    9.086
  472331.64  5886289.90   2.588768   0.000127   0.001205    9.067
  472332.05  5886292.45   2.586920   0.000128   0.001212    9.048
  472332.45  5886295.01   2.585046   0.000129   0.001219    9.029
  472332.86  5886297.56   2.583144   0.000130   0.001227    9.010
  472333.26  5886300.11   2.581215   0.000131   0.001234    8.991
  472333.66  5886302.66   2.579259   0.000132   0.001242    8.972
  472334.06  5886305.20   2.577276   0.000133   0.001249    8.952
  472334.46  5886307.75   2.575266   0.000134   0.001257    8.932
  472334.86  5886310.29   2.573229   0.000135   0.001264    8.913
  472335.26  5886312.83   2.571164   0.000136   0.001272    8.893
  472335.66  5886315.37   2.569073   0.000137   0.001279    8.873
  472336.05  5886317.91   2.566954   0.000138   0.001287    8.852
  472336.45  5886320.45   2.564809   0.000139   0.001295    8.832
  472336.84  5886322.98   2.562636   0.000140   0.001302    8.812
  472337.23  5886325.51   2.560437   0.000141   0.001310    8.791
  472337.62  5886328.04   2.558210   0.000142   0.001318    8.770
  472338.01  5886330.57   2.555957   0.000143   0.001326    8.750
  472338.40  5886333.09   2.553676   0.000145   0.001334    8.729
  472338.78  5886335.62   2.551368   0.000146   0.001342    8.707
  472339.17  5886338.14   2.549034   0.000147   0.001349    8.686
  472339.55  5886340.66   2.546672   0.000148   0.001357    8.665
  472339.94  5886343.17   2.544283   0.000149   0.001365    8.643
  472340.32  5886345.69   2.541868   0.000150   0.001374    8.621
  472340.70  5886348.20   2.539425   0.000151   0.001382    8.599
  472341.07  5886350.71   2.536955   0.000153   0.001390    8.577
  472341.45  5886353.22   2.534459   0.000154   0.001398    8.555
  472341.83  5886355.72   2.531930   0.000155   0.001406    8.533
  472342.20  5886358.22   2.529375   0.000156   0.001414    8.510
  472342.58  5886360.72   2.526802   0.000158   0.001424    8.488
  472342.95  5886363.22   2.524212   0.000159   0.001433    8.465
  472343.32  5886365.72   2.521605   0.000160   0.001442    8.442
  472343.69  5886368.21   2.518982   0.000162   0.001452    8.419
  472344.05  5886370.70   2.516341   0.000163   0.001461    8.395
  472344.42  5886373.19   2.513683   0.000165   0.001470    8.372
  472344.79  5886375.68   2.511008   0.000166   0.001480    8.348
  472345.15  5886378.16   2.508316   0.000167   0.001489    8.324
  472345.51  5886380.64   2.505607   0.000169   0.001499    8.300
  472345.87  5886383.12   2.502880   0.000170   0.001508    8.276
  472346.23  5886385.59   2.500137   0.000172   0.001518    8.251
  472346.59  5886388.07   2.497377   0.000173   0.001528    8.227
  472346.94  5886390.54   2.494600   0.000175   0.001537    8.202
  472347.30  5886393.00   2.491806   0.000176   0.001547    8.177
  472347.65  5886395.47   2.488995   0.000178   0.001557    8.152
  472348.00  5886397.93   2.486166   0.000179   0.001566    8.127
  472348.35  5886400.39   2.483321   0.000181   0.001576    8.101
  472348.70  5886402.85   2.480459   0.000182   0.001586    8.075
  472349.05  5886405.30   2.477580   0.000184   0.001596    8.050
  472349.39  5886407.76   2.474684   0.000185   0.001606    8.023
  472349.74  5886410.21   2.471771   0.000187   0.001615    7.997
  472350.08  5886412.65   2.468842   0.000189   0.001625    7.971
  472350.42  5886415.10   2.465895   0.000190   0.001635    7.944
  472350.76  5886417.54   2.462931   0.000192   0.001645    7.917
  472351.10  5886419.97   2.459951   0.000193   0.001656    7.890
  472351.44  5886422.41   2.456954   0.000195   0.001666    7.863
  472351.77  5886424.84   2.453939   0.000197   0.001676    7.835
  472352.10  5886427.27   2.450908   0.000198   0.001686    7.808
  472352.44  5886429.70   2.447860   0.000200   0.001696    7.780
  472352.77  5886432.12   2.444796   0.000202   0.001706    7.752
  472353.09  5886434.54   2.441714   0.000204   0.001717    7.723
  472353.42  5886436.96   2.438616   0.000205   0.001727    7.695
  472353.75  5886439.38   2.435500   0.000207   0.001737    7.666
  472354.07  5886441.79   2.432368   0.000209   0.001748    7.637
  472354.39  5886444.20   2.429220   0.000211   0.001758    7.608
  472354.71  5886446.61   2.426054   0.000213   0.001769    7.579
  472355.03  5886449.01   2.422872   0.000214   0.001779    7.549
  472355.35  5886451.41   2.419673   0.000216   0.001790    7.520
  472355.66  5886453.81   2.416457   0.000218   0.001801    7.490
  472355.98  5886456.20   2.413224   0.000220   0.001813    7.459
  472356.29  5886458.59   2.409972   0.000222   0.001825    7.429
  472356.60  5886460.98   2.406702   0.000224   0.001833    7.398
  472356.91  5886463.37   2.403423   0.000225   0.001838    7.368
  472357.21  5886465.75   2.400134   0.000226   0.001843    7.337
  472357.52  5886468.13   2.396835   0.000228   0.001849    7.305
  472357.82  5886470.50   2.393526   0.000229   0.001854    7.274
  472358.12  5886472.88   2.390208   0.000230   0.001860    7.243
  472358.42  5886475.25   2.386879   0.000231   0.001865    7.211
  472358.72  5886477.61   2.383541   0.000233   0.001871    7.180
  472359.02  5886479.98   2.380193   0.000234   0.001876    7.148
  472359.31  5886482.34   2.376835   0.000236   0.001882    7.116
  472359.60  5886484.69   2.373468   0.000237   0.001887    7.084
  472359.90  5886487.05   2.370090   0.000238   0.001893    7.052
  472360.18  5886489.40   2.366703   0.000240   0.001898    7.019
  472360.47  5886491.74   2.363306   0.000241   0.001904    6.987
  472360.76  5886494.09   2.359899   0.000242   0.001910    6.954
  472361.04  5886496.43   2.356483   0.000244   0.001915    6.921
  472361.32  5886498.77   2.353056   0.000245   0.001921    6.888
  472361.61  5886501.10   2.349620   0.000247   0.001927    6.855
  472361.88  5886503.43   2.346175   0.000248   0.001933    6.822
  472362.16  5886505.76   2.342719   0.000250   0.001939    6.789
  472362.44  5886508.09   2.339254   0.000251   0.001945    6.755
  472362.71  5886510.41   2.335773   0.000253   0.001951    6.721
  472362.98  5886512.73   2.332282   0.000254   0.001956    6.688
  472363.25  5886515.04   2.328793   0.000256   0.001961    6.654
  472363.52  5886517.35   2.325308   0.000257   0.001965    6.620
  472363.79  5886519.66   2.321826   0.000258   0.001969    6.585
  472364.05  5886521.97   2.318346   0.000260   0.001974    6.551
  472364.31  5886524.27   2.314870   0.000261   0.001978    6.516
  472364.58  5886526.57   2.311396   0.000262   0.001983    6.482
  472364.83  5886528.86   2.307925   0.000264   0.001987    6.447
  472365.09  5886531.15   2.304457   0.000265   0.001992    6.412
  472365.35  5886533.44   2.300991   0.000267   0.001996    6.377
  472365.60  5886535.73   2.297529   0.000268   0.002001    6.342
  472365.85  5886538.01   2.294070   0.000269   0.002005    6.307
  472366.10  5886540.29   2.290613   0.000271   0.002010    6.271
  472366.35  5886542.56   2.287159   0.000272   0.002014    6.236
  472366.60  5886544.83   2.283709   0.000274   0.002019    6.200
  472366.85  5886547.10   2.280261   0.000275   0.002023    6.164
  472367.09  5886549.37   2.276816   0.000277   0.002028    6.128
  472367.33  5886551.63   2.273374   0.000278   0.002032    6.092
  472367.57  5886553.89   2.269935   0.000279   0.002037    6.056
  472367.81  5886556.15   2.266499   0.000281   0.002041    6.020
  472368.04  5886558.40   2.263066   0.000283   0.002046    5.983
  472368.28  5886560.65   2.259630   0.000284   0.002051    5.947
  472368.51  5886562.89   2.256197   0.000285   0.002055    5.910
  472368.74  5886565.14   2.252779   0.000287   0.002057    5.873
  472368.97  5886567.37   2.249374   0.000288   0.002060    5.836
  472369.20  5886569.61   2.245983   0.000289   0.002062    5.799
  472369.42  5886571.84   2.242607   0.000290   0.002065    5.762
  472369.65  5886574.07   2.239244   0.000291   0.002067    5.724
  472369.87  5886576.30   2.235896   0.000293   0.002069    5.687
  472370.09  5886578.52   2.232562   0.000294   0.002072    5.649
  472370.31  5886580.74   2.229242   0.000295   0.002074    5.612
  472370.52  5886582.96   2.225936   0.000296   0.002076    5.574
  472370.74  5886585.17   2.222644   0.000298   0.002079    5.536
  472370.95  5886587.39   2.219366   0.000299   0.002081    5.498
  472371.16  5886589.59   2.216102   0.000300   0.002083    5.460
  472371.37  5886591.80   2.212852   0.000301   0.002086    5.422
  472371.58  5886594.00   2.209617   0.000302   0.002088    5.384
  472371.78  5886596.20   2.206395   0.000304   0.002090    5.346
  472371.99  5886598.39   2.203188   0.000305   0.002092    5.308
  472372.19  5886600.59   2.199995   0.000306   0.002095    5.269
  472372.39  5886602.77   2.196815   0.000307   0.002097    5.230
  472372.59  5886604.96   2.193650   0.000308   0.002099    5.192
  472372.79  5886607.14   2.190499   0.000310   0.002101    5.153
  472372.98  5886609.32   2.187364   0.000311   0.002103    5.114
  472373.17  5886611.50   2.184243   0.000312   0.002104    5.075
  472373.37  5886613.68   2.181138   0.000313   0.002106    5.036
  472373.56  5886615.85   2.178047   0.000314   0.002108    4.997
  472373.74  5886618.02   2.174971   0.000315   0.002110    4.958
  472373.93  5886620.18   2.171910   0.000316   0.002111    4.919
  472374.11  5886622.34   2.168864   0.000318   0.002113    4.879
  472374.30  5886624.50   2.165833   0.000319   0.002115    4.840
  472374.48  5886626.66   2.162817   0.000320   0.002116    4.800
  472374.66  5886628.81   2.159816   0.000321   0.002118    4.761
  472374.84  5886630.96   2.156830   0.000322   0.002119    4.721
  472375.01  5886633.11   2.153859   0.000323   0.002121    4.681
  472375.19  5886635.26   2.150903   0.000324   0.002123    4.641
  472375.36  5886637.40   2.147962   0.000326   0.002124    4.601
  472375.53  5886639.54   2.145035   0.000327   0.002126    4.561
  472375.70  5886641.68   2.142124   0.000328   0.002127    4.521
  472375.86  5886643.81   2.139228   0.000329   0.002129    4.481
  472376.03  5886645.94   2.136343   0.000330   0.002130    4.440
  472376.19  5886648.07   2.133473   0.000331   0.002131    4.400
  472376.36  5886650.20   2.130625   0.000332   0.002132    4.360
  472376.52  5886652.32   2.127799   0.000333   0.002133    4.319
  472376.67  5886654.44   2.124994   0.000334   0.002134    4.278
  472376.83  5886656.56   2.122211   0.000335   0.002135    4.238
  472376.99  5886658.67   2.119449   0.000336   0.002136    4.197
  472377.14  5886660.79   2.116710   0.000337   0.002137    4.156
  472377.29  5886662.90   2.113991   0.000338   0.002138    4.115
  472377.44  5886665.00   2.111295   0.000339   0.002139    4.074
  472377.59  5886667.11   2.108620   0.000340   0.002140    4.033
  472377.74  5886669.21   2.105967   0.000341   0.002140    3.992
  472377.88  5886671.31   2.103336   0.000342   0.002141    3.951
  472378.03  5886673.41   2.100726   0.000343   0.002142    3.910
  472378.17  5886675.50   2.098138   0.000344   0.002142    3.868
  472378.31  5886677.59   2.095571   0.000345   0.002143    3.827
  472378.45  5886679.68   2.093027   0.000346   0.002144    3.785
  472378.58  5886681.77   2.090504   0.000347   0.002144    3.744
  472378.72  5886683.86   2.088002   0.000348   0.002145    3.702
  472378.85  5886685.94   2.085522   0.000349   0.002145    3.661
  472378.98  5886688.02   2.083064   0.000350   0.002145    3.619
  472379.11  5886690.10   2.080628   0.000350   0.002146    3.577
  472379.24  5886692.17   2.078213   0.000351   0.002146    3.536
  472379.37  5886694.24   2.075820   0.000352   0.002146    3.494
  472379.49  5886696.32   2.073449   0.000353   0.002147    3.452
  472379.61  5886698.38   2.071099   0.000354   0.002147    3.410
  472379.74  5886700.45   2.068771   0.000355   0.002147    3.368
  472379.86  5886702.51   2.066465   0.000356   0.002147    3.326
  472379.97  5886704.58   2.064180   0.000356   0.002147    3.284
  472380.09  5886706.64   2.061917   0.000357   0.002147    3.242
  472380.21  5886708.69   2.059676   0.000358   0.002147    3.200
  472380.32  5886710.75   2.057457   0.000359   0.002147    3.157
  472380.43  5886712.80   2.055259   0.000359   0.002147    3.115
  472380.54  5886714.85   2.053082   0.000360   0.002147    3.073
  472380.65  5886716.90   2.050928   0.000361   0.002147    3.030
  472380.76  5886718.95   2.048795   0.000362   0.002146    2.988
  472380.86  5886721.00   2.046684   0.000362   0.002146    2.945
  472380.97  5886723.04   2.044594   0.000363   0.002146    2.903
  472381.07  5886725.08   2.042526   0.000364   0.002145    2.860
  472381.17  5886727.12   2.040480   0.000364   0.002145    2.818
  472381.27  5886729.16   2.038456   0.000365   0.002145    2.775
  472381.36  5886731.19   2.036453   0.000366   0.002144    2.733
  472381.46  5886733.22   2.034472   0.000366   0.002144    2.690
  472381.55  5886735.25   2.032512   0.000367   0.002143    2.647
  472381.65  5886737.28   2.030575   0.000367   0.002142    2.605
  472381.74  5886739.31   2.028659   0.000368   0.002142    2.562
  472381.83  5886741.34   2.026764   0.000369   0.002141    2.519
  472381.91  5886743.36   2.024891   0.000369   0.002140    2.476
  472382.00  5886745.38   2.023040   0.000370   0.002140    2.433
  472382.08  5886747.40   2.021211   0.000370   0.002139    2.391
  472382.17  5886749.42   2.019403   0.000371   0.002138    2.348
  472382.25  5886751.44   2.017617   0.000371   0.002137    2.305
  472382.33  5886753.45   2.015854   0.000372   0.002137    2.262
  472382.40  5886755.47   2.014112   0.000372   0.002135    2.219
  472382.48  5886757.48   2.012390   0.000372   0.002132    2.176
  472382.56  5886759.49   2.010687   0.000372   0.002129    2.133
  472382.63  5886761.50   2.009003   0.000372   0.002126    2.090
  472382.70  5886763.51   2.007339   0.000373   0.002123    2.047
  472382.77  5886765.51   2.005693   0.000373   0.002120    2.004
  472382.84  5886767.51   2.004067   0.000373   0.002117    1.962
  472382.91  5886769.52   2.002461   0.000373   0.002114    1.919
  472382.97  5886771.52   2.000873   0.000373   0.002110    1.876
  472383.04  5886773.52   1.999305   0.000373   0.002107    1.833
  472383.10  5886775.51   1.997756   0.000373   0.002104    1.791
  472383.16  5886777.51   1.996226   0.000373   0.002100    1.748
  472383.22  5886779.50   1.994716   0.000373   0.002097    1.705
  472383.28  5886781.50   1.993224   0.000373   0.002094    1.663
  472383.33  5886783.49   1.991752   0.000373   0.002090    1.620
  472383.39  5886785.48   1.990299   0.000372   0.002087    1.578
  472383.44  5886787.47   1.988866   0.000372   0.002083    1.535
  472383.49  5886789.46   1.987451   0.000372   0.002079    1.493
  472383.54  5886791.44   1.986056   0.000372   0.002076    1.450
  472383.59  5886793.43   1.984680   0.000372   0.002072    1.408
  472383.64  5886795.41   1.983323   0.000372   0.002068    1.366
  472383.69  5886797.39   1.981985   0.000372   0.002065    1.324
  472383.73  5886799.37   1.980666   0.000371   0.002061    1.281
  472383.77  5886801.35   1.979367   0.000371   0.002057    1.239
  472383.81  5886803.33   1.978087   0.000371   0.002053    1.197
  472383.85  5886805.31   1.976825   0.000371   0.002049    1.155
  472383.89  5886807.28   1.975583   0.000371   0.002045    1.113
  472383.93  5886809.26   1.974361   0.000370   0.002041    1.071
  472383.96  5886811.23   1.973157   0.000370   0.002037    1.029
  472384.00  5886813.20   1.971972   0.000370   0.002033    0.987
  472384.03  5886815.18   1.970807   0.000369   0.002029    0.946
  472384.06  5886817.15   1.969660   0.000369   0.002025    0.904
  472384.09  5886819.11   1.968533   0.000369   0.002020    0.862
  472384.12  5886821.08   1.967425   0.000368   0.002016    0.821
  472384.15  5886823.05   1.966336   0.000368   0.002012    0.779
  472384.17  5886825.01   1.965266   0.000368   0.002008    0.738
  472384.20  5886826.98   1.964215   0.000367   0.002003    0.696
  472384.22  5886828.94   1.963183   0.000367   0.001999    0.655
  472384.24  5886830.90   1.962170   0.000366   0.001994    0.614
  472384.26  5886832.87   1.961177   0.000366   0.001990    0.573
  472384.28  5886834.83   1.960202   0.000365   0.001985    0.531
  472384.29  5886836.79   1.959246   0.000365   0.001981    0.490
  472384.31  5886838.75   1.958310   0.000364   0.001976    0.449
  472384.32  5886840.70   1.957392   0.000364   0.001972    0.409
  472384.34  5886842.66   1.956494   0.000363   0.001967    0.368
  472384.35  5886844.62   1.955614   0.000363   0.001962    0.327
  472384.36  5886846.57   1.954754   0.000362   0.001957    0.286
  472384.37  5886848.53   1.953912   0.000362   0.001953    0.246
  472384.37  5886850.48   1.953090   0.000361   0.001948    0.205
  472384.38  5886852.43   1.952286   0.000360   0.001943    0.165
  472384.38  5886854.38   1.951502   0.000360   0.001938    0.125
  472384.39  5886856.33   1.950736   0.000359   0.001933    0.084
  472384.39  5886858.29   1.949990   0.000359   0.001929    0.044
  472384.39  5886860.23   1.949262   0.000358   0.001923    0.004
  472384.39  5886862.18   1.948553   0.000357   0.001916   -0.036
  472384.38  5886864.13   1.947864   0.000356   0.001909   -0.076
  472384.38  5886866.08   1.947193   0.000355   0.001903   -0.115
  472384.37  5886868.03   1.946541   0.000354   0.001896   -0.155
  472384.37  5886869.97   1.945909   0.000353   0.001889   -0.194
  472384.36  5886871.92   1.945295   0.000352   0.001882   -0.234
  472384.35  5886873.86   1.944700   0.000351   0.001875   -0.273
  472384.34  5886875.81   1.944124   0.000349   0.001868   -0.312
  472384.33  5886877.75   1.943567   0.000348   0.001860   -0.351
  472384.31  5886879.69   1.943029   0.000347   0.001853   -0.390
  472384.30  5886881.64   1.942510   0.000346   0.001846   -0.428
  472384.28  5886883.58   1.942010   0.000345   0.001839   -0.467
  472384.27  5886885.52   1.941528   0.000344   0.001832   -0.505
  472384.25  5886887.46   1.941066   0.000342   0.001824   -0.543
  472384.23  5886889.40   1.940622   0.000341   0.001817   -0.581
  472384.21  5886891.34   1.940198   0.000340   0.001810   -0.619
  472384.19  5886893.28   1.939792   0.000339   0.001802   -0.657
  472384.16  5886895.22   1.939404   0.000337   0.001795   -0.695
  472384.14  5886897.16   1.939036   0.000336   0.001787   -0.732
  472384.11  5886899.10   1.938687   0.000335   0.001780   -0.770
  472384.08  5886901.04   1.938356   0.000334   0.001772   -0.807
  472384.06  5886902.98   1.938044   0.000332   0.001765   -0.844
  472384.03  5886904.91   1.937751   0.000331   0.001757   -0.881
  472383.99  5886906.85   1.937477   0.000330   0.001750   -0.918
  472383.96  5886908.79   1.937221   0.000328   0.001742   -0.954
  472383.93  5886910.73   1.936984   0.000327   0.001734   -0.991
  472383.89  5886912.66   1.936766   0.000325   0.001726   -1.027
  472383.86  5886914.60   1.936567   0.000324   0.001717   -1.063
  472383.82  5886916.53   1.936390   0.000322   0.001708   -1.099
  472383.78  5886918.47   1.936231   0.000321   0.001703   -1.135
  472383.74  5886920.41   1.936084   0.000321   0.001701   -1.170
  472383.70  5886922.34   1.935949   0.000321   0.001700   -1.206
  472383.66  5886924.28   1.935825   0.000320   0.001698   -1.241
  472383.62  5886926.21   1.935713   0.000320   0.001696   -1.277
  472383.57  5886928.15   1.935612   0.000320   0.001694   -1.312
  472383.53  5886930.08   1.935523   0.000319   0.001692   -1.348
  472383.48  5886932.02   1.935445   0.000319   0.001691   -1.383
  472383.43  5886933.95   1.935378   0.000319   0.001689   -1.419
  472383.38  5886935.89   1.935323   0.000318   0.001687   -1.454
  472383.33  5886937.82   1.935280   0.000318   0.001685   -1.489
  472383.28  5886939.76   1.935248   0.000318   0.001683   -1.525
  472383.23  5886941.69   1.935228   0.000317   0.001681   -1.560
  472383.18  5886943.63   1.935219   0.000317   0.001679   -1.595
  472383.12  5886945.56   1.935221   0.000317   0.001677   -1.630
  472383.06  5886947.49   1.935235   0.000316   0.001675   -1.665
  472383.01  5886949.43   1.935260   0.000316   0.001673   -1.700
  472382.95  5886951.36   1.935297   0.000315   0.001671   -1.735
  472382.89  5886953.30   1.935346   0.000315   0.001669   -1.770
  472382.83  5886955.23   1.935405   0.000315   0.001667   -1.805
  472382.77  5886957.17   1.935477   0.000314   0.001665   -1.840
  472382.70  5886959.10   1.935559   0.000314   0.001663   -1.875
  472382.64  5886961.04   1.935653   0.000313   0.001661   -1.910
  472382.57  5886962.97   1.935759   0.000313   0.001659   -1.945
  472382.50  5886964.90   1.935876   0.000312   0.001656   -1.979
  472382.44  5886966.84   1.936008   0.000312   0.001653   -2.014
  472382.37  5886968.77   1.936151   0.000312   0.001652   -2.049
  472382.30  5886970.71   1.936299   0.000312   0.001652   -2.083
  472382.23  5886972.64   1.936452   0.000311   0.001651   -2.118
  472382.15  5886974.58   1.936610   0.000311   0.001651   -2.152
  472382.08  5886976.51   1.936773   0.000311   0.001651   -2.187
  472382.00  5886978.45   1.936942   0.000311   0.001651   -2.221
  472381.93  5886980.39   1.937115   0.000311   0.001650   -2.256
  472381.85  5886982.32   1.937293   0.000311   0.001650   -2.290
  472381.77  5886984.26   1.937476   0.000311   0.001650   -2.325
  472381.69  5886986.19   1.937664   0.000311   0.001649   -2.359
  472381.61  5886988.13   1.937857   0.000310   0.001649   -2.394
  472381.53  5886990.07   1.938055   0.000310   0.001649   -2.428
  472381.45  5886992.00   1.938258   0.000310   0.001648   -2.463
  472381.36  5886993.94   1.938466   0.000310   0.001648   -2.497
  472381.28  5886995.87   1.938679   0.000310   0.001648   -2.532
  472381.19  5886997.81   1.938897   0.000310   0.001647   -2.566
  472381.10  5886999.75   1.939120   0.000310   0.001647   -2.601
  472381.01  5887001.69   1.939349   0.000310   0.001646   -2.635
  472380.92  5887003.62   1.939582   0.000309   0.001646   -2.669
  472380.83  5887005.56   1.939820   0.000309   0.001646   -2.704
  472380.74  5887007.50   1.940063   0.000309   0.001645   -2.738
  472380.64  5887009.44   1.940311   0.000309   0.001645   -2.772
  472380.55  5887011.37   1.940564   0.000309   0.001644   -2.807
  472380.45  5887013.31   1.940822   0.000309   0.001644   -2.841
  472380.35  5887015.25   1.941084   0.000308   0.001643   -2.875
  472380.26  5887017.19   1.941352   0.000308   0.001643   -2.910
  472380.16  5887019.13   1.941625   0.000308   0.001642   -2.944
  472380.06  5887021.07   1.941903   0.000308   0.001642   -2.978
  472379.95  5887023.01   1.942186   0.000308   0.001642   -3.013
  472379.85  5887024.95   1.942474   0.000308   0.001641   -3.047
  472379.75  5887026.89   1.942767   0.000307   0.001641   -3.081
  472379.64  5887028.83   1.943065   0.000307   0.001640   -3.115
  472379.53  5887030.77   1.943368   0.000307   0.001640   -3.149
  472379.43  5887032.71   1.943675   0.000307   0.001639   -3.184
  472379.32  5887034.65   1.943988   0.000307   0.001639   -3.218
  472379.21  5887036.59   1.944306   0.000306   0.001638   -3.252
  472379.09  5887038.53   1.944629   0.000306   0.001637   -3.286
  472378.98  5887040.47   1.944956   0.000306   0.001637   -3.320
  472378.87  5887042.41   1.945289   0.000306   0.001636   -3.354
  472378.75  5887044.36   1.945627   0.000306   0.001636   -3.388
  472378.64  5887046.30   1.945970   0.000305   0.001635   -3.422
  472378.52  5887048.24   1.946317   0.000305   0.001635   -3.456
  472378.40  5887050.18   1.946670   0.000305   0.001634   -3.491
  472378.28  5887052.13   1.947027   0.000305   0.001633   -3.525
  472378.16  5887054.07   1.947390   0.000304   0.001633   -3.558
  472378.04  5887056.01   1.947757   0.000304   0.001632   -3.592
  472377.92  5887057.96   1.948130   0.000304   0.001632   -3.626
  472377.79  5887059.90   1.948507   0.000304   0.001631   -3.660
  472377.67  5887061.85   1.948890   0.000304   0.001630   -3.694
  472377.54  5887063.79   1.949277   0.000303   0.001630   -3.728
  472377.41  5887065.74   1.949670   0.000303   0.001630   -3.762
  472377.28  5887067.68   1.950068   0.000303   0.001631   -3.796
  472377.15  5887069.63   1.950471   0.000303   0.001628   -3.830
  472377.02  5887071.58   1.950877   0.000301   0.001621   -3.864
  472376.89  5887073.52   1.951288   0.000300   0.001615   -3.897
  472376.75  5887075.47   1.951702   0.000299   0.001609   -3.931
  472376.62  5887077.42   1.952119   0.000297   0.001603   -3.964
  472376.48  5887079.36   1.952540   0.000296   0.001596   -3.997
  472376.35  5887081.31   1.952965   0.000295   0.001590   -4.031
  472376.21  5887083.26   1.953393   0.000293   0.001584   -4.064
  472376.07  5887085.21   1.953825   0.000292   0.001577   -4.096
  472375.93  5887087.16   1.954260   0.000291   0.001571   -4.129
  472375.78  5887089.11   1.954699   0.000290   0.001565   -4.162
  472375.64  5887091.06   1.955142   0.000288   0.001558   -4.194
  472375.50  5887093.01   1.955588   0.000287   0.001552   -4.226
  472375.35  5887094.96   1.956038   0.000286   0.001546   -4.259
  472375.21  5887096.91   1.956491   0.000284   0.001539   -4.291
  472375.06  5887098.86   1.956948   0.000283   0.001533   -4.322
  472374.91  5887100.81   1.957408   0.000282   0.001526   -4.354
  472374.76  5887102.76   1.957872   0.000280   0.001520   -4.386
  472374.61  5887104.71   1.958339   0.000279   0.001514   -4.417
  472374.46  5887106.67   1.958810   0.000278   0.001507   -4.449
  472374.30  5887108.62   1.959284   0.000276   0.001501   -4.480
  472374.15  5887110.57   1.959762   0.000275   0.001495   -4.511
  472374.00  5887112.53   1.960243   0.000274   0.001488   -4.542
  472373.84  5887114.48   1.960728   0.000273   0.001482   -4.572
  472373.68  5887116.44   1.961216   0.000271   0.001476   -4.603
  472373.52  5887118.39   1.961708   0.000270   0.001469   -4.634
  472373.36  5887120.35   1.962203   0.000269   0.001463   -4.664
  472373.20  5887122.30   1.962702   0.000267   0.001456   -4.694
  472373.04  5887124.26   1.963204   0.000266   0.001450   -4.724
  472372.88  5887126.22   1.963709   0.000265   0.001444   -4.754
  472372.71  5887128.17   1.964218   0.000263   0.001437   -4.784
  472372.55  5887130.13   1.964730   0.000262   0.001431   -4.814
  472372.38  5887132.09   1.965246   0.000261   0.001424   -4.843
  472372.22  5887134.05   1.965765   0.000259   0.001418   -4.872
  472372.05  5887136.01   1.966287   0.000258   0.001412   -4.902
  472371.88  5887137.96   1.966813   0.000257   0.001405   -4.931
  472371.71  5887139.92   1.967342   0.000256   0.001399   -4.960
  472371.54  5887141.88   1.967875   0.000254   0.001392   -4.988
  472371.37  5887143.85   1.968411   0.000253   0.001386   -5.017
  472371.19  5887145.81   1.968950   0.000252   0.001379   -5.046
  472371.02  5887147.77   1.969493   0.000250   0.001373   -5.074
  472370.84  5887149.73   1.970039   0.000249   0.001367   -5.102
  472370.67  5887151.69   1.970588   0.000248   0.001360   -5.130
  472370.49  5887153.66   1.971141   0.000246   0.001354   -5.158
  472370.31  5887155.62   1.971697   0.000245   0.001347   -5.186
  472370.13  5887157.58   1.972256   0.000244   0.001341   -5.214
  472369.95  5887159.55   1.972819   0.000242   0.001334   -5.241
  472369.77  5887161.51   1.973385   0.000241   0.001328   -5.269
  472369.59  5887163.48   1.973954   0.000240   0.001322   -5.296
  472369.41  5887165.44   1.974527   0.000239   0.001315   -5.323
  472369.22  5887167.41   1.975103   0.000237   0.001309   -5.350
  472369.04  5887169.38   1.975682   0.000236   0.001302   -5.377
  472368.85  5887171.34   1.976264   0.000235   0.001296   -5.404
  472368.66  5887173.31   1.976850   0.000233   0.001289   -5.430
  472368.48  5887175.28   1.977439   0.000232   0.001283   -5.457
  472368.29  5887177.25   1.978031   0.000231   0.001276   -5.483
  472368.10  5887179.22   1.978626   0.000229   0.001270   -5.509
  472367.91  5887181.19   1.979225   0.000228   0.001263   -5.535
  472367.71  5887183.16   1.979827   0.000227   0.001257   -5.561
  472367.52  5887185.13   1.980432   0.000225   0.001250   -5.587
  472367.33  5887187.10   1.981040   0.000224   0.001244   -5.612
  472367.13  5887189.07   1.981652   0.000223   0.001238   -5.638
  472366.94  5887191.04   1.982267   0.000222   0.001231   -5.663
  472366.74  5887193.01   1.982885   0.000220   0.001225   -5.688
  472366.54  5887194.99   1.983506   0.000219   0.001218   -5.713
  472366.35  5887196.96   1.984130   0.000218   0.001212   -5.738
  472366.15  5887198.94   1.984758   0.000216   0.001205   -5.763
  472365.95  5887200.91   1.985388   0.000215   0.001199   -5.787
  472365.75  5887202.89   1.986022   0.000214   0.001192   -5.812
  472365.54  5887204.86   1.986659   0.000212   0.001186   -5.836
  472365.34  5887206.84   1.987300   0.000211   0.001179   -5.860
  472365.14  5887208.82   1.987943   0.000210   0.001173   -5.884
  472364.93  5887210.79   1.988590   0.000209   0.001166   -5.908
  472364.73  5887212.77   1.989239   0.000207   0.001160   -5.932
  472364.52  5887214.75   1.989892   0.000206   0.001153   -5.956
  472364.31  5887216.73   1.990548   0.000205   0.001147   -5.979
  472364.10  5887218.71   1.991207   0.000203   0.001140   -6.003
  472363.90  5887220.69   1.991870   0.000202   0.001134   -6.026
  472363.69  5887222.67   1.992535   0.000201   0.001127   -6.049
  472363.47  5887224.65   1.993203   0.000199   0.001121   -6.072
  472363.26  5887226.64   1.993875   0.000198   0.001114   -6.094
  472363.05  5887228.62   1.994550   0.000197   0.001108   -6.117
  472362.84  5887230.60   1.995227   0.000196   0.001101   -6.140
  472362.62  5887232.59   1.995908   0.000194   0.001095   -6.162
  472362.41  5887234.57   1.996592   0.000193   0.001088   -6.184
  472362.19  5887236.56   1.997279   0.000192   0.001082   -6.206
  472361.98  5887238.54   1.997969   0.000190   0.001075   -6.228
  472361.76  5887240.53   1.998663   0.000189   0.001069   -6.250
  472361.54  5887242.52   1.999359   0.000188   0.001062   -6.272
  472361.32  5887244.50   2.000058   0.000187   0.001056   -6.293
  472361.10  5887246.49   2.000761   0.000185   0.001049   -6.315
  472360.88  5887248.48   2.001466   0.000184   0.001043   -6.336
  472360.66  5887250.47   2.002174   0.000183   0.001036   -6.357
  472360.44  5887252.46   2.002886   0.000182   0.001030   -6.378
  472360.21  5887254.45   2.003600   0.000180   0.001023   -6.399
  472359.99  5887256.44   2.004318   0.000179   0.001017   -6.419
  472359.76  5887258.43   2.005039   0.000178   0.001010   -6.440
  472359.54  5887260.43   2.005762   0.000176   0.001004   -6.460
  472359.31  5887262.42   2.006489   0.000175   0.000997   -6.481
  472359.08  5887264.41   2.007218   0.000174   0.000991   -6.501
  472358.86  5887266.41   2.007951   0.000173   0.000984   -6.521
  472358.63  5887268.40   2.008687   0.000171   0.000978   -6.541
  472358.40  5887270.40   2.009425   0.000170   0.000971   -6.560
  472358.17  5887272.40   2.010167   0.000169   0.000965   -6.580
  472357.94  5887274.39   2.010912   0.000168   0.000958   -6.599
  472357.70  5887276.39   2.011659   0.000166   0.000952   -6.619
  472357.47  5887278.39   2.012410   0.000165   0.000945   -6.638
  472357.24  5887280.39   2.013163   0.000164   0.000939   -6.657
  472357.00  5887282.39   2.013920   0.000163   0.000932   -6.676
  472356.77  5887284.39   2.014679   0.000161   0.000926   -6.695
  472356.53  5887286.39   2.015442   0.000160   0.000919   -6.713
  472356.30  5887288.39   2.016207   0.000159   0.000913   -6.732
  472356.06  5887290.40   2.016975   0.000158   0.000906   -6.750
  472355.82  5887292.40   2.017747   0.000156   0.000900   -6.768
  472355.58  5887294.40   2.018521   0.000155   0.000893   -6.786
  472355.35  5887296.41   2.019298   0.000154   0.000887   -6.804
  472355.11  5887298.41   2.020078   0.000153   0.000880   -6.822
  472354.86  5887300.42   2.020861   0.000151   0.000874   -6.840
  472354.62  5887302.43   2.021647   0.000150   0.000867   -6.857
  472354.38  5887304.43   2.022436   0.000149   0.000861   -6.875
  472354.14  5887306.44   2.023228   0.000148   0.000854   -6.892
  472353.90  5887308.45   2.024022   0.000146   0.000848   -6.909
  472353.65  5887310.46   2.024820   0.000145   0.000841   -6.926
  472353.41  5887312.47   2.025620   0.000144   0.000835   -6.943
  472353.16  5887314.48   2.026424   0.000143   0.000828   -6.959
  472352.91  5887316.49   2.027230   0.000141   0.000822   -6.976
  472352.67  5887318.51   2.028039   0.000140   0.000815   -6.992
  472352.42  5887320.52   2.028851   0.000139   0.000809   -7.009
  472352.17  5887322.53   2.029666   0.000138   0.000805   -7.025
  472351.92  5887324.55   2.030480   0.000137   0.000801   -7.041
  472351.67  5887326.56   2.031296   0.000135   0.000789   -7.057
  472351.42  5887328.58   2.032124   0.000132   0.000771   -7.073
  472351.17  5887330.60   2.032963   0.000129   0.000753   -7.088
  472350.92  5887332.61   2.033814   0.000126   0.000734   -7.103
  472350.67  5887334.63   2.034676   0.000122   0.000716   -7.118
  472350.42  5887336.65   2.035550   0.000119   0.000698   -7.132
  472350.16  5887338.67   2.036435   0.000116   0.000679   -7.146
  472349.91  5887340.69   2.037331   0.000113   0.000661   -7.159
  472349.66  5887342.72   2.038239   0.000109   0.000643   -7.172
  472349.40  5887344.74   2.039158   0.000106   0.000625   -7.185
  472349.14  5887346.76   2.040089   0.000103   0.000606   -7.198
  472348.89  5887348.79   2.041031   0.000100   0.000588   -7.210
  472348.63  5887350.81   2.041987   0.000097   0.000570   -7.221
  472348.37  5887352.84   2.042954   0.000093   0.000552   -7.233
  472348.12  5887354.87   2.043927   0.000090   0.000534   -7.244
  472347.86  5887356.89   2.044908   0.000087   0.000516   -7.254
  472347.60  5887358.92   2.045895   0.000084   0.000498   -7.264
  472347.34  5887360.95   2.046889   0.000081   0.000480   -7.274
  472347.08  5887362.98   2.047889   0.000078   0.000462   -7.284
  472346.82  5887365.01   2.048897   0.000075   0.000444   -7.293
  472346.56  5887367.05   2.049910   0.000072   0.000426   -7.302
  472346.30  5887369.08   2.050931   0.000069   0.000408   -7.310
  472346.04  5887371.12   2.051958   0.000066   0.000391   -7.318
  472345.78  5887373.15   2.052992   0.000063   0.000373   -7.326
  472345.52  5887375.19   2.054032   0.000059   0.000355   -7.333
  472345.25  5887377.23   2.055080   0.000056   0.000337   -7.340
  472344.99  5887379.27   2.056133   0.000053   0.000319   -7.347
  472344.73  5887381.30   2.057194   0.000050   0.000301   -7.353
  472344.46  5887383.35   2.058261   0.000047   0.000283   -7.359
  472344.20  5887385.39   2.059334   0.000044   0.000266   -7.365
  472343.93  5887387.43   2.060415   0.000041   0.000248   -7.370
  472343.67  5887389.47   2.061502   0.000038   0.000230   -7.375
  472343.41  5887391.52   2.062595   0.000035   0.000212   -7.379
  472343.14  5887393.57   2.063695   0.000032   0.000194   -7.384
  472342.87  5887395.61   2.064802   0.000029   0.000177   -7.387
  472342.61  5887397.66   2.065915   0.000026   0.000159   -7.391
  472342.34  5887399.71   2.067035   0.000023   0.000141   -7.394
  472342.08  5887401.76   2.068162   0.000020   0.000123   -7.397
  472341.81  5887403.81   2.069295   0.000017   0.000106   -7.399
  472341.54  5887405.86   2.070435   0.000014   0.000088   -7.401
  472341.28  5887407.92   2.071581   0.000012   0.000070   -7.403
  472341.01  5887409.97   2.072734   0.000009   0.000052   -7.404
  472340.74  5887412.03   2.073894   0.000006   0.000035   -7.405
  472340.48  5887414.09   2.075059   0.000003   0.000017   -7.406
  472340.21  5887416.14   2.076231   0.000000   0.000001   -7.406
  472339.94  5887418.20   2.077411   0.000003   0.000019   -7.406
  472339.67  5887420.26   2.078600   0.000006   0.000037   -7.406
  472339.40  5887422.33   2.079797   0.000009   0.000055   -7.405
  472339.14  5887424.39   2.081002   0.000012   0.000073   -7.404
  472338.87  5887426.45   2.082215   0.000015   0.000091   -7.403
  472338.60  5887428.52   2.083437   0.000018   0.000109   -7.401
  472338.33  5887430.59   2.084667   0.000021   0.000127   -7.399
  472338.06  5887432.65   2.085906   0.000024   0.000145   -7.396
  472337.79  5887434.72   2.087152   0.000026   0.000163   -7.394
  472337.53  5887436.79   2.088407   0.000029   0.000181   -7.390
  472337.26  5887438.87   2.089670   0.000032   0.000198   -7.387
  472336.99  5887440.94   2.090942   0.000035   0.000216   -7.383
  472336.72  5887443.01   2.092222   0.000038   0.000234   -7.379
  472336.45  5887445.09   2.093509   0.000040   0.000251   -7.374
  472336.18  5887447.16   2.094805   0.000043   0.000270   -7.369
  472335.91  5887449.24   2.096111   0.000047   0.000290   -7.364
  472335.65  5887451.32   2.097427   0.000050   0.000311   -7.359
  472335.38  5887453.40   2.098752   0.000053   0.000331   -7.353
  472335.11  5887455.49   2.100088   0.000056   0.000351   -7.346
  472334.84  5887457.57   2.101434   0.000059   0.000371   -7.339
  472334.57  5887459.65   2.102789   0.000063   0.000392   -7.332
  472334.30  5887461.74   2.104155   0.000066   0.000412   -7.325
  472334.04  5887463.83   2.105531   0.000069   0.000432   -7.317
  472333.77  5887465.92   2.106916   0.000072   0.000452   -7.309
  472333.50  5887468.01   2.108312   0.000075   0.000472   -7.300
  472333.23  5887470.10   2.109718   0.000078   0.000492   -7.291
  472332.97  5887472.19   2.111134   0.000081   0.000513   -7.281
  472332.70  5887474.29   2.112560   0.000084   0.000533   -7.271
  472332.43  5887476.38   2.113996   0.000087   0.000553   -7.261
  472332.16  5887478.48   2.115442   0.000091   0.000573   -7.251
  472331.90  5887480.58   2.116898   0.000094   0.000593   -7.240
  472331.63  5887482.68   2.118364   0.000097   0.000613   -7.228
  472331.36  5887484.78   2.119840   0.000100   0.000633   -7.217
  472331.10  5887486.89   2.121326   0.000103   0.000653   -7.205
  472330.83  5887488.99   2.122823   0.000106   0.000673   -7.192
  472330.57  5887491.10   2.124329   0.000109   0.000693   -7.179
  472330.30  5887493.21   2.125846   0.000112   0.000713   -7.166
  472330.04  5887495.32   2.127373   0.000114   0.000733   -7.152
  472329.77  5887497.43   2.128910   0.000117   0.000753   -7.138
  472329.51  5887499.54   2.130457   0.000120   0.000772   -7.124
  472329.25  5887501.66   2.132014   0.000123   0.000792   -7.109
  472328.98  5887503.78   2.133581   0.000126   0.000812   -7.094
  472328.72  5887505.89   2.135159   0.000129   0.000832   -7.079
  472328.46  5887508.01   2.136747   0.000132   0.000852   -7.063
  472328.19  5887510.13   2.138345   0.000135   0.000871   -7.047
  472327.93  5887512.26   2.139953   0.000138   0.000891   -7.031
  472327.67  5887514.38   2.141571   0.000140   0.000911   -7.014
  472327.41  5887516.51   2.143200   0.000143   0.000931   -6.996
  472327.15  5887518.64   2.144839   0.000146   0.000950   -6.979
  472326.89  5887520.77   2.146488   0.000149   0.000970   -6.961
  472326.63  5887522.90   2.148148   0.000152   0.000990   -6.943
  472326.37  5887525.03   2.149818   0.000154   0.001009   -6.924
  472326.11  5887527.17   2.151498   0.000157   0.001029   -6.905
  472325.85  5887529.30   2.153188   0.000160   0.001048   -6.886
  472325.60  5887531.44   2.154889   0.000163   0.001068   -6.866
  472325.34  5887533.58   2.156600   0.000165   0.001087   -6.846
  472325.08  5887535.72   2.158322   0.000168   0.001107   -6.825
  472324.83  5887537.87   2.160054   0.000171   0.001126   -6.805
  472324.57  5887540.01   2.161796   0.000173   0.001146   -6.783
  472324.32  5887542.16   2.163549   0.000176   0.001165   -6.762
  472324.06  5887544.31   2.165312   0.000179   0.001184   -6.740
  472323.81  5887546.46   2.167085   0.000181   0.001204   -6.718
  472323.56  5887548.62   2.168869   0.000184   0.001223   -6.695
  472323.30  5887550.77   2.170664   0.000186   0.001242   -6.673
  472323.05  5887552.93   2.172469   0.000189   0.001262   -6.649
  472322.80  5887555.09   2.174285   0.000192   0.001281   -6.626
  472322.55  5887557.25   2.176111   0.000194   0.001300   -6.602
  472322.30  5887559.41   2.177947   0.000197   0.001319   -6.578
  472322.05  5887561.57   2.179794   0.000199   0.001338   -6.553
  472321.81  5887563.74   2.181652   0.000202   0.001358   -6.528
  472321.56  5887565.91   2.183521   0.000204   0.001377   -6.503
  472321.31  5887568.08   2.185399   0.000207   0.001398   -6.478
  472321.07  5887570.25   2.187295   0.000210   0.001419   -6.452
  472320.82  5887572.43   2.189202   0.000212   0.001434   -6.425
  472320.58  5887574.60   2.191107   0.000213   0.001444   -6.399
  472320.34  5887576.78   2.193009   0.000214   0.001454   -6.372
  472320.09  5887578.96   2.194910   0.000215   0.001465   -6.345
  472319.85  5887581.15   2.196809   0.000216   0.001475   -6.318
  472319.61  5887583.33   2.198705   0.000217   0.001486   -6.291
  472319.37  5887585.52   2.200600   0.000218   0.001496   -6.264
  472319.13  5887587.71   2.202493   0.000220   0.001506   -6.236
  472318.89  5887589.90   2.204384   0.000221   0.001517   -6.208
  472318.66  5887592.09   2.206273   0.000222   0.001527   -6.181
  472318.42  5887594.28   2.208160   0.000223   0.001537   -6.153
  472318.18  5887596.48   2.210045   0.000224   0.001548   -6.124
  472317.95  5887598.68   2.211929   0.000225   0.001558   -6.096
  472317.71  5887600.88   2.213810   0.000226   0.001568   -6.067
  472317.48  5887603.08   2.215690   0.000227   0.001579   -6.039
  472317.25  5887605.29   2.217568   0.000228   0.001589   -6.010
  472317.02  5887607.49   2.219444   0.000230   0.001599   -5.981
  472316.79  5887609.70   2.221318   0.000231   0.001611   -5.952
  472316.56  5887611.91   2.223196   0.000232   0.001623   -5.922
  472316.33  5887614.12   2.225072   0.000233   0.001630   -5.893
  472316.10  5887616.34   2.226935   0.000233   0.001633   -5.863
  472315.88  5887618.55   2.228786   0.000233   0.001636   -5.833
  472315.65  5887620.77   2.230623   0.000233   0.001640   -5.803
  472315.43  5887622.99   2.232449   0.000233   0.001643   -5.774
  472315.20  5887625.21   2.234261   0.000233   0.001646   -5.744
  472314.98  5887627.44   2.236061   0.000233   0.001649   -5.714
  472314.76  5887629.66   2.237848   0.000233   0.001652   -5.684
  472314.54  5887631.89   2.239623   0.000233   0.001656   -5.654
  472314.32  5887634.12   2.241385   0.000234   0.001659   -5.624
  472314.10  5887636.35   2.243134   0.000234   0.001662   -5.594
  472313.88  5887638.59   2.244871   0.000234   0.001666   -5.564
  472313.67  5887640.82   2.246594   0.000234   0.001669   -5.534
  472313.45  5887643.06   2.248306   0.000234   0.001672   -5.504
  472313.24  5887645.30   2.250004   0.000234   0.001676   -5.474
  472313.02  5887647.54   2.251690   0.000234   0.001679   -5.444
  472312.81  5887649.78   2.253364   0.000234   0.001682   -5.414
  472312.60  5887652.03   2.255024   0.000234   0.001686   -5.383
  472312.39  5887654.27   2.256672   0.000235   0.001689   -5.353
  472312.18  5887656.52   2.258308   0.000235   0.001693   -5.323
  472311.97  5887658.77   2.259931   0.000235   0.001696   -5.292
  472311.76  5887661.02   2.261541   0.000235   0.001700   -5.262
  472311.56  5887663.27   2.263138   0.000235   0.001703   -5.231
  472311.35  5887665.53   2.264723   0.000235   0.001707   -5.201
  472311.15  5887667.78   2.266295   0.000235   0.001710   -5.170
  472310.94  5887670.04   2.267855   0.000236   0.001714   -5.140
  472310.74  5887672.30   2.269402   0.000236   0.001717   -5.109
  472310.54  5887674.56   2.270937   0.000236   0.001721   -5.079
  472310.34  5887676.83   2.272459   0.000236   0.001725   -5.048
  472310.14  5887679.09   2.273968   0.000236   0.001728   -5.017
  472309.94  5887681.36   2.275465   0.000237   0.001732   -4.986
  472309.75  5887683.62   2.276949   0.000237   0.001736   -4.956
  472309.55  5887685.89   2.278421   0.000237   0.001739   -4.925
  472309.36  5887688.16   2.279880   0.000237   0.001743   -4.894
  472309.16  5887690.44   2.281326   0.000237   0.001747   -4.863
  472308.97  5887692.71   2.282760   0.000238   0.001750   -4.832
  472308.78  5887694.99   2.284181   0.000238   0.001754   -4.801
  472308.59  5887697.26   2.285590   0.000238   0.001760   -4.770
  472308.40  5887699.54   2.286990   0.000239   0.001765   -4.738
  472308.21  5887701.82   2.288378   0.000238   0.001766   -4.707
  472308.03  5887704.10   2.289745   0.000238   0.001763   -4.676
  472307.84  5887706.39   2.291092   0.000237   0.001761   -4.645
  472307.66  5887708.67   2.292418   0.000237   0.001758   -4.613
  472307.48  5887710.96   2.293725   0.000236   0.001756   -4.582
  472307.29  5887713.24   2.295010   0.000235   0.001754   -4.551
  472307.11  5887715.53   2.296276   0.000235   0.001751   -4.520
  472306.93  5887717.82   2.297521   0.000234   0.001749   -4.490
  472306.75  5887720.11   2.298746   0.000234   0.001747   -4.459
  472306.58  5887722.40   2.299950   0.000233   0.001745   -4.428
  472306.40  5887724.70   2.301134   0.000233   0.001743   -4.397
  472306.22  5887726.99   2.302298   0.000232   0.001740   -4.366
  472306.05  5887729.29   2.303441   0.000232   0.001738   -4.336
  472305.88  5887731.59   2.304564   0.000231   0.001736   -4.305
  472305.71  5887733.89   2.305667   0.000231   0.001734   -4.275
  472305.53  5887736.19   2.306749   0.000230   0.001732   -4.244
  472305.37  5887738.49   2.307811   0.000230   0.001730   -4.214
  472305.20  5887740.79   2.308853   0.000229   0.001728   -4.183
  472305.03  5887743.09   2.309874   0.000229   0.001727   -4.153
  472304.86  5887745.40   2.310874   0.000228   0.001725   -4.123
  472304.70  5887747.70   2.311855   0.000228   0.001723   -4.093
  472304.53  5887750.01   2.312815   0.000228   0.001721   -4.062
  472304.37  5887752.32   2.313754   0.000227   0.001719   -4.032
  472304.21  5887754.62   2.314673   0.000227   0.001718   -4.002
  472304.05  5887756.93   2.315572   0.000226   0.001716   -3.972
  472303.89  5887759.24   2.316450   0.000226   0.001714   -3.942
  472303.73  5887761.56   2.317308   0.000226   0.001713   -3.912
  472303.58  5887763.87   2.318146   0.000225   0.001711   -3.882
  472303.42  5887766.18   2.318966   0.000225   0.001710   -3.852
  472303.27  5887768.50   2.319765   0.000224   0.001708   -3.822
  472303.11  5887770.81   2.320539   0.000224   0.001706   -3.793
  472302.96  5887773.13   2.321287   0.000224   0.001704   -3.763
  472302.81  5887775.44   2.322010   0.000223   0.001703   -3.733
  472302.66  5887777.76   2.322707   0.000223   0.001701   -3.703
  472302.51  5887780.08   2.323378   0.000223   0.001699   -3.674
  472302.36  5887782.40   2.324024   0.000222   0.001698   -3.644
  472302.22  5887784.72   2.324644   0.000222   0.001696   -3.614
  472302.07  5887787.04   2.325238   0.000222   0.001694   -3.585
  472301.93  5887789.36   2.325807   0.000221   0.001693   -3.555
  472301.78  5887791.68   2.326350   0.000221   0.001691   -3.526
  472301.64  5887794.00   2.326868   0.000221   0.001690   -3.496
  472301.50  5887796.33   2.327360   0.000220   0.001689   -3.467
  472301.36  5887798.65   2.327827   0.000220   0.001687   -3.438
  472301.22  5887800.97   2.328267   0.000220   0.001686   -3.408
  472301.09  5887803.30   2.328683   0.000220   0.001685   -3.379
  472300.95  5887805.62   2.329072   0.000219   0.001683   -3.350
  472300.81  5887807.95   2.329436   0.000219   0.001682   -3.320
  472300.68  5887810.27   2.329774   0.000219   0.001681   -3.291
  472300.55  5887812.60   2.330087   0.000219   0.001681   -3.262
  472300.42  5887814.93   2.330376   0.000219   0.001681   -3.233
  472300.29  5887817.25   2.330640   0.000218   0.001678   -3.203
  472300.16  5887819.58   2.330874   0.000218   0.001672   -3.174
  472300.03  5887821.91   2.331076   0.000217   0.001667   -3.145
  472299.90  5887824.24   2.331249   0.000216   0.001661   -3.116
  472299.78  5887826.56   2.331391   0.000215   0.001656   -3.087
  472299.65  5887828.89   2.331502   0.000215   0.001651   -3.058
  472299.53  5887831.22   2.331583   0.000214   0.001646   -3.030
  472299.41  5887833.55   2.331633   0.000213   0.001640   -3.001
  472299.29  5887835.88   2.331653   0.000213   0.001635   -2.973
  472299.17  5887838.21   2.331642   0.000212   0.001630   -2.944
  472299.05  5887840.54   2.331601   0.000211   0.001625   -2.916
  472298.93  5887842.86   2.331529   0.000211   0.001620   -2.888
  472298.81  5887845.19   2.331427   0.000210   0.001615   -2.860
  472298.70  5887847.52   2.331294   0.000209   0.001610   -2.832
  472298.59  5887849.85   2.331130   0.000209   0.001605   -2.804
  472298.47  5887852.18   2.330936   0.000208   0.001600   -2.776
  472298.36  5887854.51   2.330712   0.000207   0.001593   -2.748
  472298.25  5887856.83   2.330455   0.000207   0.001586   -2.720
  472298.14  5887859.16   2.330168   0.000207   0.001586   -2.693
  472298.03  5887861.49   2.329853   0.000207   0.001590   -2.665
  472297.92  5887863.82   2.329510   0.000208   0.001594   -2.637
  472297.82  5887866.14   2.329139   0.000208   0.001599   -2.610
  472297.71  5887868.47   2.328741   0.000209   0.001603   -2.582
  472297.61  5887870.80   2.328314   0.000210   0.001607   -2.554
  472297.51  5887873.12   2.327859   0.000210   0.001612   -2.526
  472297.41  5887875.45   2.327377   0.000211   0.001616   -2.498
  472297.31  5887877.77   2.326867   0.000212   0.001620   -2.470
  472297.21  5887880.10   2.326328   0.000212   0.001625   -2.442
  472297.11  5887882.42   2.325762   0.000213   0.001629   -2.413
  472297.01  5887884.74   2.325168   0.000214   0.001634   -2.385
  472296.92  5887887.07   2.324546   0.000214   0.001639   -2.356
  472296.82  5887889.39   2.323897   0.000215   0.001643   -2.328
  472296.73  5887891.71   2.323219   0.000216   0.001648   -2.299
  472296.64  5887894.03   2.322514   0.000217   0.001653   -2.270
  472296.55  5887896.35   2.321780   0.000217   0.001657   -2.242
  472296.46  5887898.67   2.321019   0.000218   0.001662   -2.213
  472296.37  5887900.99   2.320230   0.000219   0.001667   -2.184
  472296.28  5887903.31   2.319413   0.000220   0.001672   -2.155
  472296.19  5887905.63   2.318569   0.000221   0.001677   -2.125
  472296.11  5887907.94   2.317696   0.000221   0.001682   -2.096
  472296.03  5887910.26   2.316796   0.000222   0.001687   -2.067
  472295.94  5887912.57   2.315868   0.000223   0.001692   -2.037
  472295.86  5887914.89   2.314912   0.000224   0.001697   -2.008
  472295.78  5887917.20   2.313928   0.000225   0.001702   -1.978
  472295.70  5887919.51   2.312917   0.000226   0.001707   -1.948
  472295.63  5887921.82   2.311877   0.000227   0.001713   -1.918
  472295.55  5887924.13   2.310810   0.000227   0.001718   -1.888
  472295.48  5887926.44   2.309715   0.000228   0.001723   -1.858
  472295.40  5887928.75   2.308593   0.000229   0.001729   -1.828
  472295.33  5887931.06   2.307442   0.000230   0.001734   -1.797
  472295.26  5887933.36   2.306264   0.000231   0.001739   -1.767
  472295.19  5887935.67   2.305058   0.000232   0.001745   -1.736
  472295.12  5887937.97   2.303824   0.000233   0.001751   -1.706
  472295.05  5887940.27   2.302563   0.000234   0.001756   -1.675
  472294.99  5887942.58   2.301274   0.000235   0.001762   -1.644
  472294.92  5887944.87   2.299957   0.000236   0.001767   -1.613
  472294.86  5887947.17   2.298612   0.000237   0.001773   -1.582
  472294.80  5887949.47   2.297240   0.000238   0.001779   -1.551
  472294.74  5887951.77   2.295840   0.000239   0.001785   -1.519
  472294.68  5887954.06   2.294412   0.000241   0.001791   -1.488
  472294.62  5887956.35   2.292956   0.000242   0.001797   -1.456
  472294.56  5887958.64   2.291473   0.000243   0.001803   -1.424
  472294.51  5887960.93   2.289962   0.000244   0.001809   -1.393
  472294.45  5887963.22   2.288424   0.000245   0.001815   -1.361
  472294.40  5887965.51   2.286858   0.000246   0.001821   -1.328
  472294.35  5887967.80   2.285264   0.000247   0.001827   -1.296
  472294.30  5887970.08   2.283642   0.000249   0.001833   -1.264
  472294.25  5887972.36   2.281993   0.000250   0.001840   -1.231
  472294.20  5887974.64   2.280316   0.000251   0.001846   -1.199
  472294.15  5887976.92   2.278612   0.000252   0.001852   -1.166
  472294.11  5887979.20   2.276880   0.000254   0.001859   -1.133
  472294.06  5887981.47   2.275120   0.000255   0.001865   -1.100
  472294.02  5887983.75   2.273333   0.000256   0.001872   -1.067
  472293.98  5887986.02   2.271518   0.000257   0.001878   -1.033
  472293.94  5887988.29   2.269675   0.000259   0.001885   -1.000
  472293.90  5887990.56   2.267805   0.000260   0.001892   -0.966
  472293.87  5887992.83   2.265908   0.000261   0.001898   -0.932
  472293.83  5887995.09   2.263982   0.000263   0.001905   -0.898
  472293.80  5887997.35   2.262030   0.000264   0.001912   -0.864
  472293.76  5887999.61   2.260049   0.000266   0.001919   -0.830
  472293.73  5888001.87   2.258041   0.000267   0.001926   -0.796
  472293.70  5888004.13   2.256006   0.000269   0.001933   -0.761
  472293.67  5888006.38   2.253943   0.000270   0.001940   -0.726
  472293.65  5888008.64   2.251853   0.000272   0.001947   -0.692
  472293.62  5888010.89   2.249735   0.000273   0.001954   -0.656
  472293.60  5888013.14   2.247589   0.000275   0.001963   -0.621
  472293.57  5888015.38   2.245415   0.000277   0.001972   -0.586
  472293.55  5888017.63   2.243212   0.000278   0.001976   -0.550
  472293.53  5888019.87   2.240986   0.000278   0.001978   -0.515
  472293.51  5888022.11   2.238737   0.000279   0.001979   -0.479
  472293.50  5888024.35   2.236463   0.000280   0.001981   -0.443
  472293.48  5888026.58   2.234166   0.000281   0.001983   -0.407
  472293.46  5888028.81   2.231846   0.000282   0.001984   -0.371
  472293.45  5888031.05   2.229502   0.000283   0.001986   -0.335
  472293.44  5888033.27   2.227134   0.000283   0.001988   -0.299
  472293.43  5888035.50   2.224742   0.000284   0.001990   -0.263
  472293.42  5888037.72   2.222327   0.000285   0.001992   -0.227
  472293.41  5888039.94   2.219889   0.000286   0.001994   -0.190
  472293.41  5888042.16   2.217426   0.000287   0.001996   -0.154
  472293.40  5888044.38   2.214940   0.000288   0.001998   -0.118
  472293.40  5888046.59   2.212431   0.000289   0.002000   -0.081
  472293.40  5888048.80   2.209897   0.000290   0.002002   -0.044
  472293.40  5888051.01   2.207340   0.000291   0.002004   -0.008
  472293.40  5888053.22   2.204760   0.000292   0.002006    0.029
  472293.40  5888055.42   2.202156   0.000293   0.002009    0.066
  472293.41  5888057.62   2.199528   0.000294   0.002011    0.103
  472293.41  5888059.82   2.196877   0.000295   0.002013    0.140
  472293.42  5888062.02   2.194202   0.000296   0.002016    0.177
  472293.43  5888064.21   2.191503   0.000297   0.002018    0.214
  472293.44  5888066.40   2.188781   0.000298   0.002021    0.252
  472293.45  5888068.59   2.186035   0.000299   0.002023    0.289
  472293.46  5888070.77   2.183266   0.000301   0.002026    0.327
  472293.47  5888072.95   2.180473   0.000302   0.002029    0.364
  472293.49  5888075.13   2.177657   0.000303   0.002031    0.402
  472293.51  5888077.31   2.174817   0.000304   0.002036    0.440
  472293.52  5888079.48   2.171935   0.000306   0.002041    0.478
  472293.54  5888081.65   2.169029   0.000307   0.002040    0.516
  472293.56  5888083.82   2.166137   0.000307   0.002035    0.554
  472293.59  5888085.98   2.163258   0.000307   0.002031    0.592
  472293.61  5888088.15   2.160393   0.000307   0.002026    0.630
  472293.63  5888090.30   2.157541   0.000307   0.002021    0.668
  472293.66  5888092.46   2.154703   0.000307   0.002016    0.706
  472293.69  5888094.61   2.151878   0.000307   0.002012    0.744
  472293.72  5888096.76   2.149067   0.000307   0.002007    0.782
  472293.75  5888098.91   2.146269   0.000307   0.002002    0.819
  472293.78  5888101.06   2.143485   0.000307   0.001997    0.857
  472293.82  5888103.20   2.140714   0.000307   0.001992    0.895
  472293.85  5888105.34   2.137957   0.000307   0.001987    0.933
  472293.89  5888107.47   2.135213   0.000307   0.001982    0.970
  472293.92  5888109.61   2.132483   0.000307   0.001977    1.008
  472293.96  5888111.74   2.129766   0.000307   0.001972    1.045
  472294.00  5888113.87   2.127063   0.000307   0.001967    1.083
  472294.04  5888115.99   2.124373   0.000307   0.001962    1.120
  472294.09  5888118.11   2.121696   0.000307   0.001957    1.158
  472294.13  5888120.23   2.119033   0.000307   0.001952    1.195
  472294.18  5888122.35   2.116383   0.000307   0.001947    1.233
  472294.22  5888124.47   2.113747   0.000307   0.001942    1.270
  472294.27  5888126.58   2.111124   0.000307   0.001936    1.307
  472294.32  5888128.69   2.108514   0.000307   0.001931    1.344
  472294.37  5888130.79   2.105918   0.000307   0.001926    1.381
  472294.42  5888132.90   2.103335   0.000307   0.001921    1.418
  472294.48  5888135.00   2.100766   0.000307   0.001915    1.455
  472294.53  5888137.10   2.098210   0.000307   0.001910    1.492
  472294.59  5888139.19   2.095667   0.000307   0.001905    1.529
  472294.65  5888141.29   2.093138   0.000307   0.001899    1.566
  472294.70  5888143.38   2.090622   0.000306   0.001894    1.603
  472294.76  5888145.47   2.088119   0.000306   0.001888    1.639
  472294.83  5888147.55   2.085630   0.000306   0.001883    1.676
  472294.89  5888149.64   2.083150   0.000306   0.001878    1.713
  472294.95  5888151.72   2.080684   0.000306   0.001872    1.749
  472295.02  5888153.80   2.078238   0.000305   0.001865    1.786
  472295.08  5888155.87   2.075812   0.000305   0.001859    1.822
  472295.15  5888157.94   2.073407   0.000305   0.001853    1.858
  472295.22  5888160.02   2.071023   0.000304   0.001846    1.895
  472295.29  5888162.08   2.068659   0.000304   0.001839    1.931
  472295.36  5888164.15   2.066316   0.000304   0.001833    1.967
  472295.43  5888166.21   2.063993   0.000303   0.001826    2.003
  472295.50  5888168.28   2.061690   0.000303   0.001819    2.038
  472295.58  5888170.34   2.059408   0.000302   0.001813    2.074
  472295.65  5888172.39   2.057147   0.000302   0.001806    2.110
  472295.73  5888174.45   2.054906   0.000301   0.001799    2.145
  472295.81  5888176.50   2.052685   0.000301   0.001792    2.181
  472295.89  5888178.55   2.050484   0.000300   0.001785    2.216
  472295.97  5888180.60   2.048304   0.000300   0.001778    2.252
  472296.05  5888182.64   2.046145   0.000299   0.001771    2.287
  472296.13  5888184.69   2.044006   0.000299   0.001764    2.322
  472296.22  5888186.73   2.041887   0.000298   0.001757    2.357
  472296.30  5888188.77   2.039788   0.000297   0.001750    2.392
  472296.39  5888190.80   2.037710   0.000297   0.001743    2.426
  472296.48  5888192.84   2.035653   0.000296   0.001735    2.461
  472296.57  5888194.87   2.033616   0.000296   0.001729    2.496
  472296.65  5888196.90   2.031599   0.000295   0.001723    2.530
  472296.75  5888198.93   2.029600   0.000295   0.001718    2.564
  472296.84  5888200.96   2.027621   0.000294   0.001712    2.599
  472296.93  5888202.98   2.025660   0.000294   0.001706    2.633
  472297.02  5888205.00   2.023719   0.000294   0.001701    2.667
  472297.12  5888207.02   2.021796   0.000293   0.001695    2.701
  472297.22  5888209.04   2.019893   0.000293   0.001689    2.735
  472297.31  5888211.06   2.018008   0.000292   0.001684    2.769
  472297.41  5888213.07   2.016143   0.000292   0.001678    2.803
  472297.51  5888215.09   2.014297   0.000291   0.001672    2.836
  472297.61  5888217.10   2.012469   0.000291   0.001666    2.870
  472297.72  5888219.11   2.010661   0.000290   0.001660    2.904
  472297.82  5888221.11   2.008872   0.000290   0.001654    2.937
  472297.92  5888223.12   2.007101   0.000289   0.001648    2.970
  472298.03  5888225.12   2.005351   0.000289   0.001642    3.004
  472298.13  5888227.12   2.003619   0.000288   0.001636    3.037
  472298.24  5888229.12   2.001905   0.000288   0.001631    3.070
  472298.35  5888231.12   2.000208   0.000287   0.001626    3.103
  472298.46  5888233.12   1.998528   0.000287   0.001620    3.136
  472298.57  5888235.11   1.996865   0.000286   0.001615    3.169
  472298.68  5888237.11   1.995219   0.000286   0.001609    3.201
  472298.79  5888239.10   1.993591   0.000285   0.001604    3.234
  472298.91  5888241.09   1.991979   0.000285   0.001598    3.267
  472299.02  5888243.07   1.990385   0.000284   0.001592    3.299
  472299.14  5888245.06   1.988808   0.000284   0.001587    3.332
  472299.25  5888247.05   1.987248   0.000283   0.001581    3.364
  472299.37  5888249.03   1.985705   0.000283   0.001575    3.396
  472299.49  5888251.01   1.984179   0.000282   0.001570    3.428
  472299.61  5888252.99   1.982670   0.000281   0.001564    3.460
  472299.73  5888254.97   1.981178   0.000281   0.001558    3.492
  472299.85  5888256.94   1.979704   0.000280   0.001552    3.524
  472299.97  5888258.92   1.978246   0.000280   0.001547    3.556
  472300.10  5888260.89   1.976803   0.000279   0.001543    3.588
  472300.22  5888262.87   1.975378   0.000278   0.001535    3.619
  472300.35  5888264.84   1.973973   0.000277   0.001524    3.651
  472300.48  5888266.81   1.972590   0.000275   0.001514    3.682
  472300.60  5888268.77   1.971228   0.000274   0.001503    3.713
  472300.73  5888270.74   1.969887   0.000272   0.001493    3.744
  472300.86  5888272.70   1.968567   0.000270   0.001482    3.775
  472300.99  5888274.67   1.967269   0.000269   0.001472    3.805
  472301.12  5888276.63   1.965991   0.000267   0.001461    3.836
  472301.26  5888278.59   1.964735   0.000266   0.001450    3.866
  472301.39  5888280.55   1.963499   0.000264   0.001440    3.896
  472301.52  5888282.51   1.962285   0.000262   0.001429    3.925
  472301.66  5888284.47   1.961092   0.000261   0.001418    3.955
  472301.80  5888286.42   1.959920   0.000259   0.001407    3.984
  472301.93  5888288.38   1.958769   0.000257   0.001397    4.013
  472302.07  5888290.33   1.957639   0.000256   0.001386    4.042
  472302.21  5888292.28   1.956530   0.000254   0.001375    4.071
  472302.35  5888294.23   1.955442   0.000252   0.001364    4.099
  472302.49  5888296.18   1.954375   0.000250   0.001352    4.127
  472302.63  5888298.13   1.953330   0.000249   0.001342    4.155
  472302.77  5888300.08   1.952304   0.000247   0.001332    4.183
  472302.92  5888302.03   1.951298   0.000246   0.001323    4.211
  472303.06  5888303.97   1.950311   0.000244   0.001313    4.238
  472303.21  5888305.92   1.949343   0.000243   0.001304    4.266
  472303.35  5888307.86   1.948394   0.000241   0.001294    4.293
  472303.50  5888309.80   1.947465   0.000239   0.001284    4.320
  472303.65  5888311.74   1.946555   0.000238   0.001274    4.346
  472303.80  5888313.68   1.945665   0.000236   0.001265    4.373
  472303.94  5888315.62   1.944793   0.000235   0.001255    4.399
  472304.09  5888317.56   1.943941   0.000233   0.001245    4.425
  472304.25  5888319.50   1.943109   0.000231   0.001235    4.451
  472304.40  5888321.44   1.942295   0.000230   0.001225    4.477
  472304.55  5888323.37   1.941501   0.000228   0.001215    4.503
  472304.70  5888325.31   1.940726   0.000226   0.001205    4.528
  472304.86  5888327.24   1.939970   0.000225   0.001196    4.553
  472305.01  5888329.17   1.939234   0.000223   0.001186    4.578
  472305.17  5888331.11   1.938517   0.000221   0.001176    4.603
  472305.32  5888333.04   1.937819   0.000219   0.001165    4.628
  472305.48  5888334.97   1.937140   0.000218   0.001155    4.652
  472305.64  5888336.90   1.936480   0.000216   0.001145    4.676
  472305.80  5888338.83   1.935840   0.000214   0.001135    4.700
  472305.96  5888340.76   1.935218   0.000212   0.001125    4.724
  472306.12  5888342.69   1.934616   0.000210   0.001114    4.747
  472306.28  5888344.61   1.934039   0.000208   0.001102    4.771
  472306.44  5888346.54   1.933482   0.000207   0.001094    4.794
  472306.60  5888348.47   1.932931   0.000206   0.001090    4.817
  472306.76  5888350.39   1.932387   0.000205   0.001085    4.839
  472306.93  5888352.32   1.931850   0.000205   0.001080    4.862
  472307.09  5888354.24   1.931320   0.000204   0.001075    4.885
  472307.26  5888356.17   1.930797   0.000203   0.001070    4.907
  472307.42  5888358.09   1.930280   0.000202   0.001065    4.930
  472307.59  5888360.01   1.929771   0.000201   0.001061    4.952
  472307.76  5888361.94   1.929268   0.000201   0.001056    4.975
  472307.93  5888363.86   1.928772   0.000200   0.001051    4.997
  472308.09  5888365.78   1.928283   0.000199   0.001046    5.019
  472308.26  5888367.70   1.927801   0.000198   0.001041    5.041
  472308.43  5888369.62   1.927326   0.000197   0.001036    5.063
  472308.60  5888371.54   1.926857   0.000196   0.001031    5.084
  472308.78  5888373.46   1.926396   0.000196   0.001026    5.106
  472308.95  5888375.38   1.925941   0.000195   0.001021    5.128
  472309.12  5888377.29   1.925493   0.000194   0.001016    5.149
  472309.29  5888379.21   1.925052   0.000193   0.001011    5.171
  472309.47  5888381.13   1.924617   0.000192   0.001007    5.192
  472309.64  5888383.04   1.924190   0.000191   0.001002    5.213
  472309.82  5888384.96   1.923769   0.000190   0.000997    5.234
  472310.00  5888386.88   1.923355   0.000190   0.000992    5.255
  472310.17  5888388.79   1.922948   0.000189   0.000987    5.276
  472310.35  5888390.71   1.922548   0.000188   0.000982    5.297
  472310.53  5888392.62   1.922154   0.000187   0.000977    5.317
  472310.71  5888394.53   1.921768   0.000186   0.000972    5.338
  472310.89  5888396.45   1.921388   0.000185   0.000967    5.358
  472311.07  5888398.36   1.921015   0.000184   0.000962    5.379
  472311.25  5888400.27   1.920648   0.000183   0.000956    5.399
  472311.43  5888402.18   1.920289   0.000182   0.000951    5.419
  472311.61  5888404.09   1.919936   0.000182   0.000946    5.439
  472311.79  5888406.01   1.919590   0.000181   0.000941    5.459
  472311.98  5888407.92   1.919251   0.000180   0.000936    5.479
  472312.16  5888409.83   1.918918   0.000179   0.000931    5.499
  472312.34  5888411.74   1.918593   0.000178   0.000926    5.519
  472312.53  5888413.65   1.918274   0.000177   0.000921    5.538
  472312.72  5888415.56   1.917961   0.000176   0.000916    5.558
  472312.90  5888417.46   1.917656   0.000175   0.000911    5.577
  472313.09  5888419.37   1.917357   0.000174   0.000906    5.596
  472313.28  5888421.28   1.917065   0.000173   0.000901    5.615
  472313.47  5888423.19   1.916780   0.000172   0.000895    5.634
  472313.65  5888425.10   1.916502   0.000171   0.000890    5.653
  472313.84  5888427.00   1.916230   0.000170   0.000885    5.672
  472314.03  5888428.91   1.915965   0.000170   0.000880    5.691
  472314.22  5888430.82   1.915706   0.000169   0.000875    5.710
  472314.42  5888432.72   1.915455   0.000168   0.000870    5.728
  472314.61  5888434.63   1.915210   0.000167   0.000865    5.746
  472314.80  5888436.53   1.914972   0.000166   0.000859    5.765
  472314.99  5888438.44   1.914740   0.000165   0.000854    5.783
  472315.19  5888440.34   1.914516   0.000164   0.000849    5.801
  472315.38  5888442.25   1.914298   0.000163   0.000844    5.819
  472315.57  5888444.15   1.914086   0.000162   0.000839    5.837
  472315.77  5888446.06   1.913882   0.000161   0.000833    5.855
  472315.97  5888447.96   1.913684   0.000160   0.000828    5.872
  472316.16  5888449.86   1.913492   0.000159   0.000823    5.890
  472316.36  5888451.77   1.913308   0.000158   0.000818    5.907
  472316.56  5888453.67   1.913130   0.000157   0.000813    5.924
  472316.75  5888455.57   1.912959   0.000156   0.000807    5.942
  472316.95  5888457.47   1.912794   0.000155   0.000802    5.959
  472317.15  5888459.38   1.912636   0.000154   0.000797    5.976
  472317.35  5888461.28   1.912485   0.000153   0.000792    5.993
  472317.55  5888463.18   1.912340   0.000152   0.000786    6.009
  472317.75  5888465.08   1.912202   0.000151   0.000781    6.026
  472317.95  5888466.98   1.912071   0.000150   0.000776    6.043
  472318.16  5888468.88   1.911947   0.000149   0.000771    6.059
  472318.36  5888470.79   1.911829   0.000148   0.000765    6.075
  472318.56  5888472.69   1.911717   0.000147   0.000760    6.092
  472318.76  5888474.59   1.911613   0.000146   0.000755    6.108
  472318.97  5888476.49   1.911515   0.000145   0.000749    6.124
  472319.17  5888478.39   1.911423   0.000144   0.000744    6.140
  472319.38  5888480.29   1.911339   0.000143   0.000739    6.155
  472319.58  5888482.19   1.911261   0.000142   0.000733    6.171
  472319.79  5888484.09   1.911189   0.000141   0.000728    6.187
  472320.00  5888485.99   1.911124   0.000140   0.000723    6.202
  472320.20  5888487.89   1.911066   0.000139   0.000717    6.217
  472320.41  5888489.79   1.911015   0.000138   0.000712    6.233
  472320.62  5888491.69   1.910970   0.000137   0.000707    6.248
  472320.83  5888493.59   1.910931   0.000136   0.000701    6.263
  472321.04  5888495.49   1.910900   0.000135   0.000696    6.277
  472321.24  5888497.39   1.910875   0.000134   0.000691    6.292
  472321.45  5888499.29   1.910856   0.000133   0.000685    6.307
  472321.66  5888501.19   1.910844   0.000132   0.000680    6.321
  472321.88  5888503.08   1.910839   0.000131   0.000675    6.336
  472322.09  5888504.98   1.910840   0.000130   0.000669    6.350
  472322.30  5888506.88   1.910848   0.000129   0.000664    6.364
  472322.51  5888508.78   1.910863   0.000128   0.000659    6.378
  472322.72  5888510.68   1.910884   0.000126   0.000653    6.392
  472322.94  5888512.58   1.910911   0.000125   0.000648    6.406
  472323.15  5888514.48   1.910945   0.000124   0.000642    6.420
  472323.37  5888516.38   1.910986   0.000123   0.000637    6.434
  472323.58  5888518.28   1.911034   0.000122   0.000632    6.447
  472323.79  5888520.18   1.911088   0.000121   0.000626    6.460
  472324.01  5888522.07   1.911148   0.000120   0.000621    6.474
  472324.23  5888523.97   1.911215   0.000119   0.000615    6.487
  472324.44  5888525.87   1.911289   0.000118   0.000610    6.500
  472324.66  5888527.77   1.911369   0.000117   0.000604    6.513
  472324.88  5888529.67   1.911456   0.000116   0.000599    6.526
  472325.09  5888531.57   1.911550   0.000115   0.000594    6.538
  472325.31  5888533.47   1.911649   0.000114   0.000588    6.551
  472325.53  5888535.37   1.911756   0.000113   0.000583    6.563
  472325.75  5888537.27   1.911869   0.000112   0.000577    6.576
  472325.97  5888539.17   1.911989   0.000111   0.000572    6.588
  472326.19  5888541.07   1.912115   0.000110   0.000566    6.600
  472326.41  5888542.97   1.912247   0.000108   0.000561    6.612
  472326.63  5888544.86   1.912387   0.000107   0.000556    6.624
  472326.85  5888546.76   1.912532   0.000106   0.000550    6.636
  472327.07  5888548.66   1.912685   0.000105   0.000545    6.647
  472327.29  5888550.56   1.912844   0.000104   0.000539    6.659
  472327.52  5888552.46   1.913009   0.000103   0.000534    6.670
  472327.74  5888554.36   1.913181   0.000102   0.000528    6.682
  472327.96  5888556.26   1.913359   0.000101   0.000523    6.693
  472328.18  5888558.16   1.913544   0.000100   0.000517    6.704
  472328.41  5888560.07   1.913736   0.000099   0.000512    6.715
  472328.63  5888561.97   1.913934   0.000098   0.000506    6.726
  472328.86  5888563.87   1.914138   0.000097   0.000501    6.736
  472329.08  5888565.77   1.914349   0.000096   0.000495    6.747
  472329.31  5888567.67   1.914567   0.000095   0.000491    6.758
  472329.53  5888569.57   1.914797   0.000094   0.000486    6.768
  472329.76  5888571.47   1.915033   0.000092   0.000479    6.778
  472329.99  5888573.37   1.915264   0.000090   0.000469    6.788
  472330.21  5888575.28   1.915491   0.000089   0.000460    6.798
  472330.44  5888577.18   1.915713   0.000087   0.000450    6.808
  472330.67  5888579.08   1.915930   0.000085   0.000441    6.818
  472330.89  5888580.98   1.916143   0.000083   0.000431    6.827
  472331.12  5888582.88   1.916350   0.000081   0.000422    6.836
  472331.35  5888584.79   1.916553   0.000079   0.000412    6.845
  472331.58  5888586.69   1.916751   0.000078   0.000403    6.854
  472331.81  5888588.59   1.916945   0.000076   0.000393    6.862
  472332.04  5888590.50   1.917133   0.000074   0.000384    6.870
  472332.27  5888592.40   1.917317   0.000072   0.000374    6.879
  472332.50  5888594.30   1.917496   0.000070   0.000365    6.886
  472332.73  5888596.21   1.917670   0.000068   0.000356    6.894
  472332.96  5888598.11   1.917840   0.000067   0.000346    6.902
  472333.19  5888600.02   1.918004   0.000065   0.000337    6.909
  472333.42  5888601.92   1.918164   0.000063   0.000327    6.916
  472333.65  5888603.82   1.918319   0.000061   0.000318    6.923
  472333.88  5888605.73   1.918469   0.000059   0.000308    6.930
  472334.11  5888607.63   1.918615   0.000057   0.000299    6.936
  472334.35  5888609.54   1.918755   0.000056   0.000289    6.943
  472334.58  5888611.44   1.918891   0.000054   0.000280    6.949
  472334.81  5888613.35   1.919022   0.000052   0.000270    6.955
  472335.04  5888615.25   1.919148   0.000050   0.000261    6.960
  472335.28  5888617.16   1.919270   0.000048   0.000252    6.966
  472335.51  5888619.06   1.919386   0.000046   0.000242    6.971
  472335.74  5888620.97   1.919498   0.000045   0.000233    6.976
  472335.98  5888622.87   1.919605   0.000043   0.000223    6.981
  472336.21  5888624.78   1.919707   0.000041   0.000214    6.986
  472336.44  5888626.68   1.919804   0.000039   0.000204    6.990
  472336.68  5888628.59   1.919897   0.000037   0.000195    6.995
  472336.91  5888630.49   1.919984   0.000036   0.000186    6.999
  472337.14  5888632.40   1.920067   0.000034   0.000175    7.003
  472337.38  5888634.31   1.920144   0.000032   0.000165    7.006
  472337.61  5888636.21   1.920216   0.000030   0.000157    7.010
  472337.85  5888638.12   1.920285   0.000029   0.000152    7.013
  472338.08  5888640.02   1.920352   0.000028   0.000146    7.016
  472338.32  5888641.93   1.920417   0.000027   0.000141    7.019
  472338.55  5888643.84   1.920479   0.000026   0.000136    7.022
  472338.79  5888645.74   1.920539   0.000025   0.000130    7.025
  472339.02  5888647.65   1.920596   0.000024   0.000125    7.028
  472339.26  5888649.55   1.920651   0.000023   0.000119    7.031
  472339.49  5888651.46   1.920704   0.000022   0.000114    7.033
  472339.73  5888653.37   1.920754   0.000021   0.000108    7.036
  472339.96  5888655.27   1.920801   0.000020   0.000103    7.038
  472340.20  5888657.18   1.920846   0.000019   0.000098    7.040
  472340.43  5888659.09   1.920889   0.000018   0.000092    7.042
  472340.67  5888660.99   1.920929   0.000017   0.000087    7.044
  472340.90  5888662.90   1.920967   0.000016   0.000081    7.046
  472341.14  5888664.81   1.921003   0.000015   0.000076    7.048
  472341.38  5888666.71   1.921036   0.000014   0.000070    7.049
  472341.61  5888668.62   1.921066   0.000012   0.000065    7.051
  472341.85  5888670.52   1.921094   0.000011   0.000060    7.052
  472342.08  5888672.43   1.921120   0.000010   0.000054    7.053
  472342.32  5888674.34   1.921143   0.000009   0.000049    7.054
  472342.56  5888676.24   1.921164   0.000008   0.000043    7.056
  472342.79  5888678.15   1.921182   0.000007   0.000038    7.056
  472343.03  5888680.06   1.921198   0.000006   0.000033    7.057
  472343.26  5888681.96   1.921211   0.000005   0.000027    7.058
  472343.50  5888683.87   1.921222   0.000004   0.000022    7.058
  472343.74  5888685.78   1.921231   0.000003   0.000016    7.059
  472343.97  5888687.68   1.921237   0.000002   0.000009    7.059
  472344.21  5888689.59   1.921239   0.000001   0.000005    7.060
