  472861.00  5889503.50   0.118435   0.000073   0.000001    0.000
  472861.11  5889503.52   0.119713   0.000142   0.000003   82.158
  472861.23  5889503.53   0.122272   0.000267   0.000006   82.159
  472861.36  5889503.55   0.124835   0.000380   0.000008   82.161
  472861.48  5889503.57   0.127402   0.000482   0.000011   82.164
  472861.61  5889503.58   0.129973   0.000573   0.000014   82.167
  472861.74  5889503.60   0.132548   0.000655   0.000016   82.171
  472861.87  5889503.62   0.135127   0.000729   0.000019   82.176
  472862.01  5889503.64   0.137710   0.000795   0.000021   82.182
  472862.14  5889503.66   0.140298   0.000854   0.000024   82.188
  472862.28  5889503.68   0.142889   0.000907   0.000026   82.195
  472862.43  5889503.70   0.145485   0.000954   0.000029   82.203
  472862.57  5889503.72   0.148085   0.000997   0.000031   82.211
  472862.72  5889503.74   0.150689   0.001035   0.000033   82.219
  472862.87  5889503.76   0.153297   0.001069   0.000036   82.228
  472863.02  5889503.78   0.155909   0.001099   0.000038   82.237
  472863.18  5889503.80   0.158525   0.001125   0.000040   82.247
  472863.34  5889503.82   0.161145   0.001149   0.000042   82.257
  472863.50  5889503.84   0.163770   0.001169   0.000044   82.268
  472863.66  5889503.87   0.166398   0.001187   0.000046   82.279
  472863.83  5889503.89   0.169031   0.001203   0.000049   82.290
  472864.00  5889503.91   0.171668   0.001217   0.000051   82.302
  472864.17  5889503.93   0.174309   0.001228   0.000053   82.314
  472864.34  5889503.96   0.176954   0.001238   0.000055   82.326
  472864.52  5889503.98   0.179603   0.001246   0.000057   82.339
  472864.70  5889504.00   0.182256   0.001253   0.000059   82.352
  472864.88  5889504.03   0.184914   0.001259   0.000061   82.365
  472865.07  5889504.05   0.187575   0.001263   0.000063   82.378
  472865.25  5889504.08   0.190241   0.001266   0.000065   82.392
  472865.44  5889504.10   0.192911   0.001268   0.000067   82.405
  472865.64  5889504.13   0.195585   0.001269   0.000069   82.419
  472865.83  5889504.16   0.198263   0.001269   0.000071   82.434
  472866.03  5889504.18   0.200945   0.001269   0.000072   82.448
  472866.23  5889504.21   0.203631   0.001267   0.000074   82.463
  472866.43  5889504.24   0.206322   0.001265   0.000076   82.477
  472866.64  5889504.26   0.209016   0.001263   0.000078   82.492
  472866.85  5889504.29   0.211715   0.001260   0.000080   82.507
  472867.06  5889504.32   0.214418   0.001256   0.000082   82.523
  472867.27  5889504.35   0.217125   0.001252   0.000083   82.538
  472867.49  5889504.37   0.219836   0.001248   0.000085   82.554
  472867.71  5889504.40   0.222551   0.001243   0.000087   82.569
  472867.93  5889504.43   0.225270   0.001237   0.000089   82.585
  472868.16  5889504.46   0.227994   0.001232   0.000091   82.601
  472868.38  5889504.49   0.230721   0.001226   0.000092   82.617
  472868.61  5889504.52   0.233453   0.001220   0.000094   82.634
  472868.85  5889504.55   0.236189   0.001214   0.000096   82.650
  472869.08  5889504.58   0.238929   0.001207   0.000097   82.666
  472869.32  5889504.61   0.241674   0.001201   0.000099   82.683
  472869.56  5889504.64   0.244422   0.001194   0.000101   82.699
  472869.80  5889504.67   0.247174   0.001187   0.000103   82.716
  472870.05  5889504.70   0.249931   0.001180   0.000104   82.733
  472870.30  5889504.74   0.252692   0.001173   0.000106   82.750
  472870.55  5889504.77   0.255457   0.001165   0.000108   82.767
  472870.81  5889504.80   0.258226   0.001158   0.000109   82.784
  472871.06  5889504.83   0.260999   0.001151   0.000111   82.801
  472871.33  5889504.87   0.263777   0.001143   0.000112   82.818
  472871.59  5889504.90   0.266558   0.001135   0.000114   82.836
  472871.85  5889504.93   0.269344   0.001128   0.000116   82.853
  472872.12  5889504.97   0.272134   0.001120   0.000117   82.870
  472872.39  5889505.00   0.274928   0.001112   0.000119   82.888
  472872.67  5889505.03   0.277726   0.001105   0.000120   82.905
  472872.95  5889505.07   0.280529   0.001097   0.000122   82.923
  472873.23  5889505.10   0.283335   0.001089   0.000124   82.940
  472873.51  5889505.14   0.286146   0.001081   0.000125   82.958
  472873.79  5889505.17   0.288961   0.001074   0.000127   82.976
  472874.08  5889505.21   0.291780   0.001066   0.000128   82.994
  472874.37  5889505.24   0.294603   0.001058   0.000130   83.011
  472874.67  5889505.28   0.297430   0.001051   0.000131   83.029
  472874.96  5889505.32   0.300262   0.001043   0.000133   83.047
  472875.26  5889505.35   0.303097   0.001035   0.000134   83.065
  472875.56  5889505.39   0.305937   0.001028   0.000136   83.083
  472875.87  5889505.43   0.308781   0.001020   0.000138   83.101
  472876.18  5889505.46   0.311629   0.001012   0.000139   83.119
  472876.49  5889505.50   0.314482   0.001005   0.000141   83.137
  472876.80  5889505.54   0.317338   0.000997   0.000142   83.155
  472877.12  5889505.58   0.320199   0.000990   0.000144   83.174
  472877.44  5889505.61   0.323064   0.000983   0.000145   83.192
  472877.76  5889505.65   0.325933   0.000975   0.000147   83.210
  472878.09  5889505.69   0.328806   0.000968   0.000148   83.228
  472878.41  5889505.73   0.331683   0.000961   0.000149   83.246
  472878.74  5889505.77   0.334565   0.000953   0.000151   83.265
  472879.08  5889505.81   0.337451   0.000946   0.000152   83.283
  472879.41  5889505.85   0.340341   0.000939   0.000154   83.301
  472879.75  5889505.89   0.343235   0.000932   0.000155   83.320
  472880.10  5889505.93   0.346133   0.000925   0.000157   83.338
  472880.44  5889505.97   0.349036   0.000918   0.000158   83.356
  472880.79  5889506.01   0.351942   0.000911   0.000160   83.375
  472881.14  5889506.05   0.354853   0.000904   0.000161   83.393
  472881.49  5889506.09   0.357768   0.000898   0.000162   83.411
  472881.85  5889506.13   0.360687   0.000891   0.000164   83.430
  472882.21  5889506.17   0.363611   0.000884   0.000165   83.448
  472882.57  5889506.21   0.366538   0.000878   0.000167   83.467
  472882.94  5889506.26   0.369470   0.000871   0.000168   83.485
  472883.31  5889506.30   0.372406   0.000865   0.000170   83.503
  472883.68  5889506.34   0.375346   0.000858   0.000171   83.522
  472884.05  5889506.38   0.378291   0.000852   0.000172   83.540
  472884.43  5889506.42   0.381239   0.000845   0.000174   83.559
  472884.81  5889506.47   0.384192   0.000839   0.000175   83.577
  472885.20  5889506.51   0.387149   0.000833   0.000177   83.596
  472885.58  5889506.55   0.390110   0.000827   0.000178   83.614
  472885.97  5889506.60   0.393075   0.000820   0.000179   83.633
  472886.36  5889506.64   0.396045   0.000814   0.000181   83.651
  472886.76  5889506.68   0.399019   0.000808   0.000182   83.670
  472887.16  5889506.73   0.401997   0.000802   0.000183   83.688
  472887.56  5889506.77   0.404979   0.000797   0.000185   83.707
  472887.96  5889506.82   0.407965   0.000791   0.000186   83.725
  472888.37  5889506.86   0.410956   0.000785   0.000187   83.744
  472888.78  5889506.91   0.413951   0.000779   0.000189   83.762
  472889.19  5889506.95   0.416949   0.000773   0.000190   83.781
  472889.61  5889507.00   0.419953   0.000768   0.000191   83.799
  472890.03  5889507.04   0.422960   0.000762   0.000193   83.817
  472890.45  5889507.09   0.425972   0.000757   0.000194   83.836
  472890.87  5889507.13   0.428987   0.000751   0.000195   83.854
  472891.30  5889507.18   0.432007   0.000746   0.000197   83.873
  472891.73  5889507.23   0.435032   0.000740   0.000198   83.891
  472892.17  5889507.27   0.438060   0.000735   0.000199   83.910
  472892.60  5889507.32   0.441093   0.000730   0.000201   83.928
  472893.04  5889507.37   0.444130   0.000724   0.000202   83.947
  472893.49  5889507.41   0.447171   0.000719   0.000203   83.965
  472893.93  5889507.46   0.450216   0.000714   0.000205   83.984
  472894.38  5889507.51   0.453265   0.000709   0.000206   84.002
  472894.83  5889507.55   0.456319   0.000704   0.000207   84.020
  472895.29  5889507.60   0.459377   0.000699   0.000209   84.039
  472895.75  5889507.65   0.462439   0.000694   0.000210   84.057
  472896.21  5889507.70   0.465506   0.000689   0.000211   84.076
  472896.67  5889507.75   0.468576   0.000684   0.000212   84.094
  472897.14  5889507.79   0.471651   0.000680   0.000214   84.112
  472897.61  5889507.84   0.474730   0.000675   0.000215   84.131
  472898.09  5889507.89   0.477813   0.000670   0.000216   84.149
  472898.56  5889507.94   0.480901   0.000665   0.000218   84.167
  472899.04  5889507.99   0.483992   0.000661   0.000219   84.186
  472899.53  5889508.04   0.487088   0.000656   0.000220   84.204
  472900.01  5889508.09   0.490189   0.000652   0.000221   84.222
  472900.50  5889508.14   0.493293   0.000647   0.000223   84.241
  472900.99  5889508.18   0.496402   0.000643   0.000224   84.259
  472901.49  5889508.23   0.499514   0.000638   0.000225   84.277
  472901.99  5889508.28   0.502631   0.000634   0.000226   84.295
  472902.49  5889508.33   0.505753   0.000630   0.000228   84.314
  472902.99  5889508.38   0.508878   0.000625   0.000229   84.332
  472903.50  5889508.43   0.512008   0.000621   0.000230   84.350
  472904.01  5889508.49   0.515142   0.000617   0.000231   84.368
  472904.53  5889508.54   0.518280   0.000613   0.000233   84.387
  472905.05  5889508.59   0.521423   0.000608   0.000234   84.405
  472905.57  5889508.64   0.524569   0.000604   0.000235   84.423
  472906.09  5889508.69   0.527720   0.000600   0.000236   84.441
  472906.62  5889508.74   0.530876   0.000596   0.000238   84.459
  472907.15  5889508.79   0.534035   0.000592   0.000239   84.477
  472907.68  5889508.84   0.537199   0.000588   0.000240   84.496
  472908.22  5889508.89   0.540367   0.000584   0.000241   84.514
  472908.76  5889508.95   0.543539   0.000580   0.000243   84.532
  472909.30  5889509.00   0.546715   0.000577   0.000244   84.550
  472909.84  5889509.05   0.549896   0.000573   0.000245   84.568
  472910.39  5889509.10   0.553081   0.000569   0.000246   84.586
  472910.94  5889509.15   0.556270   0.000565   0.000247   84.604
  472911.50  5889509.21   0.559463   0.000562   0.000249   84.622
  472912.06  5889509.26   0.562661   0.000558   0.000250   84.640
  472912.62  5889509.31   0.565862   0.000554   0.000251   84.658
  472913.19  5889509.36   0.569069   0.000551   0.000252   84.676
  472913.75  5889509.42   0.572279   0.000547   0.000253   84.694
  472914.33  5889509.47   0.575493   0.000544   0.000255   84.712
  472914.90  5889509.52   0.578712   0.000540   0.000256   84.730
  472915.48  5889509.57   0.581935   0.000537   0.000257   84.748
  472916.06  5889509.63   0.585163   0.000533   0.000258   84.766
  472916.64  5889509.68   0.588394   0.000530   0.000259   84.783
  472917.23  5889509.73   0.591630   0.000526   0.000261   84.801
  472917.82  5889509.79   0.594870   0.000523   0.000262   84.819
  472918.42  5889509.84   0.598115   0.000520   0.000263   84.837
  472919.01  5889509.90   0.601363   0.000516   0.000264   84.855
  472919.61  5889509.95   0.604616   0.000513   0.000265   84.873
  472920.22  5889510.00   0.607873   0.000510   0.000266   84.890
  472920.82  5889510.06   0.611135   0.000507   0.000268   84.908
  472921.44  5889510.11   0.614400   0.000503   0.000269   84.926
  472922.05  5889510.17   0.617670   0.000500   0.000270   84.944
  472922.67  5889510.22   0.620944   0.000497   0.000271   84.961
  472923.29  5889510.28   0.624223   0.000494   0.000272   84.979
  472923.91  5889510.33   0.627505   0.000491   0.000273   84.997
  472924.54  5889510.38   0.630792   0.000488   0.000275   85.014
  472925.17  5889510.44   0.634084   0.000485   0.000276   85.032
  472925.80  5889510.49   0.637379   0.000482   0.000277   85.050
  472926.44  5889510.55   0.640679   0.000479   0.000278   85.067
  472927.08  5889510.60   0.643983   0.000476   0.000279   85.085
  472927.72  5889510.66   0.647291   0.000473   0.000280   85.102
  472928.37  5889510.71   0.650604   0.000470   0.000281   85.120
  472929.02  5889510.77   0.653920   0.000467   0.000283   85.137
  472929.67  5889510.82   0.657241   0.000464   0.000284   85.155
  472930.33  5889510.88   0.660567   0.000462   0.000285   85.172
  472930.99  5889510.94   0.663896   0.000459   0.000286   85.190
  472931.65  5889510.99   0.667230   0.000456   0.000287   85.207
  472932.32  5889511.05   0.670568   0.000453   0.000288   85.225
  472932.99  5889511.10   0.673911   0.000450   0.000289   85.242
  472933.66  5889511.16   0.677257   0.000448   0.000290   85.259
  472934.34  5889511.21   0.680608   0.000445   0.000292   85.277
  472935.02  5889511.27   0.683964   0.000442   0.000293   85.294
  472935.70  5889511.33   0.687323   0.000440   0.000294   85.312
  472936.39  5889511.38   0.690687   0.000437   0.000295   85.329
  472937.08  5889511.44   0.694055   0.000435   0.000296   85.346
  472937.77  5889511.50   0.697427   0.000432   0.000297   85.363
  472938.47  5889511.55   0.700804   0.000429   0.000298   85.381
  472939.17  5889511.61   0.704185   0.000427   0.000299   85.398
  472939.87  5889511.66   0.707570   0.000424   0.000300   85.415
  472940.58  5889511.72   0.710959   0.000422   0.000302   85.432
  472941.29  5889511.78   0.714353   0.000419   0.000303   85.450
  472942.00  5889511.83   0.717751   0.000417   0.000304   85.467
  472942.72  5889511.89   0.721153   0.000415   0.000305   85.484
  472943.44  5889511.95   0.724560   0.000412   0.000306   85.501
  472944.16  5889512.00   0.727971   0.000410   0.000307   85.518
  472944.89  5889512.06   0.731386   0.000407   0.000308   85.535
  472945.62  5889512.12   0.734805   0.000405   0.000309   85.552
  472946.36  5889512.17   0.738229   0.000403   0.000310   85.569
  472947.09  5889512.23   0.741657   0.000400   0.000311   85.586
  472947.83  5889512.29   0.745089   0.000398   0.000313   85.603
  472948.58  5889512.35   0.748526   0.000396   0.000314   85.620
  472949.33  5889512.40   0.751967   0.000394   0.000315   85.637
  472950.08  5889512.46   0.755412   0.000391   0.000316   85.654
  472950.83  5889512.52   0.758861   0.000389   0.000317   85.671
  472951.59  5889512.57   0.762315   0.000387   0.000318   85.688
  472952.35  5889512.63   0.765773   0.000385   0.000319   85.705
  472953.12  5889512.69   0.769236   0.000382   0.000320   85.722
  472953.89  5889512.75   0.772702   0.000380   0.000321   85.739
  472954.66  5889512.80   0.776173   0.000378   0.000322   85.756
  472955.44  5889512.86   0.779648   0.000376   0.000323   85.772
  472956.22  5889512.92   0.783128   0.000374   0.000324   85.789
  472957.00  5889512.98   0.786611   0.000372   0.000325   85.806
  472957.78  5889513.03   0.790100   0.000370   0.000326   85.823
  472958.57  5889513.09   0.793592   0.000368   0.000327   85.839
  472959.37  5889513.15   0.797089   0.000366   0.000329   85.856
  472960.16  5889513.21   0.800590   0.000364   0.000330   85.873
  472960.96  5889513.26   0.804095   0.000362   0.000331   85.890
  472961.77  5889513.32   0.807604   0.000360   0.000332   85.906
  472962.58  5889513.38   0.811118   0.000358   0.000333   85.923
  472963.39  5889513.44   0.814636   0.000356   0.000334   85.940
  472964.20  5889513.49   0.818159   0.000354   0.000335   85.956
  472965.02  5889513.55   0.821686   0.000352   0.000336   85.973
  472965.84  5889513.61   0.825217   0.000350   0.000337   85.989
  472966.67  5889513.67   0.828752   0.000348   0.000338   86.006
  472967.49  5889513.72   0.832292   0.000346   0.000339   86.022
  472968.33  5889513.78   0.835836   0.000344   0.000340   86.039
  472969.16  5889513.84   0.839384   0.000342   0.000341   86.055
  472970.00  5889513.90   0.842936   0.000340   0.000342   86.072
  472970.84  5889513.95   0.846493   0.000339   0.000343   86.088
  472971.69  5889514.01   0.850054   0.000337   0.000344   86.105
  472972.54  5889514.07   0.853620   0.000335   0.000345   86.121
  472973.39  5889514.13   0.857190   0.000333   0.000346   86.137
  472974.25  5889514.18   0.860764   0.000331   0.000347   86.154
  472975.11  5889514.24   0.864342   0.000330   0.000348   86.170
  472975.97  5889514.30   0.867925   0.000328   0.000349   86.186
  472976.84  5889514.36   0.871512   0.000326   0.000350   86.203
  472977.71  5889514.41   0.875103   0.000324   0.000351   86.219
  472978.59  5889514.47   0.878699   0.000323   0.000352   86.235
  472979.47  5889514.53   0.882299   0.000321   0.000353   86.252
  472980.35  5889514.59   0.885903   0.000319   0.000354   86.268
  472981.24  5889514.64   0.889512   0.000318   0.000355   86.284
  472982.13  5889514.70   0.893125   0.000316   0.000356   86.300
  472983.02  5889514.76   0.896742   0.000314   0.000357   86.316
  472983.91  5889514.82   0.900364   0.000313   0.000358   86.333
  472984.82  5889514.87   0.903989   0.000311   0.000359   86.349
  472985.72  5889514.93   0.907620   0.000309   0.000360   86.365
  472986.63  5889514.99   0.911254   0.000308   0.000361   86.381
  472987.54  5889515.05   0.914893   0.000306   0.000362   86.397
  472988.45  5889515.10   0.918536   0.000305   0.000363   86.413
  472989.37  5889515.16   0.922183   0.000303   0.000364   86.429
  472990.29  5889515.22   0.925835   0.000301   0.000365   86.445
  472991.22  5889515.28   0.929491   0.000300   0.000366   86.461
  472992.15  5889515.33   0.933152   0.000298   0.000367   86.477
  472993.08  5889515.39   0.936816   0.000297   0.000368   86.493
  472994.02  5889515.45   0.940485   0.000295   0.000369   86.509
  472994.96  5889515.50   0.944159   0.000294   0.000370   86.525
  472995.90  5889515.56   0.947836   0.000292   0.000371   86.541
  472996.85  5889515.62   0.951518   0.000291   0.000372   86.557
  472997.80  5889515.68   0.955205   0.000289   0.000373   86.572
  472998.76  5889515.73   0.958895   0.000288   0.000374   86.588
  472999.72  5889515.79   0.962590   0.000286   0.000375   86.604
  473000.68  5889515.85   0.966290   0.000285   0.000376   86.620
  473001.65  5889515.90   0.969993   0.000283   0.000377   86.636
  473002.62  5889515.96   0.973701   0.000282   0.000378   86.651
  473003.59  5889516.02   0.977414   0.000281   0.000379   86.667
  473004.57  5889516.07   0.981130   0.000279   0.000380   86.683
  473005.55  5889516.13   0.984851   0.000278   0.000381   86.698
  473006.54  5889516.19   0.988576   0.000276   0.000382   86.714
  473007.52  5889516.24   0.992306   0.000275   0.000383   86.730
  473008.52  5889516.30   0.996040   0.000274   0.000384   86.745
  473009.51  5889516.36   0.999778   0.000272   0.000385   86.761
  473010.51  5889516.41   1.003521   0.000271   0.000386   86.777
  473011.52  5889516.47   1.007268   0.000270   0.000387   86.792
  473012.52  5889516.53   1.011019   0.000268   0.000388   86.808
  473013.54  5889516.58   1.014774   0.000267   0.000389   86.823
  473014.55  5889516.64   1.018534   0.000266   0.000390   86.839
  473015.57  5889516.69   1.022299   0.000264   0.000391   86.854
  473016.59  5889516.75   1.026067   0.000263   0.000392   86.870
  473017.62  5889516.80   1.029840   0.000262   0.000393   86.885
  473018.65  5889516.86   1.033617   0.000260   0.000394   86.901
  473019.68  5889516.92   1.037399   0.000259   0.000395   86.916
  473020.72  5889516.97   1.041185   0.000257   0.000394   86.932
  473021.76  5889517.03   1.044976   0.000255   0.000394   86.947
  473022.81  5889517.08   1.048771   0.000255   0.000397   86.962
  473023.86  5889517.14   1.052569   0.000258   0.000404   86.978
  473024.91  5889517.19   1.056371   0.000260   0.000410   86.993
  473025.97  5889517.25   1.060176   0.000262   0.000416   87.009
  473027.03  5889517.30   1.063984   0.000263   0.000422   87.025
  473028.09  5889517.36   1.067796   0.000265   0.000428   87.041
  473029.16  5889517.41   1.071611   0.000267   0.000434   87.057
  473030.23  5889517.47   1.075429   0.000269   0.000440   87.073
  473031.31  5889517.52   1.079251   0.000271   0.000446   87.090
  473032.39  5889517.58   1.083076   0.000272   0.000452   87.107
  473033.47  5889517.63   1.086905   0.000274   0.000458   87.124
  473034.56  5889517.69   1.090736   0.000276   0.000464   87.141
  473035.65  5889517.74   1.094571   0.000277   0.000470   87.158
  473036.75  5889517.80   1.098410   0.000279   0.000476   87.175
  473037.85  5889517.85   1.102252   0.000280   0.000482   87.193
  473038.95  5889517.90   1.106097   0.000282   0.000488   87.211
  473040.05  5889517.96   1.109945   0.000283   0.000494   87.228
  473041.17  5889518.01   1.113797   0.000285   0.000499   87.246
  473042.28  5889518.06   1.117653   0.000286   0.000505   87.265
  473043.40  5889518.12   1.121511   0.000287   0.000511   87.283
  473044.52  5889518.17   1.125373   0.000289   0.000517   87.301
  473045.65  5889518.22   1.129240   0.000290   0.000523   87.320
  473046.78  5889518.27   1.133111   0.000291   0.000528   87.339
  473047.91  5889518.33   1.136981   0.000292   0.000533   87.358
  473049.05  5889518.38   1.140853   0.000292   0.000537   87.377
  473050.19  5889518.43   1.144724   0.000292   0.000542   87.396
  473051.34  5889518.48   1.148596   0.000293   0.000546   87.415
  473052.48  5889518.53   1.152469   0.000293   0.000551   87.434
  473053.64  5889518.59   1.156342   0.000294   0.000555   87.454
  473054.79  5889518.64   1.160216   0.000294   0.000560   87.473
  473055.96  5889518.69   1.164090   0.000295   0.000564   87.493
  473057.12  5889518.74   1.167964   0.000295   0.000569   87.512
  473058.29  5889518.79   1.171840   0.000295   0.000573   87.532
  473059.46  5889518.84   1.175715   0.000296   0.000578   87.552
  473060.64  5889518.89   1.179591   0.000296   0.000582   87.572
  473061.82  5889518.94   1.183468   0.000296   0.000587   87.592
  473063.00  5889518.99   1.187345   0.000296   0.000591   87.612
  473064.19  5889519.04   1.191222   0.000297   0.000596   87.632
  473065.38  5889519.09   1.195100   0.000297   0.000600   87.652
  473066.58  5889519.13   1.198979   0.000297   0.000604   87.673
  473067.78  5889519.18   1.202858   0.000297   0.000609   87.693
  473068.98  5889519.23   1.206738   0.000298   0.000613   87.713
  473070.19  5889519.28   1.210618   0.000298   0.000617   87.734
  473071.40  5889519.33   1.214498   0.000298   0.000622   87.755
  473072.62  5889519.37   1.218380   0.000298   0.000626   87.775
  473073.84  5889519.42   1.222261   0.000298   0.000631   87.796
  473075.06  5889519.47   1.226143   0.000299   0.000635   87.817
  473076.29  5889519.51   1.230026   0.000299   0.000639   87.838
  473077.52  5889519.56   1.233910   0.000299   0.000644   87.859
  473078.76  5889519.60   1.237793   0.000299   0.000648   87.880
  473079.99  5889519.65   1.241678   0.000299   0.000652   87.902
  473081.24  5889519.69   1.245563   0.000299   0.000656   87.923
  473082.48  5889519.74   1.249448   0.000299   0.000661   87.944
  473083.73  5889519.78   1.253335   0.000299   0.000665   87.966
  473084.99  5889519.83   1.257221   0.000299   0.000669   87.987
  473086.25  5889519.87   1.261108   0.000299   0.000674   88.009
  473087.51  5889519.92   1.264996   0.000300   0.000678   88.030
  473088.78  5889519.96   1.268885   0.000300   0.000682   88.052
  473090.05  5889520.00   1.272773   0.000300   0.000686   88.074
  473091.32  5889520.04   1.276663   0.000300   0.000691   88.096
  473092.60  5889520.09   1.280553   0.000300   0.000695   88.118
  473093.88  5889520.13   1.284444   0.000299   0.000698   88.140
  473095.17  5889520.17   1.288336   0.000299   0.000701   88.162
  473096.45  5889520.21   1.292230   0.000300   0.000708   88.184
  473097.75  5889520.25   1.296121   0.000302   0.000717   88.206
  473099.05  5889520.29   1.300010   0.000304   0.000726   88.228
  473100.35  5889520.33   1.303897   0.000306   0.000735   88.251
  473101.65  5889520.37   1.307781   0.000308   0.000744   88.274
  473102.96  5889520.41   1.311664   0.000310   0.000753   88.297
  473104.27  5889520.45   1.315544   0.000312   0.000763   88.320
  473105.59  5889520.48   1.319422   0.000313   0.000772   88.343
  473106.91  5889520.52   1.323298   0.000315   0.000781   88.367
  473108.24  5889520.56   1.327173   0.000317   0.000790   88.391
  473109.57  5889520.60   1.331045   0.000319   0.000799   88.415
  473110.90  5889520.63   1.334914   0.000321   0.000808   88.439
  473112.23  5889520.67   1.338782   0.000322   0.000817   88.464
  473113.57  5889520.70   1.342648   0.000324   0.000826   88.489
  473114.92  5889520.74   1.346512   0.000326   0.000835   88.514
  473116.27  5889520.77   1.350373   0.000327   0.000844   88.539
  473117.62  5889520.81   1.354233   0.000329   0.000853   88.564
  473118.97  5889520.84   1.358090   0.000331   0.000864   88.590
  473120.33  5889520.87   1.361946   0.000333   0.000875   88.615
  473121.70  5889520.91   1.365799   0.000333   0.000880   88.641
  473123.06  5889520.94   1.369651   0.000332   0.000880   88.667
  473124.44  5889520.97   1.373501   0.000330   0.000881   88.693
  473125.81  5889521.00   1.377350   0.000329   0.000882   88.719
  473127.19  5889521.03   1.381198   0.000327   0.000882   88.745
  473128.57  5889521.06   1.385044   0.000326   0.000883   88.771
  473129.96  5889521.09   1.388889   0.000324   0.000884   88.797
  473131.35  5889521.12   1.392732   0.000322   0.000885   88.823
  473132.74  5889521.14   1.396574   0.000321   0.000885   88.849
  473134.14  5889521.17   1.400415   0.000320   0.000886   88.874
  473135.54  5889521.20   1.404254   0.000318   0.000887   88.900
  473136.95  5889521.23   1.408092   0.000317   0.000888   88.926
  473138.36  5889521.25   1.411928   0.000315   0.000889   88.951
  473139.77  5889521.28   1.415763   0.000314   0.000889   88.977
  473141.19  5889521.30   1.419597   0.000312   0.000890   89.002
  473142.61  5889521.33   1.423429   0.000311   0.000891   89.027
  473144.04  5889521.35   1.427260   0.000310   0.000892   89.053
  473145.47  5889521.37   1.431089   0.000308   0.000893   89.078
  473146.90  5889521.39   1.434917   0.000307   0.000893   89.103
  473148.34  5889521.42   1.438744   0.000305   0.000894   89.129
  473149.78  5889521.44   1.442569   0.000304   0.000895   89.154
  473151.22  5889521.46   1.446393   0.000303   0.000896   89.179
  473152.67  5889521.48   1.450215   0.000301   0.000897   89.204
  473154.12  5889521.50   1.454036   0.000300   0.000898   89.229
  473155.58  5889521.52   1.457856   0.000299   0.000898   89.254
  473157.04  5889521.54   1.461674   0.000298   0.000899   89.279
  473158.50  5889521.55   1.465491   0.000296   0.000900   89.304
  473159.97  5889521.57   1.469307   0.000295   0.000901   89.329
  473161.44  5889521.59   1.473121   0.000294   0.000902   89.354
  473162.91  5889521.60   1.476934   0.000293   0.000903   89.379
  473164.39  5889521.62   1.480745   0.000291   0.000904   89.403
  473165.88  5889521.63   1.484555   0.000290   0.000905   89.428
  473167.36  5889521.65   1.488364   0.000289   0.000906   89.453
  473168.85  5889521.66   1.492171   0.000288   0.000906   89.477
  473170.35  5889521.67   1.495977   0.000287   0.000907   89.502
  473171.84  5889521.69   1.499781   0.000286   0.000908   89.527
  473173.35  5889521.70   1.503585   0.000284   0.000909   89.551
  473174.85  5889521.71   1.507386   0.000283   0.000910   89.576
  473176.36  5889521.72   1.511187   0.000282   0.000911   89.600
  473177.87  5889521.73   1.514986   0.000282   0.000914   89.624
  473179.39  5889521.74   1.518783   0.000281   0.000918   89.649
  473180.91  5889521.75   1.522579   0.000279   0.000914   89.673
  473182.43  5889521.76   1.526374   0.000275   0.000906   89.698
  473183.96  5889521.76   1.530169   0.000271   0.000898   89.722
  473185.50  5889521.77   1.533962   0.000267   0.000890   89.746
  473187.03  5889521.78   1.537755   0.000264   0.000882   89.769
  473188.57  5889521.78   1.541548   0.000260   0.000874   89.792
  473190.11  5889521.79   1.545339   0.000256   0.000866   89.815
  473191.66  5889521.79   1.549130   0.000253   0.000858   89.838
  473193.21  5889521.79   1.552920   0.000249   0.000850   89.860
  473194.77  5889521.80   1.556710   0.000246   0.000842   89.883
  473196.33  5889521.80   1.560499   0.000242   0.000834   89.904
  473197.89  5889521.80   1.564286   0.000239   0.000826   89.926
  473199.45  5889521.80   1.568073   0.000235   0.000818   89.948
  473201.02  5889521.80   1.571860   0.000232   0.000810   89.969
  473202.60  5889521.80   1.575645   0.000229   0.000803   89.990
  473204.18  5889521.80   1.579430   0.000225   0.000795   90.010
  473205.76  5889521.80   1.583214   0.000222   0.000787   90.031
  473207.34  5889521.80   1.586997   0.000219   0.000779   90.051
  473208.93  5889521.80   1.590780   0.000216   0.000772   90.071
  473210.52  5889521.80   1.594561   0.000212   0.000764   90.090
  473212.12  5889521.79   1.598342   0.000209   0.000756   90.110
  473213.72  5889521.79   1.602122   0.000206   0.000749   90.129
  473215.32  5889521.79   1.605901   0.000203   0.000741   90.148
  473216.93  5889521.78   1.609679   0.000200   0.000734   90.166
  473218.54  5889521.78   1.613457   0.000197   0.000726   90.185
  473220.16  5889521.77   1.617233   0.000194   0.000719   90.203
  473221.78  5889521.77   1.621009   0.000191   0.000711   90.221
  473223.40  5889521.76   1.624784   0.000188   0.000704   90.239
  473225.03  5889521.75   1.628558   0.000186   0.000696   90.257
  473226.66  5889521.74   1.632331   0.000183   0.000689   90.274
  473228.29  5889521.74   1.636103   0.000180   0.000681   90.291
  473229.93  5889521.73   1.639874   0.000177   0.000674   90.308
  473231.57  5889521.72   1.643645   0.000174   0.000667   90.324
  473233.22  5889521.71   1.647415   0.000172   0.000659   90.341
  473234.87  5889521.70   1.651183   0.000169   0.000652   90.357
  473236.52  5889521.69   1.654951   0.000166   0.000645   90.373
  473238.18  5889521.67   1.658718   0.000164   0.000637   90.389
  473239.84  5889521.66   1.662484   0.000161   0.000630   90.404
  473241.50  5889521.65   1.666249   0.000159   0.000623   90.420
  473243.17  5889521.64   1.670014   0.000156   0.000616   90.435
  473244.84  5889521.63   1.673776   0.000154   0.000609   90.450
  473246.52  5889521.61   1.677537   0.000151   0.000601   90.465
  473248.20  5889521.60   1.681300   0.000148   0.000593   90.479
  473249.88  5889521.58   1.685064   0.000146   0.000584   90.493
  473251.57  5889521.57   1.688830   0.000143   0.000576   90.507
  473253.26  5889521.55   1.692598   0.000140   0.000568   90.521
  473254.95  5889521.54   1.696368   0.000137   0.000559   90.535
  473256.65  5889521.52   1.700139   0.000135   0.000551   90.548
  473258.35  5889521.50   1.703912   0.000132   0.000543   90.561
  473260.06  5889521.49   1.707687   0.000130   0.000535   90.574
  473261.77  5889521.47   1.711463   0.000127   0.000526   90.587
  473263.48  5889521.45   1.715241   0.000125   0.000518   90.599
  473265.20  5889521.43   1.719021   0.000122   0.000510   90.612
  473266.92  5889521.41   1.722802   0.000120   0.000502   90.624
  473268.64  5889521.40   1.726585   0.000117   0.000494   90.635
  473270.37  5889521.38   1.730370   0.000115   0.000486   90.647
  473272.10  5889521.36   1.734156   0.000112   0.000478   90.658
  473273.84  5889521.34   1.737944   0.000110   0.000469   90.670
  473275.58  5889521.32   1.741734   0.000108   0.000461   90.681
  473277.32  5889521.29   1.745525   0.000105   0.000453   90.691
  473279.07  5889521.27   1.749318   0.000104   0.000449   90.702
  473280.82  5889521.25   1.753111   0.000102   0.000445   90.712
  473282.58  5889521.23   1.756907   0.000098   0.000429   90.723
  473284.33  5889521.21   1.760705   0.000092   0.000405   90.732
  473286.10  5889521.18   1.764507   0.000087   0.000382   90.742
  473287.86  5889521.16   1.768312   0.000081   0.000358   90.751
  473289.63  5889521.14   1.772120   0.000075   0.000334   90.759
  473291.41  5889521.11   1.775931   0.000070   0.000311   90.766
  473293.18  5889521.09   1.779746   0.000064   0.000287   90.773
  473294.97  5889521.06   1.783564   0.000059   0.000263   90.780
  473296.75  5889521.04   1.787385   0.000053   0.000240   90.786
  473298.54  5889521.02   1.791209   0.000048   0.000216   90.791
  473300.33  5889520.99   1.795036   0.000042   0.000193   90.796
  473302.13  5889520.97   1.798866   0.000037   0.000170   90.801
  473303.93  5889520.94   1.802700   0.000032   0.000146   90.804
  473305.73  5889520.91   1.806536   0.000027   0.000123   90.808
  473307.54  5889520.89   1.810376   0.000022   0.000100   90.811
  473309.36  5889520.86   1.814219   0.000016   0.000077   90.813
  473311.17  5889520.84   1.818065   0.000011   0.000054   90.814
  473312.99  5889520.81   1.821915   0.000006   0.000030   90.816
  473314.81  5889520.79   1.825767   0.000002   0.000009   90.816
  473316.64  5889520.76   1.829621   0.000003   0.000013   90.817
  473318.47  5889520.73   1.833479   0.000008   0.000038   90.816
  473320.31  5889520.71   1.837342   0.000014   0.000065   90.815
  473322.15  5889520.68   1.841210   0.000019   0.000092   90.814
  473323.99  5889520.66   1.845083   0.000025   0.000119   90.812
  473325.84  5889520.63   1.848961   0.000030   0.000146   90.809
  473327.69  5889520.60   1.852844   0.000036   0.000173   90.806
  473329.54  5889520.58   1.856732   0.000041   0.000200   90.802
  473331.40  5889520.55   1.860625   0.000046   0.000227   90.798
  473333.26  5889520.53   1.864523   0.000051   0.000253   90.793
  473335.13  5889520.50   1.868427   0.000057   0.000280   90.788
  473337.00  5889520.47   1.872335   0.000062   0.000306   90.781
  473338.87  5889520.45   1.876249   0.000067   0.000333   90.775
  473340.75  5889520.42   1.880167   0.000072   0.000359   90.768
  473342.63  5889520.40   1.884091   0.000077   0.000386   90.760
  473344.52  5889520.37   1.888020   0.000082   0.000412   90.752
  473346.41  5889520.35   1.891954   0.000087   0.000438   90.743
  473348.30  5889520.33   1.895893   0.000091   0.000464   90.733
  473350.20  5889520.30   1.899838   0.000096   0.000490   90.723
  473352.10  5889520.28   1.903787   0.000101   0.000517   90.713
  473354.01  5889520.25   1.907742   0.000105   0.000543   90.702
  473355.92  5889520.23   1.911702   0.000110   0.000569   90.691
  473357.83  5889520.21   1.915667   0.000115   0.000594   90.678
  473359.75  5889520.19   1.919637   0.000119   0.000620   90.666
  473361.67  5889520.16   1.923612   0.000123   0.000646   90.653
  473363.60  5889520.14   1.927593   0.000128   0.000672   90.639
  473365.53  5889520.12   1.931579   0.000132   0.000698   90.625
  473367.46  5889520.10   1.935570   0.000137   0.000723   90.610
  473369.40  5889520.08   1.939566   0.000141   0.000749   90.595
  473371.34  5889520.06   1.943568   0.000145   0.000774   90.580
  473373.28  5889520.04   1.947575   0.000149   0.000800   90.563
  473375.23  5889520.02   1.951587   0.000153   0.000825   90.547
  473377.19  5889520.01   1.955605   0.000157   0.000851   90.530
  473379.14  5889519.99   1.959628   0.000161   0.000876   90.512
  473381.11  5889519.97   1.963656   0.000165   0.000901   90.494
  473383.07  5889519.96   1.967690   0.000169   0.000927   90.475
  473385.04  5889519.94   1.971729   0.000173   0.000952   90.456
  473387.02  5889519.92   1.975774   0.000177   0.000977   90.437
  473388.99  5889519.91   1.979824   0.000181   0.001002   90.417
  473390.97  5889519.90   1.983879   0.000185   0.001027   90.396
  473392.96  5889519.88   1.987940   0.000188   0.001052   90.375
  473394.95  5889519.87   1.992007   0.000192   0.001078   90.354
  473396.94  5889519.86   1.996081   0.000196   0.001104   90.332
  473398.94  5889519.85   2.000162   0.000199   0.001127   90.309
  473400.94  5889519.84   2.004242   0.000202   0.001148   90.287
  473402.95  5889519.83   2.008322   0.000205   0.001169   90.263
  473404.96  5889519.82   2.012402   0.000208   0.001190   90.240
  473406.98  5889519.81   2.016481   0.000211   0.001211   90.216
  473408.99  5889519.81   2.020561   0.000213   0.001232   90.192
  473411.02  5889519.80   2.024641   0.000216   0.001253   90.167
  473413.04  5889519.80   2.028720   0.000219   0.001274   90.142
  473415.07  5889519.79   2.032800   0.000222   0.001295   90.116
  473417.11  5889519.79   2.036879   0.000224   0.001316   90.091
  473419.15  5889519.79   2.040959   0.000227   0.001337   90.064
  473421.19  5889519.78   2.045038   0.000230   0.001358   90.038
  473423.24  5889519.78   2.049118   0.000232   0.001378   90.011
  473425.29  5889519.79   2.053197   0.000235   0.001399   89.984
  473427.34  5889519.79   2.057277   0.000237   0.001420   89.956
  473429.40  5889519.79   2.061357   0.000240   0.001440   89.928
  473431.47  5889519.79   2.065437   0.000242   0.001461   89.900
  473433.53  5889519.80   2.069517   0.000245   0.001482   89.871
  473435.61  5889519.80   2.073598   0.000247   0.001502   89.842
  473437.68  5889519.81   2.077678   0.000249   0.001523   89.813
  473439.76  5889519.82   2.081759   0.000252   0.001546   89.783
  473441.85  5889519.83   2.085842   0.000255   0.001568   89.753
  473443.93  5889519.84   2.089926   0.000256   0.001584   89.722
  473446.03  5889519.85   2.094005   0.000257   0.001595   89.692
  473448.12  5889519.86   2.098080   0.000258   0.001607   89.661
  473450.22  5889519.87   2.102150   0.000259   0.001618   89.630
  473452.33  5889519.89   2.106216   0.000260   0.001629   89.599
  473454.43  5889519.90   2.110278   0.000260   0.001640   89.567
  473456.55  5889519.92   2.114335   0.000261   0.001652   89.536
  473458.66  5889519.94   2.118388   0.000262   0.001663   89.504
  473460.78  5889519.96   2.122437   0.000263   0.001674   89.472
  473462.91  5889519.98   2.126481   0.000264   0.001685   89.440
  473465.04  5889520.00   2.130521   0.000264   0.001696   89.408
  473467.17  5889520.03   2.134557   0.000265   0.001707   89.376
  473469.30  5889520.05   2.138588   0.000266   0.001719   89.344
  473471.44  5889520.08   2.142615   0.000266   0.001730   89.311
  473473.59  5889520.10   2.146638   0.000267   0.001741   89.278
  473475.74  5889520.13   2.150657   0.000268   0.001752   89.246
  473477.89  5889520.16   2.154671   0.000269   0.001763   89.213
  473480.05  5889520.19   2.158681   0.000269   0.001774   89.179
  473482.21  5889520.22   2.162687   0.000270   0.001785   89.146
  473484.37  5889520.26   2.166689   0.000271   0.001796   89.113
  473486.54  5889520.29   2.170687   0.000271   0.001808   89.079
  473488.71  5889520.33   2.174680   0.000272   0.001820   89.045
  473490.89  5889520.37   2.178669   0.000273   0.001832   89.011
  473493.07  5889520.40   2.182652   0.000274   0.001844   88.977
  473495.25  5889520.45   2.186631   0.000274   0.001856   88.943
  473497.44  5889520.49   2.190606   0.000275   0.001868   88.909
  473499.63  5889520.53   2.194576   0.000276   0.001880   88.874
  473501.83  5889520.57   2.198541   0.000277   0.001892   88.840
  473504.03  5889520.62   2.202501   0.000278   0.001904   88.805
  473506.23  5889520.67   2.206457   0.000278   0.001916   88.770
  473508.44  5889520.72   2.210409   0.000279   0.001928   88.734
  473510.65  5889520.77   2.214356   0.000280   0.001940   88.699
  473512.87  5889520.82   2.218298   0.000281   0.001952   88.664
  473515.09  5889520.87   2.222236   0.000281   0.001964   88.628
  473517.31  5889520.93   2.226169   0.000282   0.001976   88.592
  473519.54  5889520.98   2.230098   0.000283   0.001988   88.556
  473521.77  5889521.04   2.234022   0.000283   0.002000   88.520
  473524.01  5889521.10   2.237942   0.000284   0.002012   88.484
  473526.24  5889521.16   2.241857   0.000285   0.002024   88.447
  473528.49  5889521.22   2.245768   0.000285   0.002036   88.411
  473530.73  5889521.29   2.249674   0.000286   0.002048   88.374
  473532.99  5889521.35   2.253576   0.000287   0.002060   88.337
  473535.24  5889521.42   2.257474   0.000287   0.002072   88.300
  473537.50  5889521.49   2.261367   0.000288   0.002084   88.263
  473539.76  5889521.56   2.265256   0.000289   0.002096   88.226
  473542.03  5889521.63   2.269141   0.000289   0.002108   88.188
  473544.30  5889521.70   2.273021   0.000290   0.002120   88.150
  473546.57  5889521.78   2.276897   0.000291   0.002132   88.113
  473548.85  5889521.85   2.280769   0.000291   0.002144   88.075
  473551.13  5889521.93   2.284636   0.000292   0.002156   88.037
  473553.41  5889522.01   2.288499   0.000293   0.002167   87.998
  473555.70  5889522.09   2.292358   0.000293   0.002179   87.960
  473558.00  5889522.18   2.296213   0.000294   0.002191   87.922
  473560.29  5889522.26   2.300064   0.000294   0.002203   87.883
  473562.59  5889522.35   2.303910   0.000295   0.002215   87.844
  473564.90  5889522.44   2.307752   0.000296   0.002227   87.805
  473567.21  5889522.53   2.311590   0.000296   0.002239   87.766
  473569.52  5889522.62   2.315424   0.000297   0.002251   87.727
  473571.83  5889522.71   2.319254   0.000297   0.002263   87.687
  473574.15  5889522.81   2.323079   0.000298   0.002274   87.648
  473576.47  5889522.90   2.326901   0.000299   0.002286   87.608
  473578.80  5889523.00   2.330718   0.000299   0.002298   87.568
  473581.13  5889523.10   2.334532   0.000300   0.002310   87.528
  473583.47  5889523.21   2.338341   0.000300   0.002322   87.488
  473585.80  5889523.31   2.342147   0.000301   0.002334   87.448
  473588.15  5889523.42   2.345948   0.000301   0.002345   87.408
  473590.49  5889523.52   2.349746   0.000302   0.002357   87.367
  473592.84  5889523.63   2.353539   0.000302   0.002369   87.327
  473595.19  5889523.74   2.357329   0.000303   0.002381   87.286
  473597.55  5889523.86   2.361114   0.000303   0.002393   87.245
  473599.91  5889523.97   2.364896   0.000304   0.002405   87.204
  473602.27  5889524.09   2.368674   0.000305   0.002416   87.163
  473604.64  5889524.21   2.372448   0.000305   0.002428   87.121
  473607.01  5889524.33   2.376218   0.000306   0.002440   87.080
  473609.39  5889524.45   2.379984   0.000306   0.002452   87.038
  473611.77  5889524.58   2.383747   0.000307   0.002464   86.997
  473614.15  5889524.70   2.387505   0.000307   0.002475   86.955
  473616.53  5889524.83   2.391260   0.000308   0.002487   86.913
  473618.92  5889524.96   2.395011   0.000308   0.002499   86.871
  473621.32  5889525.10   2.398759   0.000309   0.002511   86.828
  473623.71  5889525.23   2.402502   0.000309   0.002523   86.786
  473626.11  5889525.37   2.406242   0.000310   0.002534   86.743
  473628.52  5889525.51   2.409978   0.000310   0.002546   86.701
  473630.93  5889525.65   2.413711   0.000310   0.002558   86.658
  473633.34  5889525.79   2.417440   0.000311   0.002570   86.615
  473635.75  5889525.93   2.421165   0.000311   0.002582   86.572
  473638.17  5889526.08   2.424887   0.000312   0.002593   86.529
  473640.59  5889526.23   2.428605   0.000312   0.002605   86.485
  473643.02  5889526.38   2.432320   0.000313   0.002617   86.442
  473645.45  5889526.53   2.436031   0.000313   0.002629   86.398
  473647.88  5889526.69   2.439738   0.000314   0.002640   86.355
  473650.32  5889526.85   2.443442   0.000314   0.002652   86.311
  473652.76  5889527.00   2.447142   0.000315   0.002664   86.267
  473655.20  5889527.17   2.450839   0.000315   0.002676   86.223
  473657.65  5889527.33   2.454533   0.000315   0.002687   86.178
  473660.10  5889527.50   2.458223   0.000316   0.002699   86.134
  473662.55  5889527.66   2.461910   0.000316   0.002711   86.090
  473665.01  5889527.83   2.465593   0.000317   0.002723   86.045
  473667.47  5889528.01   2.469273   0.000317   0.002734   86.000
  473669.94  5889528.18   2.472949   0.000318   0.002746   85.955
  473672.41  5889528.36   2.476622   0.000318   0.002758   85.910
  473674.88  5889528.53   2.480292   0.000318   0.002770   85.865
  473677.35  5889528.72   2.483959   0.000319   0.002781   85.820
  473679.83  5889528.90   2.487622   0.000319   0.002793   85.775
  473682.32  5889529.08   2.491282   0.000320   0.002805   85.729
  473684.80  5889529.27   2.494939   0.000320   0.002816   85.684
  473687.29  5889529.46   2.498592   0.000320   0.002828   85.638
  473689.78  5889529.65   2.502243   0.000321   0.002840   85.592
  473692.28  5889529.85   2.505890   0.000321   0.002852   85.546
  473694.78  5889530.05   2.509534   0.000321   0.002863   85.500
  473697.28  5889530.24   2.513174   0.000322   0.002875   85.454
  473699.79  5889530.45   2.516812   0.000322   0.002887   85.407
  473702.30  5889530.65   2.520447   0.000323   0.002899   85.361
  473704.82  5889530.86   2.524078   0.000323   0.002910   85.314
  473707.33  5889531.06   2.527707   0.000323   0.002922   85.267
  473709.85  5889531.27   2.531332   0.000324   0.002934   85.221
  473712.38  5889531.49   2.534954   0.000325   0.002950   85.174
  473714.90  5889531.70   2.538577   0.000325   0.002965   85.127
  473717.44  5889531.92   2.542197   0.000325   0.002969   85.079
  473719.97  5889532.14   2.545807   0.000323   0.002964   85.032
  473722.51  5889532.36   2.549407   0.000322   0.002959   84.985
  473725.05  5889532.59   2.552998   0.000320   0.002954   84.938
  473727.59  5889532.82   2.556580   0.000319   0.002949   84.891
  473730.14  5889533.05   2.560152   0.000318   0.002944   84.844
  473732.69  5889533.28   2.563714   0.000316   0.002940   84.797
  473735.25  5889533.51   2.567267   0.000315   0.002935   84.751
  473737.81  5889533.75   2.570810   0.000314   0.002930   84.705
  473740.37  5889533.99   2.574343   0.000312   0.002926   84.659
  473742.93  5889534.23   2.577867   0.000311   0.002921   84.612
  473745.50  5889534.48   2.581381   0.000309   0.002917   84.567
  473748.07  5889534.72   2.584886   0.000308   0.002912   84.521
  473750.65  5889534.97   2.588381   0.000307   0.002907   84.475
  473753.22  5889535.22   2.591866   0.000306   0.002903   84.430
  473755.81  5889535.48   2.595342   0.000304   0.002899   84.384
  473758.39  5889535.73   2.598808   0.000303   0.002894   84.339
  473760.98  5889535.99   2.602264   0.000302   0.002891   84.294
  473763.57  5889536.25   2.605711   0.000301   0.002888   84.249
  473766.16  5889536.52   2.609149   0.000299   0.002881   84.204
  473768.76  5889536.78   2.612576   0.000297   0.002872   84.159
  473771.36  5889537.05   2.615991   0.000296   0.002862   84.115
  473773.96  5889537.32   2.619397   0.000294   0.002853   84.070
  473776.57  5889537.59   2.622791   0.000292   0.002843   84.026
  473779.18  5889537.87   2.626174   0.000291   0.002834   83.982
  473781.79  5889538.15   2.629546   0.000289   0.002824   83.939
  473784.41  5889538.43   2.632908   0.000287   0.002815   83.895
  473787.03  5889538.71   2.636259   0.000285   0.002805   83.852
  473789.65  5889538.99   2.639598   0.000284   0.002796   83.809
  473792.28  5889539.28   2.642927   0.000282   0.002787   83.766
  473794.91  5889539.57   2.646245   0.000280   0.002778   83.723
  473797.54  5889539.86   2.649552   0.000279   0.002769   83.681
  473800.17  5889540.15   2.652848   0.000277   0.002759   83.638
  473802.81  5889540.45   2.656132   0.000276   0.002750   83.596
  473805.45  5889540.75   2.659406   0.000274   0.002741   83.554
  473808.10  5889541.05   2.662669   0.000273   0.002732   83.512
  473810.74  5889541.35   2.665921   0.000271   0.002723   83.471
  473813.39  5889541.66   2.669161   0.000269   0.002714   83.429
  473816.05  5889541.96   2.672391   0.000268   0.002706   83.388
  473818.70  5889542.27   2.675609   0.000266   0.002697   83.347
  473821.36  5889542.59   2.678817   0.000265   0.002688   83.306
  473824.02  5889542.90   2.682013   0.000263   0.002679   83.266
  473826.69  5889543.22   2.685198   0.000262   0.002670   83.225
  473829.36  5889543.54   2.688372   0.000260   0.002662   83.185
  473832.03  5889543.86   2.691535   0.000259   0.002653   83.145
  473834.70  5889544.18   2.694687   0.000258   0.002644   83.105
  473837.38  5889544.51   2.697828   0.000256   0.002636   83.065
  473840.06  5889544.83   2.700957   0.000255   0.002627   83.025
  473842.74  5889545.16   2.704075   0.000253   0.002619   82.986
  473845.42  5889545.50   2.707182   0.000252   0.002610   82.947
  473848.11  5889545.83   2.710278   0.000250   0.002602   82.908
  473850.80  5889546.17   2.713362   0.000249   0.002594   82.869
  473853.50  5889546.51   2.716436   0.000248   0.002585   82.830
  473856.19  5889546.85   2.719498   0.000246   0.002577   82.792
  473858.89  5889547.19   2.722548   0.000245   0.002569   82.753
  473861.59  5889547.54   2.725588   0.000244   0.002560   82.715
  473864.30  5889547.88   2.728616   0.000242   0.002552   82.677
  473867.01  5889548.23   2.731633   0.000241   0.002544   82.639
  473869.72  5889548.58   2.734638   0.000240   0.002536   82.601
  473872.43  5889548.94   2.737633   0.000239   0.002529   82.564
  473875.15  5889549.30   2.740616   0.000237   0.002519   82.526
  473877.86  5889549.65   2.743587   0.000236   0.002509   82.489
  473880.59  5889550.01   2.746546   0.000234   0.002498   82.452
  473883.31  5889550.38   2.749493   0.000233   0.002488   82.415
  473886.04  5889550.74   2.752427   0.000231   0.002478   82.378
  473888.77  5889551.11   2.755350   0.000230   0.002467   82.342
  473891.50  5889551.48   2.758260   0.000228   0.002457   82.306
  473894.23  5889551.85   2.761158   0.000227   0.002446   82.270
  473896.97  5889552.22   2.764043   0.000225   0.002436   82.234
  473899.71  5889552.60   2.766917   0.000224   0.002426   82.198
  473902.45  5889552.98   2.769778   0.000223   0.002416   82.163
  473905.20  5889553.35   2.772627   0.000221   0.002405   82.127
  473907.94  5889553.74   2.775464   0.000220   0.002395   82.092
  473910.70  5889554.12   2.778288   0.000219   0.002385   82.057
  473913.45  5889554.51   2.781100   0.000217   0.002375   82.022
  473916.20  5889554.89   2.783900   0.000216   0.002365   81.988
  473918.96  5889555.28   2.786687   0.000214   0.002355   81.953
  473921.72  5889555.68   2.789462   0.000213   0.002345   81.919
  473924.48  5889556.07   2.792224   0.000212   0.002335   81.885
  473927.25  5889556.47   2.794975   0.000210   0.002325   81.851
  473930.02  5889556.86   2.797713   0.000209   0.002315   81.817
  473932.79  5889557.26   2.800438   0.000208   0.002306   81.784
  473935.56  5889557.67   2.803151   0.000207   0.002296   81.751
  473938.34  5889558.07   2.805852   0.000205   0.002286   81.717
  473941.11  5889558.48   2.808540   0.000204   0.002276   81.684
  473943.89  5889558.88   2.811215   0.000203   0.002266   81.651
  473946.68  5889559.29   2.813879   0.000202   0.002257   81.619
  473949.46  5889559.71   2.816529   0.000200   0.002247   81.586
  473952.25  5889560.12   2.819168   0.000199   0.002238   81.554
  473955.04  5889560.54   2.821793   0.000198   0.002228   81.522
  473957.83  5889560.95   2.824407   0.000197   0.002218   81.490
  473960.62  5889561.37   2.827007   0.000195   0.002209   81.458
  473963.42  5889561.79   2.829596   0.000194   0.002199   81.426
  473966.22  5889562.22   2.832171   0.000193   0.002190   81.395
  473969.02  5889562.64   2.834734   0.000192   0.002180   81.364
  473971.83  5889563.07   2.837285   0.000191   0.002171   81.332
  473974.63  5889563.50   2.839823   0.000190   0.002162   81.301
  473977.44  5889563.93   2.842348   0.000188   0.002152   81.271
  473980.25  5889564.36   2.844861   0.000187   0.002143   81.240
  473983.06  5889564.80   2.847361   0.000186   0.002134   81.209
  473985.88  5889565.24   2.849849   0.000185   0.002126   81.179
  473988.69  5889565.67   2.852324   0.000184   0.002118   81.149
  473991.51  5889566.12   2.854788   0.000183   0.002106   81.119
  473994.34  5889566.56   2.857236   0.000181   0.002092   81.089
  473997.16  5889567.00   2.859670   0.000180   0.002079   81.059
  473999.98  5889567.45   2.862090   0.000178   0.002065   81.030
  474002.81  5889567.90   2.864494   0.000177   0.002052   81.000
  474005.64  5889568.35   2.866885   0.000175   0.002038   80.971
  474008.48  5889568.80   2.869260   0.000174   0.002025   80.943
  474011.31  5889569.25   2.871621   0.000172   0.002012   80.914
  474014.15  5889569.71   2.873967   0.000171   0.001998   80.886
  474016.99  5889570.16   2.876298   0.000170   0.001985   80.857
  474019.83  5889570.62   2.878614   0.000168   0.001972   80.830
  474022.67  5889571.08   2.880916   0.000167   0.001958   80.802
  474025.51  5889571.54   2.883203   0.000165   0.001945   80.774
  474028.36  5889572.01   2.885475   0.000164   0.001932   80.747
  474031.21  5889572.47   2.887733   0.000163   0.001919   80.720
  474034.06  5889572.94   2.889975   0.000161   0.001906   80.693
  474036.91  5889573.41   2.892203   0.000160   0.001893   80.666
  474039.77  5889573.88   2.894416   0.000159   0.001879   80.640
  474042.62  5889574.35   2.896614   0.000157   0.001866   80.613
  474045.48  5889574.83   2.898797   0.000156   0.001853   80.587
  474048.34  5889575.30   2.900966   0.000155   0.001840   80.561
  474051.21  5889575.78   2.903119   0.000153   0.001828   80.536
  474054.07  5889576.26   2.905258   0.000152   0.001815   80.510
  474056.94  5889576.74   2.907382   0.000151   0.001802   80.485
  474059.80  5889577.22   2.909491   0.000149   0.001789   80.460
  474062.68  5889577.70   2.911584   0.000148   0.001776   80.435
  474065.55  5889578.19   2.913663   0.000147   0.001763   80.410
  474068.42  5889578.68   2.915727   0.000146   0.001750   80.386
  474071.30  5889579.16   2.917776   0.000144   0.001738   80.361
  474074.17  5889579.65   2.919810   0.000143   0.001725   80.337
  474077.05  5889580.15   2.921829   0.000142   0.001712   80.313
  474079.93  5889580.64   2.923834   0.000141   0.001700   80.289
  474082.82  5889581.13   2.925823   0.000139   0.001687   80.266
  474085.70  5889581.63   2.927797   0.000138   0.001674   80.243
  474088.59  5889582.13   2.929756   0.000137   0.001662   80.219
  474091.48  5889582.63   2.931700   0.000136   0.001649   80.196
  474094.36  5889583.13   2.933628   0.000134   0.001637   80.174
  474097.26  5889583.63   2.935542   0.000133   0.001624   80.151
  474100.15  5889584.13   2.937441   0.000132   0.001612   80.129
  474103.04  5889584.64   2.939325   0.000131   0.001601   80.106
  474105.94  5889585.14   2.941195   0.000130   0.001591   80.084
  474108.84  5889585.65   2.943051   0.000129   0.001574   80.062
  474111.74  5889586.16   2.944887   0.000127   0.001554   80.041
  474114.64  5889586.67   2.946704   0.000125   0.001533   80.019
  474117.54  5889587.18   2.948502   0.000123   0.001513   79.998
  474120.45  5889587.69   2.950281   0.000121   0.001492   79.977
  474123.35  5889588.21   2.952040   0.000119   0.001472   79.957
  474126.26  5889588.73   2.953781   0.000118   0.001451   79.937
  474129.17  5889589.24   2.955501   0.000116   0.001431   79.917
  474132.08  5889589.76   2.957203   0.000114   0.001411   79.897
  474134.99  5889590.28   2.958885   0.000112   0.001390   79.878
  474137.90  5889590.80   2.960548   0.000111   0.001370   79.859
  474140.82  5889591.32   2.962192   0.000109   0.001350   79.840
  474143.74  5889591.85   2.963816   0.000107   0.001329   79.822
  474146.65  5889592.37   2.965421   0.000105   0.001309   79.803
  474149.57  5889592.90   2.967007   0.000104   0.001289   79.786
  474152.49  5889593.43   2.968573   0.000102   0.001269   79.768
  474155.42  5889593.95   2.970119   0.000100   0.001249   79.751
  474158.34  5889594.48   2.971647   0.000098   0.001228   79.734
  474161.26  5889595.01   2.973155   0.000097   0.001208   79.717
  474164.19  5889595.55   2.974643   0.000095   0.001188   79.700
  474167.12  5889596.08   2.976112   0.000093   0.001168   79.684
  474170.05  5889596.61   2.977562   0.000092   0.001148   79.668
  474172.98  5889597.15   2.978992   0.000090   0.001128   79.653
  474175.91  5889597.68   2.980402   0.000088   0.001108   79.637
  474178.84  5889598.22   2.981793   0.000087   0.001088   79.622
  474181.77  5889598.76   2.983165   0.000085   0.001068   79.607
  474184.71  5889599.30   2.984517   0.000083   0.001049   79.593
  474187.64  5889599.84   2.985849   0.000082   0.001029   79.579
  474190.58  5889600.38   2.987162   0.000080   0.001009   79.565
  474193.52  5889600.92   2.988455   0.000078   0.000989   79.551
  474196.46  5889601.46   2.989729   0.000077   0.000969   79.538
  474199.40  5889602.01   2.990983   0.000075   0.000949   79.525
  474202.34  5889602.55   2.992218   0.000073   0.000930   79.512
  474205.28  5889603.10   2.993433   0.000072   0.000910   79.499
  474208.23  5889603.64   2.994628   0.000070   0.000890   79.487
  474211.17  5889604.19   2.995804   0.000069   0.000871   79.475
  474214.12  5889604.74   2.996960   0.000067   0.000851   79.463
  474217.06  5889605.29   2.998097   0.000065   0.000831   79.451
  474220.01  5889605.84   2.999214   0.000064   0.000812   79.440
  474222.96  5889606.39   3.000311   0.000062   0.000790   79.429
  474225.91  5889606.94   3.001387   0.000060   0.000769   79.419
  474228.86  5889607.49   3.002444   0.000059   0.000753   79.408
  474231.81  5889608.04   3.003484   0.000058   0.000741   79.398
  474234.77  5889608.60   3.004507   0.000057   0.000728   79.388
  474237.72  5889609.15   3.005514   0.000056   0.000716   79.378
  474240.67  5889609.70   3.006504   0.000055   0.000704   79.369
  474243.63  5889610.26   3.007478   0.000054   0.000692   79.359
  474246.58  5889610.82   3.008435   0.000053   0.000680   79.350
  474249.54  5889611.37   3.009375   0.000052   0.000668   79.341
  474252.50  5889611.93   3.010299   0.000051   0.000655   79.332
  474255.46  5889612.49   3.011206   0.000050   0.000643   79.323
  474258.42  5889613.05   3.012097   0.000049   0.000631   79.314
  474261.38  5889613.60   3.012971   0.000048   0.000619   79.306
  474264.34  5889614.16   3.013829   0.000047   0.000607   79.297
  474267.30  5889614.72   3.014670   0.000046   0.000595   79.289
  474270.26  5889615.29   3.015494   0.000045   0.000583   79.281
  474273.23  5889615.85   3.016302   0.000044   0.000571   79.273
  474276.19  5889616.41   3.017094   0.000043   0.000559   79.266
  474279.15  5889616.97   3.017868   0.000042   0.000547   79.258
  474282.12  5889617.53   3.018626   0.000042   0.000535   79.251
  474285.09  5889618.10   3.019368   0.000041   0.000523   79.244
  474288.05  5889618.66   3.020092   0.000040   0.000511   79.237
  474291.02  5889619.23   3.020800   0.000039   0.000499   79.230
  474293.99  5889619.79   3.021492   0.000038   0.000487   79.223
  474296.96  5889620.36   3.022167   0.000037   0.000475   79.217
  474299.93  5889620.92   3.022825   0.000036   0.000463   79.210
  474302.90  5889621.49   3.023467   0.000035   0.000451   79.204
  474305.87  5889622.05   3.024092   0.000034   0.000439   79.198
  474308.84  5889622.62   3.024700   0.000033   0.000427   79.192
  474311.81  5889623.19   3.025292   0.000032   0.000415   79.186
  474314.78  5889623.76   3.025867   0.000031   0.000403   79.181
  474317.75  5889624.33   3.026426   0.000030   0.000391   79.175
  474320.72  5889624.89   3.026967   0.000029   0.000379   79.170
  474323.70  5889625.46   3.027493   0.000028   0.000367   79.165
  474326.67  5889626.03   3.028001   0.000027   0.000355   79.160
  474329.65  5889626.60   3.028493   0.000026   0.000344   79.155
  474332.62  5889627.17   3.028968   0.000026   0.000332   79.151
  474335.60  5889627.74   3.029427   0.000025   0.000320   79.146
  474338.57  5889628.31   3.029869   0.000024   0.000308   79.142
  474341.55  5889628.88   3.030294   0.000023   0.000296   79.138
  474344.52  5889629.46   3.030702   0.000022   0.000284   79.134
  474347.50  5889630.03   3.031094   0.000021   0.000272   79.130
  474350.48  5889630.60   3.031470   0.000020   0.000260   79.127
  474353.45  5889631.17   3.031828   0.000019   0.000248   79.123
  474356.43  5889631.74   3.032170   0.000018   0.000237   79.120
  474359.41  5889632.32   3.032495   0.000017   0.000225   79.117
  474362.39  5889632.89   3.032804   0.000016   0.000213   79.114
  474365.36  5889633.46   3.033096   0.000015   0.000201   79.111
  474368.34  5889634.04   3.033371   0.000015   0.000189   79.108
  474371.32  5889634.61   3.033630   0.000014   0.000177   79.106
  474374.30  5889635.18   3.033872   0.000013   0.000166   79.103
  474377.28  5889635.76   3.034097   0.000012   0.000154   79.101
  474380.26  5889636.33   3.034305   0.000011   0.000142   79.099
  474383.24  5889636.90   3.034497   0.000010   0.000130   79.097
  474386.22  5889637.48   3.034672   0.000009   0.000118   79.095
  474389.20  5889638.05   3.034831   0.000008   0.000106   79.094
  474392.18  5889638.63   3.034973   0.000007   0.000095   79.092
  474395.16  5889639.20   3.035098   0.000006   0.000083   79.091
  474398.14  5889639.77   3.035206   0.000005   0.000071   79.090
  474401.12  5889640.35   3.035298   0.000005   0.000059   79.089
  474404.10  5889640.92   3.035373   0.000004   0.000047   79.088
  474407.08  5889641.50   3.035431   0.000003   0.000035   79.088
  474410.06  5889642.07   3.035473   0.000002   0.000021   79.087
  474413.04  5889642.65   3.035490   0.000001   0.000012   79.087
