  473281.00  5896903.50   0.863235   0.000003   0.000003    0.000
  473281.06  5896904.37   0.864687   0.000005   0.000005    4.047
  473281.12  5896905.23   0.867587   0.000010   0.000011    4.048
  473281.18  5896906.10   0.870477   0.000015   0.000016    4.048
  473281.24  5896906.97   0.873357   0.000019   0.000021    4.049
  473281.30  5896907.84   0.876229   0.000024   0.000026    4.050
  473281.37  5896908.71   0.879090   0.000029   0.000031    4.051
  473281.43  5896909.59   0.881943   0.000033   0.000037    4.052
  473281.49  5896910.47   0.884785   0.000038   0.000042    4.054
  473281.55  5896911.36   0.887619   0.000042   0.000047    4.056
  473281.62  5896912.24   0.890443   0.000046   0.000052    4.058
  473281.68  5896913.13   0.893257   0.000051   0.000057    4.060
  473281.74  5896914.03   0.896062   0.000055   0.000062    4.063
  473281.81  5896914.92   0.898857   0.000059   0.000067    4.066
  473281.87  5896915.82   0.901643   0.000063   0.000072    4.069
  473281.93  5896916.72   0.904420   0.000067   0.000078    4.072
  473282.00  5896917.62   0.907187   0.000071   0.000083    4.076
  473282.06  5896918.53   0.909945   0.000075   0.000088    4.079
  473282.13  5896919.44   0.912693   0.000079   0.000093    4.083
  473282.19  5896920.35   0.915431   0.000082   0.000098    4.087
  473282.26  5896921.27   0.918161   0.000086   0.000103    4.092
  473282.32  5896922.18   0.920880   0.000090   0.000108    4.096
  473282.39  5896923.10   0.923591   0.000093   0.000113    4.101
  473282.46  5896924.03   0.926291   0.000097   0.000118    4.106
  473282.52  5896924.95   0.928983   0.000100   0.000123    4.111
  473282.59  5896925.88   0.931665   0.000104   0.000127    4.116
  473282.66  5896926.81   0.934337   0.000107   0.000132    4.122
  473282.72  5896927.74   0.937000   0.000111   0.000137    4.128
  473282.79  5896928.68   0.939654   0.000114   0.000142    4.134
  473282.86  5896929.62   0.942298   0.000117   0.000147    4.140
  473282.93  5896930.56   0.944932   0.000120   0.000152    4.146
  473283.00  5896931.50   0.947557   0.000124   0.000157    4.153
  473283.06  5896932.45   0.950173   0.000127   0.000162    4.159
  473283.13  5896933.40   0.952779   0.000130   0.000167    4.166
  473283.20  5896934.35   0.955376   0.000133   0.000172    4.173
  473283.27  5896935.30   0.957964   0.000136   0.000176    4.181
  473283.34  5896936.26   0.960541   0.000139   0.000181    4.188
  473283.41  5896937.22   0.963110   0.000142   0.000186    4.196
  473283.48  5896938.18   0.965669   0.000145   0.000191    4.203
  473283.56  5896939.14   0.968219   0.000148   0.000196    4.211
  473283.63  5896940.11   0.970759   0.000150   0.000201    4.220
  473283.70  5896941.08   0.973289   0.000153   0.000205    4.228
  473283.77  5896942.05   0.975811   0.000156   0.000210    4.237
  473283.84  5896943.03   0.978322   0.000159   0.000215    4.245
  473283.92  5896944.00   0.980825   0.000161   0.000220    4.254
  473283.99  5896944.98   0.983318   0.000164   0.000224    4.263
  473284.06  5896945.97   0.985801   0.000167   0.000229    4.272
  473284.14  5896946.95   0.988275   0.000169   0.000234    4.282
  473284.21  5896947.94   0.990740   0.000172   0.000239    4.292
  473284.28  5896948.93   0.993195   0.000175   0.000243    4.301
  473284.36  5896949.92   0.995641   0.000177   0.000248    4.311
  473284.43  5896950.91   0.998078   0.000180   0.000253    4.321
  473284.51  5896951.91   1.000504   0.000182   0.000258    4.332
  473284.58  5896952.91   1.002922   0.000185   0.000262    4.342
  473284.66  5896953.91   1.005330   0.000187   0.000267    4.353
  473284.74  5896954.91   1.007729   0.000189   0.000272    4.363
  473284.81  5896955.92   1.010118   0.000192   0.000277    4.374
  473284.89  5896956.93   1.012498   0.000194   0.000281    4.385
  473284.97  5896957.94   1.014869   0.000196   0.000286    4.397
  473285.05  5896958.95   1.017230   0.000199   0.000291    4.408
  473285.13  5896959.96   1.019581   0.000201   0.000295    4.420
  473285.21  5896960.98   1.021924   0.000203   0.000300    4.431
  473285.28  5896962.00   1.024256   0.000205   0.000305    4.443
  473285.36  5896963.02   1.026580   0.000208   0.000310    4.455
  473285.44  5896964.05   1.028894   0.000210   0.000314    4.468
  473285.52  5896965.08   1.031199   0.000212   0.000319    4.480
  473285.61  5896966.11   1.033494   0.000214   0.000324    4.492
  473285.69  5896967.14   1.035780   0.000216   0.000328    4.505
  473285.77  5896968.17   1.038056   0.000218   0.000333    4.518
  473285.85  5896969.21   1.040323   0.000221   0.000338    4.531
  473285.93  5896970.24   1.042581   0.000223   0.000342    4.544
  473286.02  5896971.28   1.044829   0.000225   0.000347    4.557
  473286.10  5896972.33   1.047068   0.000227   0.000352    4.571
  473286.18  5896973.37   1.049298   0.000229   0.000356    4.584
  473286.27  5896974.42   1.051518   0.000231   0.000361    4.598
  473286.35  5896975.47   1.053729   0.000233   0.000366    4.612
  473286.44  5896976.52   1.055930   0.000235   0.000370    4.626
  473286.52  5896977.57   1.058123   0.000237   0.000375    4.640
  473286.61  5896978.63   1.060305   0.000239   0.000380    4.655
  473286.69  5896979.69   1.062479   0.000241   0.000384    4.669
  473286.78  5896980.75   1.064643   0.000243   0.000389    4.684
  473286.87  5896981.81   1.066797   0.000244   0.000393    4.699
  473286.96  5896982.87   1.068943   0.000246   0.000398    4.714
  473287.04  5896983.94   1.071079   0.000248   0.000403    4.729
  473287.13  5896985.01   1.073205   0.000250   0.000407    4.744
  473287.22  5896986.08   1.075322   0.000252   0.000412    4.759
  473287.31  5896987.15   1.077430   0.000254   0.000417    4.775
  473287.40  5896988.23   1.079529   0.000256   0.000421    4.791
  473287.49  5896989.30   1.081618   0.000257   0.000426    4.806
  473287.58  5896990.38   1.083698   0.000259   0.000431    4.822
  473287.68  5896991.46   1.085768   0.000261   0.000435    4.838
  473287.77  5896992.55   1.087830   0.000263   0.000440    4.855
  473287.86  5896993.63   1.089882   0.000265   0.000445    4.871
  473287.95  5896994.72   1.091924   0.000266   0.000449    4.888
  473288.05  5896995.81   1.093957   0.000268   0.000454    4.904
  473288.14  5896996.90   1.095981   0.000270   0.000459    4.921
  473288.23  5896997.99   1.097996   0.000272   0.000463    4.938
  473288.33  5896999.09   1.100001   0.000273   0.000468    4.955
  473288.42  5897000.18   1.101998   0.000275   0.000472    4.972
  473288.52  5897001.28   1.103986   0.000277   0.000477    4.990
  473288.62  5897002.38   1.105962   0.000279   0.000482    5.007
  473288.71  5897003.48   1.107926   0.000280   0.000487    5.025
  473288.81  5897004.59   1.109879   0.000282   0.000492    5.043
  473288.91  5897005.70   1.111819   0.000284   0.000496    5.061
  473289.01  5897006.80   1.113747   0.000286   0.000501    5.079
  473289.11  5897007.91   1.115663   0.000288   0.000506    5.097
  473289.21  5897009.03   1.117567   0.000289   0.000511    5.115
  473289.31  5897010.14   1.119459   0.000291   0.000516    5.134
  473289.41  5897011.26   1.121339   0.000293   0.000521    5.153
  473289.51  5897012.37   1.123208   0.000295   0.000526    5.171
  473289.61  5897013.49   1.125064   0.000296   0.000530    5.190
  473289.71  5897014.61   1.126908   0.000298   0.000535    5.209
  473289.82  5897015.74   1.128741   0.000300   0.000540    5.229
  473289.92  5897016.86   1.130561   0.000301   0.000545    5.248
  473290.02  5897017.99   1.132369   0.000303   0.000550    5.268
  473290.13  5897019.12   1.134166   0.000305   0.000555    5.287
  473290.23  5897020.25   1.135951   0.000307   0.000560    5.307
  473290.34  5897021.38   1.137723   0.000308   0.000565    5.327
  473290.44  5897022.51   1.139484   0.000310   0.000569    5.347
  473290.55  5897023.65   1.141233   0.000312   0.000574    5.367
  473290.66  5897024.79   1.142970   0.000314   0.000579    5.388
  473290.77  5897025.93   1.144695   0.000315   0.000584    5.408
  473290.87  5897027.07   1.146408   0.000317   0.000589    5.429
  473290.98  5897028.21   1.148109   0.000319   0.000594    5.450
  473291.09  5897029.35   1.149798   0.000320   0.000599    5.471
  473291.20  5897030.50   1.151476   0.000322   0.000604    5.492
  473291.31  5897031.64   1.153141   0.000324   0.000609    5.513
  473291.42  5897032.79   1.154795   0.000325   0.000614    5.534
  473291.54  5897033.94   1.156436   0.000327   0.000619    5.556
  473291.65  5897035.09   1.158066   0.000329   0.000624    5.578
  473291.76  5897036.25   1.159684   0.000331   0.000629    5.599
  473291.88  5897037.40   1.161290   0.000332   0.000634    5.621
  473291.99  5897038.56   1.162884   0.000334   0.000639    5.644
  473292.10  5897039.72   1.164467   0.000336   0.000644    5.666
  473292.22  5897040.88   1.166037   0.000337   0.000649    5.688
  473292.34  5897042.04   1.167595   0.000339   0.000654    5.711
  473292.45  5897043.20   1.169142   0.000341   0.000659    5.733
  473292.57  5897044.36   1.170677   0.000342   0.000664    5.756
  473292.69  5897045.53   1.172200   0.000344   0.000669    5.779
  473292.81  5897046.70   1.173711   0.000346   0.000674    5.802
  473292.93  5897047.86   1.175210   0.000348   0.000679    5.826
  473293.05  5897049.03   1.176698   0.000349   0.000684    5.849
  473293.17  5897050.21   1.178173   0.000351   0.000689    5.873
  473293.29  5897051.38   1.179637   0.000353   0.000694    5.896
  473293.41  5897052.55   1.181089   0.000354   0.000699    5.920
  473293.53  5897053.73   1.182529   0.000356   0.000704    5.944
  473293.65  5897054.90   1.183958   0.000358   0.000709    5.968
  473293.78  5897056.08   1.185374   0.000360   0.000715    5.992
  473293.90  5897057.26   1.186779   0.000361   0.000720    6.017
  473294.03  5897058.44   1.188172   0.000363   0.000725    6.041
  473294.15  5897059.63   1.189553   0.000365   0.000730    6.066
  473294.28  5897060.81   1.190922   0.000366   0.000735    6.091
  473294.41  5897061.99   1.192280   0.000368   0.000740    6.116
  473294.53  5897063.18   1.193626   0.000370   0.000745    6.141
  473294.66  5897064.37   1.194960   0.000372   0.000751    6.166
  473294.79  5897065.56   1.196282   0.000373   0.000756    6.192
  473294.92  5897066.75   1.197592   0.000375   0.000761    6.218
  473295.05  5897067.94   1.198891   0.000377   0.000766    6.243
  473295.18  5897069.13   1.200178   0.000379   0.000771    6.269
  473295.31  5897070.32   1.201453   0.000380   0.000777    6.295
  473295.45  5897071.52   1.202717   0.000382   0.000782    6.321
  473295.58  5897072.71   1.203968   0.000384   0.000787    6.348
  473295.71  5897073.91   1.205208   0.000386   0.000792    6.374
  473295.85  5897075.11   1.206436   0.000388   0.000798    6.401
  473295.98  5897076.31   1.207653   0.000389   0.000803    6.428
  473296.12  5897077.51   1.208858   0.000391   0.000808    6.455
  473296.26  5897078.71   1.210051   0.000393   0.000814    6.482
  473296.39  5897079.91   1.211232   0.000395   0.000819    6.509
  473296.53  5897081.12   1.212402   0.000397   0.000824    6.536
  473296.67  5897082.32   1.213560   0.000398   0.000830    6.564
  473296.81  5897083.53   1.214706   0.000400   0.000835    6.592
  473296.95  5897084.74   1.215840   0.000402   0.000840    6.619
  473297.09  5897085.94   1.216963   0.000404   0.000846    6.647
  473297.23  5897087.15   1.218075   0.000406   0.000851    6.676
  473297.37  5897088.36   1.219174   0.000407   0.000857    6.704
  473297.52  5897089.58   1.220262   0.000409   0.000862    6.732
  473297.66  5897090.79   1.221338   0.000411   0.000867    6.761
  473297.80  5897092.00   1.222403   0.000413   0.000873    6.790
  473297.95  5897093.22   1.223456   0.000415   0.000878    6.819
  473298.10  5897094.43   1.224498   0.000416   0.000883    6.848
  473298.24  5897095.65   1.225529   0.000419   0.000889    6.877
  473298.39  5897096.86   1.226546   0.000421   0.000896    6.906
  473298.54  5897098.08   1.227548   0.000424   0.000904    6.936
  473298.69  5897099.30   1.228535   0.000427   0.000911    6.966
  473298.84  5897100.52   1.229508   0.000429   0.000918    6.996
  473298.99  5897101.74   1.230466   0.000432   0.000925    7.026
  473299.14  5897102.96   1.231410   0.000435   0.000933    7.057
  473299.29  5897104.19   1.232339   0.000438   0.000940    7.087
  473299.44  5897105.41   1.233254   0.000440   0.000947    7.118
  473299.60  5897106.63   1.234154   0.000443   0.000955    7.149
  473299.75  5897107.86   1.235040   0.000446   0.000962    7.181
  473299.91  5897109.08   1.235911   0.000449   0.000969    7.212
  473300.06  5897110.31   1.236767   0.000452   0.000977    7.244
  473300.22  5897111.54   1.237609   0.000454   0.000984    7.276
  473300.38  5897112.77   1.238437   0.000457   0.000992    7.308
  473300.53  5897113.99   1.239250   0.000460   0.000999    7.341
  473300.69  5897115.22   1.240049   0.000463   0.001007    7.373
  473300.85  5897116.45   1.240833   0.000466   0.001014    7.406
  473301.01  5897117.68   1.241603   0.000469   0.001022    7.439
  473301.18  5897118.92   1.242359   0.000471   0.001029    7.473
  473301.34  5897120.15   1.243100   0.000474   0.001037    7.506
  473301.50  5897121.38   1.243826   0.000477   0.001044    7.540
  473301.66  5897122.61   1.244539   0.000480   0.001052    7.574
  473301.83  5897123.85   1.245236   0.000483   0.001059    7.608
  473302.00  5897125.08   1.245920   0.000486   0.001067    7.643
  473302.16  5897126.32   1.246589   0.000489   0.001075    7.677
  473302.33  5897127.55   1.247244   0.000492   0.001082    7.712
  473302.50  5897128.79   1.247884   0.000495   0.001090    7.747
  473302.67  5897130.03   1.248510   0.000498   0.001098    7.783
  473302.84  5897131.26   1.249122   0.000501   0.001106    7.818
  473303.01  5897132.50   1.249719   0.000504   0.001113    7.854
  473303.18  5897133.74   1.250302   0.000507   0.001121    7.890
  473303.35  5897134.98   1.250871   0.000510   0.001129    7.927
  473303.52  5897136.22   1.251425   0.000513   0.001137    7.963
  473303.70  5897137.46   1.251966   0.000516   0.001145    8.000
  473303.87  5897138.70   1.252491   0.000520   0.001153    8.037
  473304.05  5897139.94   1.253003   0.000523   0.001160    8.074
  473304.23  5897141.18   1.253501   0.000526   0.001168    8.112
  473304.40  5897142.42   1.253984   0.000529   0.001176    8.150
  473304.58  5897143.66   1.254453   0.000532   0.001184    8.188
  473304.76  5897144.90   1.254907   0.000535   0.001192    8.226
  473304.94  5897146.14   1.255348   0.000539   0.001200    8.264
  473305.12  5897147.39   1.255774   0.000542   0.001208    8.303
  473305.31  5897148.63   1.256186   0.000545   0.001216    8.342
  473305.49  5897149.87   1.256584   0.000548   0.001225    8.381
  473305.67  5897151.11   1.256968   0.000552   0.001233    8.421
  473305.86  5897152.36   1.257338   0.000555   0.001241    8.461
  473306.04  5897153.60   1.257694   0.000558   0.001249    8.501
  473306.23  5897154.85   1.258035   0.000562   0.001257    8.541
  473306.42  5897156.09   1.258362   0.000565   0.001265    8.581
  473306.61  5897157.33   1.258676   0.000568   0.001274    8.622
  473306.80  5897158.58   1.258975   0.000572   0.001282    8.663
  473306.99  5897159.82   1.259260   0.000575   0.001290    8.704
  473307.18  5897161.07   1.259531   0.000579   0.001299    8.746
  473307.37  5897162.31   1.259788   0.000582   0.001307    8.788
  473307.56  5897163.56   1.260031   0.000586   0.001315    8.830
  473307.76  5897164.80   1.260260   0.000589   0.001324    8.872
  473307.95  5897166.05   1.260475   0.000593   0.001332    8.915
  473308.15  5897167.29   1.260676   0.000597   0.001341    8.957
  473308.35  5897168.54   1.260863   0.000600   0.001349    9.000
  473308.55  5897169.78   1.261036   0.000604   0.001358    9.044
  473308.75  5897171.03   1.261195   0.000607   0.001366    9.087
  473308.95  5897172.27   1.261340   0.000611   0.001375    9.131
  473309.15  5897173.52   1.261471   0.000615   0.001384    9.175
  473309.35  5897174.77   1.261589   0.000619   0.001392    9.220
  473309.55  5897176.01   1.261692   0.000622   0.001401    9.265
  473309.76  5897177.26   1.261781   0.000626   0.001410    9.310
  473309.96  5897178.50   1.261857   0.000630   0.001418    9.355
  473310.17  5897179.75   1.261919   0.000634   0.001427    9.400
  473310.37  5897180.99   1.261967   0.000638   0.001436    9.446
  473310.58  5897182.24   1.262001   0.000642   0.001445    9.492
  473310.79  5897183.48   1.262021   0.000645   0.001454    9.539
  473311.00  5897184.72   1.262028   0.000649   0.001463    9.585
  473311.21  5897185.97   1.262021   0.000653   0.001472    9.632
  473311.43  5897187.21   1.262000   0.000657   0.001481    9.680
  473311.64  5897188.46   1.261965   0.000661   0.001490    9.727
  473311.85  5897189.70   1.261917   0.000665   0.001499    9.775
  473312.07  5897190.94   1.261854   0.000670   0.001508    9.823
  473312.28  5897192.19   1.261779   0.000674   0.001517    9.871
  473312.50  5897193.43   1.261689   0.000678   0.001526    9.920
  473312.72  5897194.67   1.261586   0.000682   0.001535    9.969
  473312.94  5897195.91   1.261469   0.000686   0.001544   10.018
  473313.16  5897197.16   1.261339   0.000691   0.001554   10.068
  473313.38  5897198.40   1.261195   0.000695   0.001563   10.118
  473313.60  5897199.64   1.261037   0.000699   0.001572   10.168
  473313.83  5897200.88   1.260866   0.000704   0.001582   10.219
  473314.05  5897202.12   1.260681   0.000708   0.001591   10.270
  473314.28  5897203.36   1.260483   0.000712   0.001601   10.321
  473314.51  5897204.60   1.260271   0.000717   0.001610   10.372
  473314.73  5897205.84   1.260045   0.000721   0.001620   10.424
  473314.96  5897207.08   1.259806   0.000726   0.001629   10.476
  473315.19  5897208.32   1.259554   0.000730   0.001639   10.528
  473315.42  5897209.56   1.259288   0.000735   0.001648   10.581
  473315.66  5897210.79   1.259009   0.000740   0.001658   10.634
  473315.89  5897212.03   1.258716   0.000744   0.001668   10.687
  473316.12  5897213.27   1.258410   0.000749   0.001677   10.741
  473316.36  5897214.50   1.258091   0.000754   0.001687   10.795
  473316.60  5897215.74   1.257758   0.000759   0.001697   10.849
  473316.83  5897216.97   1.257412   0.000763   0.001707   10.904
  473317.07  5897218.21   1.257053   0.000768   0.001717   10.959
  473317.31  5897219.44   1.256680   0.000773   0.001727   11.014
  473317.56  5897220.67   1.256294   0.000778   0.001737   11.070
  473317.80  5897221.91   1.255895   0.000783   0.001747   11.126
  473318.04  5897223.14   1.255483   0.000788   0.001757   11.182
  473318.29  5897224.37   1.255057   0.000793   0.001767   11.239
  473318.53  5897225.60   1.254618   0.000798   0.001777   11.296
  473318.78  5897226.83   1.254166   0.000803   0.001787   11.354
  473319.03  5897228.06   1.253701   0.000809   0.001798   11.411
  473319.28  5897229.29   1.253223   0.000814   0.001808   11.469
  473319.53  5897230.52   1.252731   0.000819   0.001818   11.528
  473319.78  5897231.74   1.252227   0.000825   0.001829   11.587
  473320.03  5897232.97   1.251709   0.000830   0.001839   11.646
  473320.28  5897234.19   1.251179   0.000835   0.001849   11.705
  473320.54  5897235.42   1.250635   0.000841   0.001860   11.765
  473320.80  5897236.64   1.250079   0.000846   0.001870   11.825
  473321.05  5897237.87   1.249509   0.000852   0.001881   11.886
  473321.31  5897239.09   1.248927   0.000858   0.001892   11.947
  473321.57  5897240.31   1.248331   0.000863   0.001902   12.008
  473321.83  5897241.53   1.247723   0.000869   0.001913   12.070
  473322.09  5897242.75   1.247102   0.000875   0.001924   12.132
  473322.36  5897243.97   1.246468   0.000881   0.001935   12.195
  473322.62  5897245.18   1.245821   0.000886   0.001946   12.258
  473322.89  5897246.40   1.245162   0.000892   0.001957   12.321
  473323.16  5897247.62   1.244489   0.000898   0.001968   12.385
  473323.42  5897248.83   1.243804   0.000904   0.001979   12.449
  473323.69  5897250.05   1.243107   0.000910   0.001990   12.513
  473323.96  5897251.26   1.242396   0.000917   0.002001   12.578
  473324.24  5897252.47   1.241673   0.000923   0.002012   12.643
  473324.51  5897253.68   1.240937   0.000929   0.002023   12.709
  473324.78  5897254.89   1.240189   0.000935   0.002035   12.775
  473325.06  5897256.10   1.239428   0.000942   0.002046   12.841
  473325.34  5897257.31   1.238654   0.000948   0.002057   12.908
  473325.61  5897258.52   1.237868   0.000955   0.002069   12.976
  473325.89  5897259.72   1.237070   0.000961   0.002080   13.043
  473326.17  5897260.93   1.236259   0.000968   0.002092   13.111
  473326.45  5897262.13   1.235435   0.000974   0.002103   13.180
  473326.74  5897263.33   1.234600   0.000981   0.002115   13.249
  473327.02  5897264.53   1.233751   0.000988   0.002127   13.318
  473327.31  5897265.73   1.232891   0.000995   0.002138   13.388
  473327.59  5897266.93   1.232018   0.001002   0.002150   13.458
  473327.88  5897268.13   1.231133   0.001009   0.002162   13.529
  473328.17  5897269.32   1.230235   0.001016   0.002174   13.600
  473328.46  5897270.52   1.229326   0.001023   0.002186   13.672
  473328.75  5897271.71   1.228404   0.001030   0.002198   13.744
  473329.05  5897272.90   1.227470   0.001037   0.002210   13.816
  473329.34  5897274.10   1.226524   0.001045   0.002222   13.889
  473329.64  5897275.29   1.225566   0.001052   0.002235   13.963
  473329.94  5897276.47   1.224596   0.001059   0.002247   14.037
  473330.23  5897277.66   1.223613   0.001067   0.002259   14.111
  473330.53  5897278.85   1.222619   0.001075   0.002272   14.186
  473330.83  5897280.03   1.221611   0.001083   0.002285   14.261
  473331.14  5897281.21   1.220591   0.001090   0.002297   14.337
  473331.44  5897282.40   1.219563   0.001097   0.002307   14.413
  473331.75  5897283.58   1.218527   0.001103   0.002317   14.490
  473332.05  5897284.76   1.217483   0.001110   0.002327   14.567
  473332.36  5897285.93   1.216431   0.001117   0.002337   14.644
  473332.67  5897287.11   1.215371   0.001124   0.002347   14.722
  473332.98  5897288.28   1.214303   0.001130   0.002357   14.800
  473333.29  5897289.46   1.213227   0.001137   0.002367   14.879
  473333.60  5897290.63   1.212144   0.001144   0.002378   14.958
  473333.92  5897291.80   1.211053   0.001151   0.002388   15.037
  473334.23  5897292.97   1.209954   0.001158   0.002399   15.117
  473334.55  5897294.13   1.208847   0.001166   0.002409   15.198
  473334.87  5897295.30   1.207733   0.001173   0.002419   15.278
  473335.19  5897296.46   1.206611   0.001180   0.002430   15.360
  473335.51  5897297.63   1.205481   0.001188   0.002441   15.441
  473335.83  5897298.79   1.204344   0.001195   0.002451   15.523
  473336.16  5897299.95   1.203199   0.001203   0.002462   15.606
  473336.48  5897301.10   1.202047   0.001210   0.002473   15.688
  473336.81  5897302.26   1.200887   0.001218   0.002483   15.772
  473337.14  5897303.42   1.199719   0.001225   0.002494   15.856
  473337.47  5897304.57   1.198545   0.001233   0.002505   15.940
  473337.80  5897305.72   1.197363   0.001241   0.002516   16.025
  473338.13  5897306.87   1.196173   0.001249   0.002527   16.110
  473338.46  5897308.02   1.194976   0.001257   0.002538   16.195
  473338.80  5897309.16   1.193772   0.001265   0.002549   16.281
  473339.13  5897310.31   1.192561   0.001273   0.002560   16.368
  473339.47  5897311.45   1.191342   0.001281   0.002572   16.455
  473339.81  5897312.59   1.190116   0.001289   0.002583   16.542
  473340.15  5897313.73   1.188883   0.001298   0.002594   16.630
  473340.49  5897314.87   1.187643   0.001306   0.002605   16.719
  473340.83  5897316.01   1.186396   0.001315   0.002617   16.807
  473341.18  5897317.14   1.185142   0.001323   0.002628   16.897
  473341.53  5897318.27   1.183881   0.001332   0.002640   16.987
  473341.87  5897319.41   1.182612   0.001340   0.002651   17.077
  473342.22  5897320.54   1.181337   0.001349   0.002663   17.168
  473342.57  5897321.66   1.180055   0.001358   0.002675   17.259
  473342.92  5897322.79   1.178766   0.001367   0.002686   17.351
  473343.28  5897323.91   1.177471   0.001377   0.002699   17.443
  473343.63  5897325.03   1.176167   0.001386   0.002712   17.536
  473343.99  5897326.15   1.174857   0.001394   0.002722   17.630
  473344.35  5897327.27   1.173542   0.001402   0.002730   17.723
  473344.70  5897328.39   1.172224   0.001409   0.002738   17.818
  473345.06  5897329.50   1.170901   0.001417   0.002747   17.912
  473345.43  5897330.62   1.169575   0.001424   0.002755   18.007
  473345.79  5897331.73   1.168245   0.001432   0.002764   18.103
  473346.15  5897332.84   1.166911   0.001439   0.002772   18.199
  473346.52  5897333.95   1.165573   0.001447   0.002781   18.295
  473346.89  5897335.05   1.164231   0.001455   0.002789   18.392
  473347.26  5897336.15   1.162885   0.001463   0.002798   18.489
  473347.63  5897337.26   1.161536   0.001471   0.002806   18.586
  473348.00  5897338.36   1.160183   0.001479   0.002815   18.684
  473348.37  5897339.45   1.158826   0.001487   0.002824   18.782
  473348.75  5897340.55   1.157466   0.001495   0.002832   18.881
  473349.12  5897341.64   1.156102   0.001503   0.002841   18.980
  473349.50  5897342.73   1.154734   0.001511   0.002850   19.080
  473349.88  5897343.82   1.153363   0.001520   0.002859   19.180
  473350.26  5897344.91   1.151988   0.001528   0.002868   19.280
  473350.64  5897346.00   1.150610   0.001537   0.002877   19.381
  473351.03  5897347.08   1.149228   0.001545   0.002886   19.482
  473351.41  5897348.17   1.147843   0.001554   0.002895   19.584
  473351.80  5897349.25   1.146454   0.001562   0.002904   19.686
  473352.19  5897350.32   1.145063   0.001571   0.002913   19.789
  473352.57  5897351.40   1.143667   0.001580   0.002922   19.892
  473352.97  5897352.47   1.142269   0.001589   0.002931   19.995
  473353.36  5897353.55   1.140867   0.001598   0.002941   20.099
  473353.75  5897354.62   1.139462   0.001607   0.002950   20.204
  473354.15  5897355.68   1.138054   0.001616   0.002959   20.309
  473354.54  5897356.75   1.136643   0.001625   0.002969   20.414
  473354.94  5897357.81   1.135228   0.001634   0.002978   20.520
  473355.34  5897358.87   1.133811   0.001643   0.002988   20.626
  473355.74  5897359.93   1.132390   0.001653   0.002997   20.733
  473356.15  5897360.99   1.130967   0.001662   0.003007   20.840
  473356.55  5897362.05   1.129540   0.001672   0.003016   20.948
  473356.95  5897363.10   1.128111   0.001681   0.003026   21.056
  473357.36  5897364.15   1.126679   0.001691   0.003035   21.165
  473357.77  5897365.20   1.125243   0.001701   0.003045   21.274
  473358.18  5897366.25   1.123806   0.001710   0.003055   21.383
  473358.59  5897367.29   1.122365   0.001720   0.003065   21.494
  473359.01  5897368.34   1.120921   0.001730   0.003075   21.604
  473359.42  5897369.38   1.119475   0.001740   0.003084   21.715
  473359.84  5897370.42   1.118027   0.001750   0.003094   21.827
  473360.25  5897371.45   1.116575   0.001761   0.003104   21.939
  473360.67  5897372.49   1.115121   0.001771   0.003114   22.052
  473361.09  5897373.52   1.113665   0.001781   0.003125   22.165
  473361.51  5897374.55   1.112206   0.001792   0.003135   22.279
  473361.94  5897375.58   1.110745   0.001802   0.003145   22.393
  473362.36  5897376.60   1.109281   0.001813   0.003155   22.507
  473362.79  5897377.63   1.107815   0.001824   0.003166   22.623
  473363.22  5897378.65   1.106345   0.001836   0.003178   22.738
  473363.65  5897379.66   1.104873   0.001845   0.003186   22.855
  473364.08  5897380.68   1.103402   0.001854   0.003191   22.972
  473364.51  5897381.70   1.101930   0.001862   0.003197   23.089
  473364.94  5897382.71   1.100458   0.001870   0.003203   23.206
  473365.38  5897383.72   1.098987   0.001878   0.003208   23.324
  473365.82  5897384.73   1.097516   0.001887   0.003214   23.443
  473366.25  5897385.73   1.096045   0.001895   0.003219   23.561
  473366.69  5897386.73   1.094574   0.001903   0.003225   23.680
  473367.14  5897387.73   1.093103   0.001912   0.003231   23.800
  473367.58  5897388.73   1.091632   0.001920   0.003237   23.919
  473368.02  5897389.73   1.090162   0.001929   0.003242   24.039
  473368.47  5897390.72   1.088692   0.001938   0.003248   24.160
  473368.92  5897391.72   1.087223   0.001946   0.003254   24.281
  473369.37  5897392.70   1.085753   0.001955   0.003260   24.402
  473369.82  5897393.69   1.084284   0.001964   0.003266   24.524
  473370.27  5897394.68   1.082816   0.001973   0.003271   24.646
  473370.72  5897395.66   1.081348   0.001982   0.003277   24.768
  473371.18  5897396.64   1.079880   0.001991   0.003283   24.891
  473371.63  5897397.62   1.078413   0.002000   0.003289   25.014
  473372.09  5897398.59   1.076947   0.002009   0.003295   25.138
  473372.55  5897399.57   1.075481   0.002018   0.003301   25.262
  473373.01  5897400.54   1.074015   0.002027   0.003307   25.386
  473373.47  5897401.51   1.072550   0.002037   0.003313   25.511
  473373.94  5897402.47   1.071086   0.002046   0.003320   25.636
  473374.40  5897403.44   1.069622   0.002055   0.003326   25.762
  473374.87  5897404.40   1.068159   0.002066   0.003333   25.887
  473375.34  5897405.36   1.066696   0.002076   0.003340   26.014
  473375.81  5897406.31   1.065233   0.002084   0.003344   26.141
  473376.28  5897407.27   1.063773   0.002091   0.003346   26.268
  473376.75  5897408.22   1.062317   0.002098   0.003348   26.395
  473377.22  5897409.17   1.060864   0.002105   0.003350   26.523
  473377.70  5897410.12   1.059413   0.002112   0.003352   26.651
  473378.18  5897411.06   1.057967   0.002119   0.003354   26.779
  473378.65  5897412.01   1.056523   0.002126   0.003356   26.908
  473379.13  5897412.95   1.055082   0.002133   0.003358   27.036
  473379.62  5897413.88   1.053645   0.002140   0.003360   27.165
  473380.10  5897414.82   1.052211   0.002147   0.003362   27.294
  473380.58  5897415.75   1.050780   0.002154   0.003364   27.424
  473381.07  5897416.68   1.049352   0.002161   0.003366   27.554
  473381.56  5897417.61   1.047928   0.002168   0.003368   27.684
  473382.04  5897418.54   1.046506   0.002176   0.003370   27.814
  473382.53  5897419.46   1.045088   0.002183   0.003372   27.944
  473383.03  5897420.38   1.043674   0.002190   0.003374   28.075
  473383.52  5897421.30   1.042262   0.002197   0.003376   28.206
  473384.01  5897422.22   1.040854   0.002204   0.003377   28.337
  473384.51  5897423.13   1.039449   0.002211   0.003379   28.469
  473385.01  5897424.05   1.038047   0.002219   0.003382   28.600
  473385.50  5897424.96   1.036649   0.002228   0.003386   28.732
  473386.00  5897425.86   1.035256   0.002237   0.003390   28.864
  473386.51  5897426.77   1.033868   0.002245   0.003394   28.997
  473387.01  5897427.67   1.032485   0.002254   0.003398   29.130
  473387.51  5897428.57   1.031107   0.002263   0.003403   29.264
  473388.02  5897429.47   1.029733   0.002272   0.003407   29.397
  473388.53  5897430.36   1.028364   0.002281   0.003411   29.531
  473389.04  5897431.26   1.027000   0.002290   0.003415   29.666
  473389.55  5897432.15   1.025641   0.002299   0.003419   29.800
  473390.06  5897433.04   1.024287   0.002307   0.003424   29.935
  473390.57  5897433.92   1.022937   0.002316   0.003428   30.071
  473391.08  5897434.81   1.021593   0.002325   0.003432   30.207
  473391.60  5897435.69   1.020253   0.002334   0.003436   30.343
  473392.12  5897436.57   1.018919   0.002343   0.003440   30.479
  473392.64  5897437.44   1.017589   0.002352   0.003445   30.616
  473393.16  5897438.32   1.016265   0.002361   0.003449   30.753
  473393.68  5897439.19   1.014946   0.002370   0.003453   30.891
  473394.20  5897440.06   1.013631   0.002379   0.003457   31.028
  473394.72  5897440.92   1.012322   0.002388   0.003461   31.167
  473395.25  5897441.79   1.011018   0.002397   0.003465   31.305
  473395.78  5897442.65   1.009718   0.002406   0.003470   31.444
  473396.31  5897443.51   1.008425   0.002415   0.003474   31.583
  473396.84  5897444.37   1.007136   0.002425   0.003478   31.723
  473397.37  5897445.22   1.005852   0.002434   0.003482   31.863
  473397.90  5897446.07   1.004574   0.002443   0.003486   32.003
  473398.43  5897446.92   1.003301   0.002452   0.003490   32.144
  473398.97  5897447.77   1.002033   0.002461   0.003494   32.285
  473399.51  5897448.62   1.000770   0.002470   0.003499   32.426
  473400.04  5897449.46   0.999513   0.002479   0.003503   32.567
  473400.58  5897450.30   0.998261   0.002488   0.003507   32.709
  473401.13  5897451.14   0.997014   0.002498   0.003511   32.852
  473401.67  5897451.97   0.995772   0.002507   0.003515   32.994
  473402.21  5897452.81   0.994536   0.002516   0.003519   33.137
  473402.76  5897453.64   0.993306   0.002525   0.003523   33.281
  473403.30  5897454.47   0.992081   0.002534   0.003527   33.425
  473403.85  5897455.29   0.990861   0.002543   0.003531   33.569
  473404.40  5897456.12   0.989647   0.002553   0.003536   33.713
  473404.95  5897456.94   0.988438   0.002562   0.003540   33.858
  473405.51  5897457.76   0.987235   0.002571   0.003544   34.003
  473406.06  5897458.57   0.986037   0.002580   0.003548   34.148
  473406.61  5897459.39   0.984845   0.002589   0.003552   34.294
  473407.17  5897460.20   0.983658   0.002599   0.003556   34.440
  473407.73  5897461.01   0.982477   0.002608   0.003560   34.587
  473408.29  5897461.82   0.981302   0.002617   0.003564   34.733
  473408.85  5897462.62   0.980132   0.002626   0.003568   34.880
  473409.41  5897463.42   0.978968   0.002635   0.003572   35.028
  473409.98  5897464.22   0.977810   0.002645   0.003576   35.176
  473410.54  5897465.02   0.976657   0.002654   0.003580   35.324
  473411.11  5897465.81   0.975510   0.002663   0.003584   35.472
  473411.67  5897466.61   0.974369   0.002672   0.003588   35.621
  473412.24  5897467.40   0.973233   0.002682   0.003592   35.771
  473412.81  5897468.18   0.972104   0.002691   0.003596   35.920
  473413.39  5897468.97   0.970980   0.002700   0.003600   36.070
  473413.96  5897469.75   0.969862   0.002709   0.003604   36.220
  473414.53  5897470.53   0.968750   0.002718   0.003608   36.371
  473415.11  5897471.31   0.967644   0.002728   0.003612   36.522
  473415.69  5897472.09   0.966543   0.002737   0.003616   36.673
  473416.27  5897472.86   0.965449   0.002746   0.003620   36.824
  473416.85  5897473.63   0.964361   0.002755   0.003623   36.976
  473417.43  5897474.40   0.963278   0.002764   0.003627   37.128
  473418.01  5897475.16   0.962202   0.002773   0.003631   37.281
  473418.60  5897475.93   0.961131   0.002782   0.003635   37.434
  473419.18  5897476.69   0.960067   0.002792   0.003639   37.587
  473419.77  5897477.45   0.959008   0.002801   0.003643   37.741
  473420.36  5897478.20   0.957956   0.002810   0.003647   37.895
  473420.95  5897478.96   0.956910   0.002820   0.003652   38.049
  473421.54  5897479.71   0.955869   0.002830   0.003657   38.203
  473422.13  5897480.46   0.954834   0.002837   0.003658   38.358
  473422.73  5897481.21   0.953807   0.002843   0.003657   38.514
  473423.32  5897481.95   0.952789   0.002848   0.003656   38.669
  473423.92  5897482.69   0.951778   0.002853   0.003656   38.824
  473424.52  5897483.43   0.950776   0.002859   0.003655   38.980
  473425.12  5897484.17   0.949782   0.002864   0.003654   39.136
  473425.72  5897484.90   0.948796   0.002869   0.003653   39.292
  473426.32  5897485.64   0.947818   0.002874   0.003652   39.448
  473426.93  5897486.37   0.946848   0.002879   0.003651   39.604
  473427.53  5897487.09   0.945886   0.002884   0.003650   39.760
  473428.14  5897487.82   0.944933   0.002889   0.003649   39.916
  473428.75  5897488.54   0.943987   0.002894   0.003648   40.073
  473429.36  5897489.26   0.943050   0.002899   0.003646   40.229
  473429.97  5897489.98   0.942121   0.002904   0.003645   40.386
  473430.58  5897490.70   0.941199   0.002909   0.003644   40.543
  473431.19  5897491.41   0.940286   0.002913   0.003643   40.699
  473431.81  5897492.12   0.939381   0.002918   0.003641   40.856
  473432.42  5897492.83   0.938484   0.002922   0.003640   41.013
  473433.04  5897493.53   0.937595   0.002927   0.003639   41.171
  473433.66  5897494.24   0.936714   0.002931   0.003637   41.328
  473434.28  5897494.94   0.935841   0.002936   0.003636   41.485
  473434.90  5897495.64   0.934977   0.002940   0.003634   41.643
  473435.52  5897496.33   0.934120   0.002944   0.003633   41.800
  473436.15  5897497.03   0.933271   0.002948   0.003631   41.958
  473436.77  5897497.72   0.932430   0.002952   0.003630   42.115
  473437.40  5897498.41   0.931597   0.002956   0.003628   42.273
  473438.03  5897499.10   0.930773   0.002960   0.003627   42.431
  473438.66  5897499.78   0.929956   0.002964   0.003625   42.589
  473439.29  5897500.47   0.929147   0.002969   0.003624   42.747
  473439.92  5897501.15   0.928345   0.002973   0.003624   42.905
  473440.56  5897501.82   0.927551   0.002975   0.003620   43.063
  473441.19  5897502.50   0.926767   0.002975   0.003614   43.221
  473441.83  5897503.17   0.925992   0.002975   0.003608   43.379
  473442.46  5897503.84   0.925226   0.002975   0.003602   43.537
  473443.10  5897504.51   0.924469   0.002975   0.003595   43.694
  473443.74  5897505.18   0.923722   0.002974   0.003589   43.852
  473444.38  5897505.84   0.922984   0.002974   0.003583   44.009
  473445.03  5897506.50   0.922254   0.002973   0.003576   44.167
  473445.67  5897507.16   0.921534   0.002973   0.003570   44.324
  473446.32  5897507.82   0.920823   0.002972   0.003564   44.481
  473446.96  5897508.48   0.920120   0.002971   0.003557   44.638
  473447.61  5897509.13   0.919427   0.002970   0.003551   44.794
  473448.26  5897509.78   0.918743   0.002969   0.003544   44.951
  473448.91  5897510.43   0.918067   0.002968   0.003537   45.107
  473449.56  5897511.07   0.917400   0.002966   0.003531   45.263
  473450.22  5897511.72   0.916742   0.002965   0.003524   45.419
  473450.87  5897512.36   0.916093   0.002963   0.003517   45.575
  473451.53  5897513.00   0.915453   0.002962   0.003510   45.730
  473452.18  5897513.64   0.914821   0.002960   0.003504   45.886
  473452.84  5897514.27   0.914197   0.002958   0.003497   46.041
  473453.50  5897514.90   0.913583   0.002957   0.003490   46.196
  473454.16  5897515.53   0.912977   0.002955   0.003483   46.350
  473454.82  5897516.16   0.912379   0.002952   0.003476   46.505
  473455.49  5897516.79   0.911790   0.002950   0.003469   46.659
  473456.15  5897517.41   0.911209   0.002948   0.003462   46.813
  473456.82  5897518.03   0.910637   0.002946   0.003454   46.967
  473457.49  5897518.65   0.910073   0.002943   0.003447   47.121
  473458.15  5897519.27   0.909517   0.002941   0.003440   47.275
  473458.82  5897519.88   0.908970   0.002938   0.003433   47.428
  473459.49  5897520.50   0.908431   0.002935   0.003425   47.581
  473460.17  5897521.11   0.907900   0.002932   0.003418   47.734
  473460.84  5897521.72   0.907377   0.002929   0.003411   47.886
  473461.51  5897522.32   0.906862   0.002926   0.003403   48.038
  473462.19  5897522.93   0.906356   0.002923   0.003396   48.190
  473462.87  5897523.53   0.905857   0.002920   0.003388   48.342
  473463.55  5897524.13   0.905366   0.002916   0.003381   48.494
  473464.22  5897524.73   0.904883   0.002913   0.003373   48.645
  473464.91  5897525.32   0.904408   0.002909   0.003366   48.796
  473465.59  5897525.92   0.903941   0.002906   0.003358   48.947
  473466.27  5897526.51   0.903482   0.002902   0.003350   49.097
  473466.95  5897527.10   0.903031   0.002898   0.003342   49.248
  473467.64  5897527.69   0.902587   0.002894   0.003335   49.397
  473468.33  5897528.27   0.902151   0.002890   0.003327   49.547
  473469.01  5897528.86   0.901722   0.002886   0.003319   49.697
  473469.70  5897529.44   0.901301   0.002882   0.003311   49.846
  473470.39  5897530.02   0.900888   0.002878   0.003303   49.995
  473471.09  5897530.59   0.900482   0.002874   0.003295   50.143
  473471.78  5897531.17   0.900084   0.002869   0.003287   50.291
  473472.47  5897531.74   0.899693   0.002865   0.003279   50.439
  473473.17  5897532.31   0.899309   0.002860   0.003271   50.587
  473473.86  5897532.88   0.898933   0.002855   0.003263   50.734
  473474.56  5897533.45   0.898564   0.002851   0.003255   50.881
  473475.26  5897534.01   0.898202   0.002846   0.003247   51.028
  473475.96  5897534.58   0.897848   0.002841   0.003239   51.175
  473476.66  5897535.14   0.897500   0.002836   0.003230   51.321
  473477.36  5897535.70   0.897160   0.002831   0.003222   51.467
  473478.06  5897536.25   0.896827   0.002825   0.003214   51.612
  473478.77  5897536.81   0.896500   0.002820   0.003205   51.757
  473479.47  5897537.36   0.896181   0.002815   0.003197   51.902
  473480.18  5897537.91   0.895869   0.002809   0.003189   52.047
  473480.89  5897538.46   0.895563   0.002804   0.003180   52.191
  473481.60  5897539.01   0.895265   0.002798   0.003172   52.335
  473482.31  5897539.55   0.894973   0.002793   0.003163   52.478
  473483.02  5897540.10   0.894688   0.002787   0.003155   52.621
  473483.73  5897540.64   0.894409   0.002781   0.003146   52.764
  473484.44  5897541.18   0.894138   0.002775   0.003138   52.907
  473485.16  5897541.72   0.893872   0.002769   0.003129   53.049
  473485.87  5897542.25   0.893614   0.002763   0.003120   53.191
  473486.59  5897542.79   0.893362   0.002757   0.003112   53.332
  473487.31  5897543.32   0.893116   0.002751   0.003103   53.473
  473488.03  5897543.85   0.892877   0.002745   0.003094   53.614
  473488.75  5897544.37   0.892644   0.002738   0.003086   53.755
  473489.47  5897544.90   0.892418   0.002732   0.003077   53.895
  473490.19  5897545.42   0.892197   0.002725   0.003068   54.034
  473490.91  5897545.95   0.891984   0.002719   0.003059   54.174
  473491.64  5897546.47   0.891776   0.002712   0.003050   54.313
  473492.36  5897546.99   0.891574   0.002706   0.003041   54.451
  473493.09  5897547.50   0.891379   0.002699   0.003033   54.589
  473493.82  5897548.02   0.891189   0.002692   0.003024   54.727
  473494.55  5897548.53   0.891006   0.002685   0.003015   54.865
  473495.28  5897549.04   0.890829   0.002678   0.003006   55.002
  473496.01  5897549.55   0.890657   0.002671   0.002997   55.138
  473496.74  5897550.06   0.890492   0.002664   0.002988   55.275
  473497.47  5897550.56   0.890332   0.002657   0.002979   55.411
  473498.21  5897551.07   0.890178   0.002650   0.002969   55.546
  473498.94  5897551.57   0.890030   0.002643   0.002960   55.681
  473499.68  5897552.07   0.889887   0.002635   0.002951   55.816
  473500.41  5897552.57   0.889750   0.002628   0.002942   55.950
  473501.15  5897553.06   0.889619   0.002620   0.002933   56.084
  473501.89  5897553.56   0.889493   0.002613   0.002924   56.218
  473502.63  5897554.05   0.889373   0.002605   0.002915   56.351
  473503.37  5897554.54   0.889258   0.002598   0.002905   56.484
  473504.12  5897555.03   0.889149   0.002590   0.002896   56.616
  473504.86  5897555.52   0.889045   0.002583   0.002887   56.748
  473505.60  5897556.00   0.888947   0.002575   0.002877   56.880
  473506.35  5897556.49   0.888853   0.002567   0.002868   57.011
  473507.10  5897556.97   0.888765   0.002559   0.002859   57.142
  473507.84  5897557.45   0.888682   0.002551   0.002849   57.272
  473508.59  5897557.93   0.888605   0.002543   0.002840   57.402
  473509.34  5897558.41   0.888532   0.002535   0.002831   57.531
  473510.09  5897558.88   0.888465   0.002527   0.002821   57.660
  473510.84  5897559.35   0.888402   0.002519   0.002812   57.789
  473511.60  5897559.83   0.888345   0.002511   0.002802   57.917
  473512.35  5897560.30   0.888292   0.002503   0.002793   58.045
  473513.11  5897560.77   0.888245   0.002495   0.002784   58.173
  473513.86  5897561.23   0.888203   0.002487   0.002775   58.299
  473514.62  5897561.70   0.888166   0.002478   0.002764   58.426
  473515.38  5897562.16   0.888131   0.002468   0.002753   58.552
  473516.13  5897562.62   0.888100   0.002458   0.002742   58.678
  473516.89  5897563.08   0.888071   0.002448   0.002731   58.803
  473517.65  5897563.54   0.888045   0.002438   0.002719   58.927
  473518.42  5897564.00   0.888021   0.002428   0.002708   59.052
  473519.18  5897564.45   0.888000   0.002418   0.002697   59.175
  473519.94  5897564.91   0.887982   0.002408   0.002685   59.298
  473520.71  5897565.36   0.887966   0.002398   0.002674   59.421
  473521.47  5897565.81   0.887952   0.002388   0.002663   59.543
  473522.24  5897566.26   0.887941   0.002378   0.002652   59.664
  473523.01  5897566.70   0.887932   0.002368   0.002640   59.785
  473523.77  5897567.15   0.887925   0.002358   0.002629   59.906
  473524.54  5897567.59   0.887920   0.002348   0.002618   60.026
  473525.31  5897568.03   0.887918   0.002338   0.002606   60.145
  473526.08  5897568.47   0.887918   0.002328   0.002595   60.264
  473526.86  5897568.91   0.887919   0.002317   0.002584   60.382
  473527.63  5897569.35   0.887923   0.002307   0.002573   60.500
  473528.40  5897569.79   0.887928   0.002297   0.002561   60.618
  473529.18  5897570.22   0.887936   0.002287   0.002550   60.734
  473529.95  5897570.65   0.887945   0.002277   0.002539   60.851
  473530.73  5897571.08   0.887957   0.002267   0.002527   60.967
  473531.51  5897571.51   0.887969   0.002256   0.002516   61.082
  473532.28  5897571.94   0.887984   0.002246   0.002505   61.197
  473533.06  5897572.37   0.888000   0.002236   0.002493   61.311
  473533.84  5897572.79   0.888018   0.002226   0.002482   61.425
  473534.62  5897573.21   0.888038   0.002215   0.002471   61.538
  473535.41  5897573.64   0.888059   0.002205   0.002460   61.651
  473536.19  5897574.06   0.888081   0.002195   0.002448   61.763
  473536.97  5897574.48   0.888105   0.002185   0.002437   61.875
  473537.76  5897574.89   0.888130   0.002175   0.002426   61.986
  473538.54  5897575.31   0.888156   0.002164   0.002414   62.096
  473539.33  5897575.72   0.888184   0.002154   0.002403   62.207
  473540.11  5897576.13   0.888213   0.002144   0.002392   62.316
  473540.90  5897576.55   0.888243   0.002133   0.002381   62.425
  473541.69  5897576.96   0.888275   0.002123   0.002369   62.534
  473542.48  5897577.36   0.888307   0.002113   0.002358   62.642
  473543.27  5897577.77   0.888341   0.002103   0.002347   62.749
  473544.06  5897578.18   0.888375   0.002092   0.002335   62.857
  473544.85  5897578.58   0.888411   0.002082   0.002324   62.963
  473545.64  5897578.98   0.888447   0.002072   0.002313   63.069
  473546.43  5897579.38   0.888484   0.002062   0.002302   63.174
  473547.23  5897579.78   0.888522   0.002051   0.002290   63.279
  473548.02  5897580.18   0.888561   0.002041   0.002279   63.384
  473548.82  5897580.58   0.888601   0.002031   0.002268   63.488
  473549.61  5897580.97   0.888641   0.002021   0.002257   63.591
  473550.41  5897581.37   0.888682   0.002010   0.002245   63.694
  473551.21  5897581.76   0.888724   0.002000   0.002234   63.796
  473552.00  5897582.15   0.888766   0.001990   0.002223   63.898
  473552.80  5897582.54   0.888808   0.001980   0.002212   64.000
  473553.60  5897582.93   0.888852   0.001969   0.002200   64.100
  473554.40  5897583.31   0.888895   0.001959   0.002189   64.201
  473555.20  5897583.70   0.888939   0.001949   0.002178   64.301
  473556.01  5897584.08   0.888983   0.001939   0.002167   64.400
  473556.81  5897584.47   0.889028   0.001929   0.002156   64.499
  473557.61  5897584.85   0.889073   0.001918   0.002144   64.597
  473558.42  5897585.23   0.889118   0.001908   0.002133   64.694
  473559.22  5897585.61   0.889164   0.001898   0.002122   64.792
  473560.02  5897585.98   0.889209   0.001888   0.002111   64.888
  473560.83  5897586.36   0.889255   0.001878   0.002100   64.985
  473561.64  5897586.73   0.889301   0.001867   0.002089   65.080
  473562.44  5897587.11   0.889346   0.001857   0.002077   65.175
  473563.25  5897587.48   0.889392   0.001847   0.002066   65.270
  473564.06  5897587.85   0.889438   0.001837   0.002055   65.364
  473564.87  5897588.22   0.889484   0.001827   0.002044   65.458
  473565.68  5897588.59   0.889529   0.001817   0.002033   65.551
  473566.49  5897588.96   0.889575   0.001807   0.002022   65.643
  473567.30  5897589.32   0.889620   0.001796   0.002011   65.736
  473568.11  5897589.69   0.889665   0.001786   0.002000   65.827
  473568.92  5897590.05   0.889710   0.001776   0.001988   65.918
  473569.74  5897590.41   0.889754   0.001766   0.001977   66.009
  473570.55  5897590.77   0.889798   0.001756   0.001966   66.099
  473571.37  5897591.13   0.889842   0.001746   0.001955   66.188
  473572.18  5897591.49   0.889885   0.001736   0.001944   66.277
  473573.00  5897591.84   0.889928   0.001726   0.001933   66.366
  473573.81  5897592.20   0.889970   0.001716   0.001922   66.454
  473574.63  5897592.55   0.890012   0.001706   0.001911   66.541
  473575.44  5897592.91   0.890053   0.001696   0.001900   66.628
  473576.26  5897593.26   0.890094   0.001686   0.001889   66.715
  473577.08  5897593.61   0.890134   0.001676   0.001878   66.801
  473577.90  5897593.96   0.890173   0.001666   0.001867   66.886
  473578.72  5897594.31   0.890212   0.001656   0.001856   66.971
  473579.54  5897594.65   0.890250   0.001646   0.001845   67.056
  473580.36  5897595.00   0.890287   0.001636   0.001834   67.140
  473581.18  5897595.35   0.890323   0.001626   0.001823   67.223
  473582.00  5897595.69   0.890359   0.001616   0.001812   67.306
  473582.82  5897596.03   0.890394   0.001606   0.001801   67.388
  473583.64  5897596.37   0.890427   0.001596   0.001790   67.470
  473584.47  5897596.71   0.890460   0.001586   0.001779   67.552
  473585.29  5897597.05   0.890492   0.001576   0.001768   67.633
  473586.12  5897597.39   0.890523   0.001567   0.001757   67.713
  473586.94  5897597.73   0.890553   0.001557   0.001746   67.793
  473587.76  5897598.06   0.890581   0.001547   0.001735   67.872
  473588.59  5897598.40   0.890609   0.001537   0.001724   67.951
  473589.42  5897598.73   0.890636   0.001527   0.001713   68.030
  473590.24  5897599.06   0.890661   0.001517   0.001702   68.108
  473591.07  5897599.39   0.890685   0.001508   0.001691   68.185
  473591.90  5897599.72   0.890708   0.001498   0.001681   68.262
  473592.72  5897600.05   0.890730   0.001488   0.001670   68.339
  473593.55  5897600.38   0.890750   0.001478   0.001659   68.415
  473594.38  5897600.70   0.890769   0.001469   0.001648   68.490
  473595.21  5897601.03   0.890787   0.001459   0.001637   68.565
  473596.04  5897601.35   0.890803   0.001449   0.001626   68.639
  473596.87  5897601.68   0.890818   0.001439   0.001615   68.713
  473597.70  5897602.00   0.890831   0.001430   0.001605   68.787
  473598.53  5897602.32   0.890843   0.001420   0.001594   68.860
  473599.36  5897602.64   0.890854   0.001410   0.001583   68.932
  473600.19  5897602.96   0.890863   0.001401   0.001572   69.004
  473601.03  5897603.28   0.890870   0.001391   0.001561   69.076
  473601.86  5897603.60   0.890876   0.001381   0.001550   69.147
  473602.69  5897603.91   0.890881   0.001372   0.001540   69.217
  473603.53  5897604.23   0.890883   0.001362   0.001529   69.287
  473604.36  5897604.54   0.890884   0.001353   0.001518   69.357
  473605.19  5897604.85   0.890883   0.001343   0.001507   69.426
  473606.03  5897605.17   0.890881   0.001333   0.001497   69.494
  473606.86  5897605.48   0.890877   0.001324   0.001486   69.562
  473607.70  5897605.79   0.890871   0.001314   0.001475   69.630
  473608.53  5897606.10   0.890863   0.001305   0.001464   69.697
  473609.37  5897606.41   0.890853   0.001295   0.001454   69.764
  473610.21  5897606.71   0.890842   0.001286   0.001443   69.830
  473611.04  5897607.02   0.890828   0.001276   0.001432   69.895
  473611.88  5897607.32   0.890813   0.001267   0.001422   69.961
  473612.72  5897607.63   0.890796   0.001257   0.001411   70.025
  473613.55  5897607.93   0.890777   0.001248   0.001400   70.089
  473614.39  5897608.23   0.890756   0.001238   0.001389   70.153
  473615.23  5897608.54   0.890733   0.001229   0.001379   70.216
  473616.07  5897608.84   0.890707   0.001219   0.001368   70.279
  473616.91  5897609.14   0.890680   0.001210   0.001357   70.341
  473617.75  5897609.43   0.890651   0.001201   0.001347   70.403
  473618.59  5897609.73   0.890619   0.001191   0.001336   70.464
  473619.42  5897610.03   0.890586   0.001182   0.001326   70.525
  473620.26  5897610.33   0.890550   0.001172   0.001315   70.585
  473621.11  5897610.62   0.890512   0.001163   0.001304   70.645
  473621.95  5897610.91   0.890472   0.001154   0.001294   70.704
  473622.79  5897611.21   0.890430   0.001144   0.001283   70.763
  473623.63  5897611.50   0.890385   0.001135   0.001273   70.822
  473624.47  5897611.79   0.890338   0.001126   0.001262   70.880
  473625.31  5897612.08   0.890289   0.001116   0.001251   70.937
  473626.15  5897612.37   0.890238   0.001107   0.001241   70.994
  473626.99  5897612.66   0.890184   0.001098   0.001230   71.050
  473627.84  5897612.95   0.890128   0.001088   0.001220   71.106
  473628.68  5897613.24   0.890069   0.001079   0.001209   71.162
  473629.52  5897613.52   0.890008   0.001070   0.001199   71.217
  473630.36  5897613.81   0.889945   0.001061   0.001188   71.272
  473631.21  5897614.09   0.889879   0.001051   0.001177   71.326
  473632.05  5897614.38   0.889811   0.001042   0.001167   71.379
  473632.89  5897614.66   0.889740   0.001033   0.001156   71.432
  473633.74  5897614.94   0.889667   0.001024   0.001146   71.485
  473634.58  5897615.23   0.889591   0.001015   0.001135   71.537
  473635.43  5897615.51   0.889513   0.001005   0.001125   71.589
  473636.27  5897615.79   0.889432   0.000996   0.001114   71.640
  473637.11  5897616.07   0.889348   0.000987   0.001104   71.691
  473637.96  5897616.35   0.889262   0.000978   0.001093   71.741
  473638.80  5897616.62   0.889173   0.000969   0.001083   71.791
  473639.65  5897616.90   0.889082   0.000959   0.001073   71.840
  473640.49  5897617.18   0.888988   0.000950   0.001062   71.889
  473641.34  5897617.45   0.888891   0.000941   0.001052   71.938
  473642.18  5897617.73   0.888792   0.000932   0.001041   71.986
  473643.03  5897618.00   0.888690   0.000923   0.001031   72.033
  473643.87  5897618.28   0.888585   0.000914   0.001020   72.080
  473644.72  5897618.55   0.888477   0.000905   0.001010   72.127
  473645.57  5897618.82   0.888367   0.000895   0.000999   72.173
  473646.41  5897619.09   0.888253   0.000886   0.000989   72.218
  473647.26  5897619.36   0.888137   0.000877   0.000979   72.263
  473648.10  5897619.63   0.888018   0.000868   0.000968   72.308
  473648.95  5897619.90   0.887897   0.000859   0.000958   72.352
  473649.80  5897620.17   0.887772   0.000850   0.000947   72.396
  473650.64  5897620.44   0.887645   0.000841   0.000937   72.439
  473651.49  5897620.70   0.887514   0.000832   0.000927   72.482
  473652.34  5897620.97   0.887381   0.000823   0.000916   72.524
  473653.18  5897621.24   0.887245   0.000814   0.000906   72.566
  473654.03  5897621.50   0.887106   0.000805   0.000895   72.607
  473654.87  5897621.77   0.886964   0.000796   0.000885   72.648
  473655.72  5897622.03   0.886818   0.000787   0.000875   72.689
  473656.57  5897622.29   0.886670   0.000777   0.000864   72.729
  473657.42  5897622.56   0.886519   0.000768   0.000854   72.768
  473658.26  5897622.82   0.886365   0.000759   0.000844   72.807
  473659.11  5897623.08   0.886208   0.000750   0.000833   72.846
  473659.96  5897623.34   0.886048   0.000741   0.000823   72.884
  473660.80  5897623.60   0.885885   0.000732   0.000813   72.921
  473661.65  5897623.86   0.885718   0.000723   0.000802   72.959
  473662.50  5897624.12   0.885549   0.000714   0.000792   72.995
  473663.34  5897624.38   0.885376   0.000705   0.000782   73.032
  473664.19  5897624.64   0.885201   0.000696   0.000771   73.067
  473665.04  5897624.89   0.885022   0.000687   0.000761   73.103
  473665.88  5897625.15   0.884840   0.000678   0.000751   73.137
  473666.73  5897625.41   0.884655   0.000669   0.000740   73.172
  473667.58  5897625.66   0.884466   0.000660   0.000730   73.206
  473668.42  5897625.92   0.884275   0.000651   0.000720   73.239
  473669.27  5897626.17   0.884080   0.000642   0.000710   73.272
  473670.12  5897626.42   0.883882   0.000633   0.000699   73.305
  473670.96  5897626.68   0.883681   0.000624   0.000689   73.337
  473671.81  5897626.93   0.883477   0.000615   0.000679   73.368
  473672.66  5897627.18   0.883269   0.000606   0.000668   73.399
  473673.50  5897627.44   0.883059   0.000597   0.000658   73.430
  473674.35  5897627.69   0.882844   0.000588   0.000648   73.460
  473675.20  5897627.94   0.882627   0.000579   0.000638   73.490
  473676.04  5897628.19   0.882406   0.000570   0.000627   73.519
  473676.89  5897628.44   0.882182   0.000561   0.000617   73.548
  473677.74  5897628.69   0.881955   0.000552   0.000607   73.576
  473678.58  5897628.94   0.881724   0.000542   0.000596   73.604
  473679.43  5897629.18   0.881490   0.000533   0.000586   73.632
  473680.27  5897629.43   0.881253   0.000524   0.000576   73.659
  473681.12  5897629.68   0.881012   0.000515   0.000566   73.685
  473681.96  5897629.93   0.880768   0.000506   0.000555   73.711
  473682.81  5897630.17   0.880521   0.000497   0.000545   73.737
  473683.66  5897630.42   0.880270   0.000488   0.000535   73.762
  473684.50  5897630.67   0.880016   0.000479   0.000525   73.786
  473685.35  5897630.91   0.879758   0.000470   0.000514   73.810
  473686.19  5897631.16   0.879497   0.000461   0.000504   73.834
  473687.03  5897631.40   0.879232   0.000452   0.000494   73.857
  473687.88  5897631.64   0.878964   0.000443   0.000484   73.880
  473688.72  5897631.89   0.878693   0.000433   0.000473   73.902
  473689.57  5897632.13   0.878418   0.000424   0.000463   73.924
  473690.41  5897632.37   0.878140   0.000415   0.000453   73.946
  473691.26  5897632.62   0.877858   0.000406   0.000443   73.966
  473692.10  5897632.86   0.877573   0.000397   0.000432   73.987
  473692.94  5897633.10   0.877284   0.000388   0.000422   74.007
  473693.79  5897633.34   0.876992   0.000379   0.000412   74.026
  473694.63  5897633.58   0.876696   0.000369   0.000402   74.045
  473695.47  5897633.82   0.876397   0.000360   0.000391   74.064
  473696.31  5897634.06   0.876094   0.000351   0.000381   74.082
  473697.16  5897634.30   0.875786   0.000341   0.000370   74.100
  473698.00  5897634.54   0.875475   0.000333   0.000361   74.117
  473698.84  5897634.78   0.875163   0.000325   0.000352   74.133
  473699.68  5897635.02   0.874852   0.000318   0.000344   74.150
  473700.52  5897635.26   0.874540   0.000310   0.000335   74.166
  473701.37  5897635.50   0.874227   0.000302   0.000327   74.181
  473702.21  5897635.74   0.873915   0.000295   0.000318   74.196
  473703.05  5897635.97   0.873602   0.000287   0.000310   74.211
  473703.89  5897636.21   0.873289   0.000280   0.000302   74.225
  473704.73  5897636.45   0.872976   0.000272   0.000293   74.239
  473705.57  5897636.69   0.872663   0.000264   0.000285   74.253
  473706.41  5897636.92   0.872349   0.000257   0.000276   74.266
  473707.25  5897637.16   0.872036   0.000249   0.000268   74.279
  473708.09  5897637.40   0.871722   0.000241   0.000259   74.291
  473708.93  5897637.63   0.871407   0.000234   0.000251   74.304
  473709.77  5897637.87   0.871093   0.000226   0.000242   74.315
  473710.60  5897638.10   0.870778   0.000218   0.000234   74.326
  473711.44  5897638.34   0.870463   0.000210   0.000225   74.337
  473712.28  5897638.57   0.870148   0.000203   0.000217   74.348
  473713.12  5897638.81   0.869832   0.000195   0.000209   74.358
  473713.96  5897639.04   0.869516   0.000187   0.000200   74.368
  473714.79  5897639.27   0.869200   0.000179   0.000192   74.377
  473715.63  5897639.51   0.868884   0.000172   0.000183   74.386
  473716.47  5897639.74   0.868567   0.000164   0.000175   74.394
  473717.30  5897639.98   0.868250   0.000156   0.000166   74.403
  473718.14  5897640.21   0.867933   0.000148   0.000158   74.410
  473718.97  5897640.44   0.867616   0.000140   0.000149   74.418
  473719.81  5897640.68   0.867298   0.000132   0.000141   74.425
  473720.65  5897640.91   0.866980   0.000124   0.000132   74.431
  473721.48  5897641.14   0.866662   0.000117   0.000124   74.437
  473722.32  5897641.37   0.866343   0.000109   0.000115   74.443
  473723.15  5897641.60   0.866024   0.000101   0.000107   74.449
  473723.98  5897641.84   0.865705   0.000093   0.000098   74.454
  473724.82  5897642.07   0.865385   0.000085   0.000090   74.458
  473725.65  5897642.30   0.865065   0.000077   0.000081   74.462
  473726.48  5897642.53   0.864745   0.000069   0.000073   74.466
  473727.32  5897642.76   0.864425   0.000061   0.000064   74.470
  473728.15  5897643.00   0.864104   0.000053   0.000056   74.473
  473728.98  5897643.23   0.863783   0.000045   0.000047   74.475
  473729.82  5897643.46   0.863462   0.000037   0.000039   74.477
  473730.65  5897643.69   0.863140   0.000029   0.000030   74.479
  473731.48  5897643.92   0.862818   0.000021   0.000022   74.481
  473732.31  5897644.15   0.862496   0.000012   0.000013   74.482
  473733.14  5897644.38   0.862174   0.000004   0.000005   74.482
  473733.97  5897644.61   0.861851   0.000004   0.000004   74.483
  473734.80  5897644.84   0.861528   0.000012   0.000013   74.482
  473735.63  5897645.07   0.861204   0.000020   0.000021   74.482
  473736.46  5897645.30   0.860881   0.000028   0.000030   74.481
  473737.29  5897645.53   0.860557   0.000037   0.000038   74.479
  473738.12  5897645.76   0.860232   0.000045   0.000047   74.478
  473738.95  5897645.99   0.859908   0.000053   0.000055   74.475
  473739.78  5897646.22   0.859583   0.000062   0.000065   74.473
  473740.60  5897646.45   0.859258   0.000071   0.000074   74.470
  473741.43  5897646.68   0.858933   0.000078   0.000081   74.466
  473742.26  5897646.91   0.858607   0.000083   0.000087   74.462
  473743.09  5897647.14   0.858279   0.000089   0.000093   74.458
  473743.91  5897647.37   0.857950   0.000095   0.000099   74.454
  473744.74  5897647.60   0.857620   0.000100   0.000104   74.449
  473745.57  5897647.83   0.857288   0.000106   0.000110   74.444
  473746.39  5897648.06   0.856955   0.000112   0.000116   74.439
  473747.22  5897648.29   0.856621   0.000118   0.000122   74.434
  473748.04  5897648.52   0.856285   0.000123   0.000128   74.428
  473748.87  5897648.75   0.855948   0.000129   0.000134   74.422
  473749.69  5897648.98   0.855609   0.000135   0.000140   74.415
  473750.51  5897649.21   0.855270   0.000141   0.000146   74.409
  473751.34  5897649.44   0.854929   0.000147   0.000151   74.402
  473752.16  5897649.67   0.854586   0.000152   0.000157   74.395
  473752.98  5897649.90   0.854243   0.000158   0.000163   74.387
  473753.81  5897650.13   0.853898   0.000164   0.000169   74.380
  473754.63  5897650.36   0.853552   0.000170   0.000175   74.372
  473755.45  5897650.59   0.853204   0.000176   0.000181   74.363
  473756.27  5897650.82   0.852855   0.000182   0.000187   74.355
  473757.09  5897651.05   0.852505   0.000188   0.000193   74.346
  473757.91  5897651.28   0.852153   0.000193   0.000199   74.337
  473758.73  5897651.51   0.851801   0.000199   0.000205   74.327
  473759.55  5897651.74   0.851446   0.000205   0.000210   74.317
  473760.37  5897651.97   0.851091   0.000211   0.000216   74.307
  473761.19  5897652.20   0.850734   0.000217   0.000222   74.297
  473762.01  5897652.43   0.850376   0.000223   0.000228   74.286
  473762.83  5897652.67   0.850017   0.000229   0.000234   74.276
  473763.65  5897652.90   0.849656   0.000235   0.000240   74.264
  473764.47  5897653.13   0.849294   0.000241   0.000246   74.253
  473765.28  5897653.36   0.848931   0.000247   0.000252   74.241
  473766.10  5897653.59   0.848567   0.000253   0.000258   74.229
  473766.92  5897653.82   0.848201   0.000259   0.000264   74.217
  473767.73  5897654.05   0.847834   0.000265   0.000270   74.204
  473768.55  5897654.28   0.847465   0.000271   0.000276   74.191
  473769.36  5897654.51   0.847096   0.000278   0.000282   74.178
  473770.18  5897654.74   0.846725   0.000284   0.000288   74.165
  473770.99  5897654.97   0.846353   0.000290   0.000294   74.151
  473771.81  5897655.20   0.845979   0.000296   0.000300   74.137
  473772.62  5897655.44   0.845604   0.000302   0.000306   74.123
  473773.43  5897655.67   0.845228   0.000308   0.000312   74.108
  473774.25  5897655.90   0.844851   0.000315   0.000317   74.093
  473775.06  5897656.13   0.844473   0.000321   0.000323   74.078
  473775.87  5897656.36   0.844093   0.000327   0.000329   74.062
  473776.68  5897656.59   0.843712   0.000333   0.000335   74.047
  473777.49  5897656.83   0.843330   0.000339   0.000341   74.030
  473778.30  5897657.06   0.842946   0.000346   0.000347   74.014
  473779.11  5897657.29   0.842562   0.000352   0.000353   73.997
  473779.92  5897657.52   0.842176   0.000358   0.000359   73.980
  473780.73  5897657.76   0.841789   0.000365   0.000365   73.963
  473781.54  5897657.99   0.841400   0.000371   0.000371   73.945
  473782.35  5897658.22   0.841011   0.000377   0.000377   73.928
  473783.16  5897658.46   0.840620   0.000384   0.000383   73.909
  473783.96  5897658.69   0.840228   0.000390   0.000389   73.891
  473784.77  5897658.92   0.839834   0.000397   0.000396   73.872
  473785.58  5897659.16   0.839440   0.000403   0.000402   73.853
  473786.38  5897659.39   0.839044   0.000409   0.000408   73.834
  473787.19  5897659.62   0.838647   0.000416   0.000414   73.814
  473787.99  5897659.86   0.838249   0.000422   0.000420   73.794
  473788.80  5897660.09   0.837850   0.000429   0.000426   73.774
  473789.60  5897660.33   0.837450   0.000435   0.000432   73.753
  473790.41  5897660.56   0.837048   0.000442   0.000438   73.732
  473791.21  5897660.79   0.836645   0.000448   0.000444   73.711
  473792.01  5897661.03   0.836241   0.000455   0.000450   73.690
  473792.82  5897661.26   0.835836   0.000462   0.000456   73.668
  473793.62  5897661.50   0.835430   0.000468   0.000462   73.646
  473794.42  5897661.74   0.835023   0.000475   0.000468   73.623
  473795.22  5897661.97   0.834614   0.000481   0.000474   73.601
  473796.02  5897662.21   0.834204   0.000488   0.000480   73.578
  473796.82  5897662.44   0.833794   0.000495   0.000486   73.554
  473797.62  5897662.68   0.833382   0.000501   0.000492   73.531
  473798.42  5897662.92   0.832968   0.000508   0.000499   73.507
  473799.22  5897663.15   0.832554   0.000515   0.000505   73.482
  473800.01  5897663.39   0.832139   0.000522   0.000511   73.458
  473800.81  5897663.63   0.831722   0.000528   0.000517   73.433
  473801.61  5897663.86   0.831305   0.000535   0.000523   73.408
  473802.40  5897664.10   0.830886   0.000542   0.000529   73.382
  473803.20  5897664.34   0.830466   0.000549   0.000535   73.356
  473804.00  5897664.58   0.830046   0.000556   0.000541   73.330
  473804.79  5897664.82   0.829624   0.000563   0.000548   73.304
  473805.58  5897665.05   0.829201   0.000569   0.000554   73.277
  473806.38  5897665.29   0.828777   0.000576   0.000560   73.250
  473807.17  5897665.53   0.828352   0.000583   0.000566   73.223
  473807.96  5897665.77   0.827925   0.000590   0.000572   73.195
  473808.76  5897666.01   0.827498   0.000597   0.000578   73.167
  473809.55  5897666.25   0.827070   0.000604   0.000584   73.139
  473810.34  5897666.49   0.826641   0.000611   0.000591   73.110
  473811.13  5897666.73   0.826210   0.000618   0.000597   73.081
  473811.92  5897666.97   0.825779   0.000625   0.000603   73.052
  473812.71  5897667.21   0.825346   0.000632   0.000609   73.022
  473813.50  5897667.46   0.824913   0.000639   0.000615   72.992
  473814.29  5897667.70   0.824479   0.000647   0.000622   72.962
  473815.08  5897667.94   0.824043   0.000654   0.000628   72.932
  473815.86  5897668.18   0.823607   0.000661   0.000634   72.901
  473816.65  5897668.42   0.823169   0.000668   0.000640   72.870
  473817.44  5897668.67   0.822731   0.000675   0.000646   72.838
  473818.22  5897668.91   0.822292   0.000682   0.000653   72.806
  473819.01  5897669.15   0.821851   0.000690   0.000659   72.774
  473819.79  5897669.40   0.821410   0.000697   0.000665   72.742
  473820.58  5897669.64   0.820968   0.000704   0.000671   72.709
  473821.36  5897669.89   0.820525   0.000712   0.000678   72.676
  473822.14  5897670.13   0.820081   0.000719   0.000684   72.642
  473822.92  5897670.38   0.819636   0.000726   0.000690   72.608
  473823.71  5897670.62   0.819190   0.000734   0.000696   72.574
  473824.49  5897670.87   0.818743   0.000741   0.000703   72.540
  473825.27  5897671.11   0.818295   0.000749   0.000709   72.505
  473826.05  5897671.36   0.817847   0.000756   0.000715   72.470
  473826.83  5897671.61   0.817397   0.000763   0.000721   72.435
  473827.61  5897671.85   0.816947   0.000771   0.000728   72.399
  473828.39  5897672.10   0.816496   0.000779   0.000734   72.363
  473829.16  5897672.35   0.816044   0.000786   0.000740   72.326
  473829.94  5897672.60   0.815591   0.000794   0.000747   72.290
  473830.72  5897672.85   0.815137   0.000801   0.000753   72.253
  473831.49  5897673.09   0.814682   0.000809   0.000759   72.215
  473832.27  5897673.34   0.814227   0.000817   0.000766   72.177
  473833.04  5897673.59   0.813771   0.000824   0.000772   72.139
  473833.82  5897673.84   0.813314   0.000832   0.000778   72.101
  473834.59  5897674.09   0.812856   0.000840   0.000785   72.062
  473835.36  5897674.34   0.812397   0.000847   0.000791   72.023
  473836.14  5897674.60   0.811938   0.000855   0.000797   71.984
  473836.91  5897674.85   0.811477   0.000863   0.000804   71.944
  473837.68  5897675.10   0.811017   0.000871   0.000810   71.904
  473838.45  5897675.35   0.810555   0.000879   0.000816   71.863
  473839.22  5897675.60   0.810092   0.000886   0.000823   71.822
  473839.99  5897675.86   0.809629   0.000894   0.000829   71.781
  473840.76  5897676.11   0.809165   0.000902   0.000835   71.740
  473841.53  5897676.37   0.808701   0.000910   0.000842   71.698
  473842.29  5897676.62   0.808235   0.000918   0.000848   71.656
  473843.06  5897676.87   0.807770   0.000926   0.000855   71.613
  473843.83  5897677.13   0.807303   0.000934   0.000861   71.570
  473844.59  5897677.39   0.806835   0.000942   0.000867   71.527
  473845.36  5897677.64   0.806367   0.000950   0.000874   71.484
  473846.12  5897677.90   0.805899   0.000958   0.000880   71.440
  473846.88  5897678.16   0.805430   0.000967   0.000887   71.395
  473847.65  5897678.41   0.804960   0.000975   0.000893   71.351
  473848.41  5897678.67   0.804489   0.000983   0.000900   71.306
  473849.17  5897678.93   0.804018   0.000991   0.000906   71.261
  473849.93  5897679.19   0.803546   0.000999   0.000912   71.215
  473850.69  5897679.45   0.803074   0.001008   0.000919   71.169
  473851.45  5897679.71   0.802601   0.001016   0.000925   71.123
  473852.21  5897679.97   0.802128   0.001024   0.000932   71.076
  473852.97  5897680.23   0.801653   0.001032   0.000938   71.029
  473853.73  5897680.49   0.801179   0.001041   0.000945   70.981
  473854.48  5897680.75   0.800704   0.001049   0.000951   70.934
  473855.24  5897681.01   0.800228   0.001058   0.000958   70.885
  473856.00  5897681.28   0.799752   0.001066   0.000964   70.837
  473856.75  5897681.54   0.799275   0.001075   0.000971   70.788
  473857.50  5897681.80   0.798798   0.001083   0.000977   70.739
  473858.26  5897682.07   0.798321   0.001092   0.000984   70.689
  473859.01  5897682.33   0.797843   0.001100   0.000990   70.639
  473859.76  5897682.60   0.797364   0.001109   0.000997   70.589
  473860.52  5897682.86   0.796885   0.001117   0.001003   70.538
  473861.27  5897683.13   0.796406   0.001129   0.001012   70.487
  473862.02  5897683.39   0.795925   0.001140   0.001021   70.436
  473862.77  5897683.66   0.795443   0.001143   0.001023   70.384
  473863.51  5897683.93   0.794964   0.001141   0.001020   70.332
  473864.26  5897684.20   0.794488   0.001139   0.001017   70.280
  473865.01  5897684.47   0.794014   0.001137   0.001014   70.228
  473865.76  5897684.73   0.793543   0.001135   0.001011   70.176
  473866.50  5897685.00   0.793074   0.001133   0.001008   70.124
  473867.25  5897685.27   0.792608   0.001130   0.001004   70.073
  473867.99  5897685.55   0.792144   0.001128   0.001001   70.022
  473868.74  5897685.82   0.791683   0.001126   0.000998   69.970
  473869.48  5897686.09   0.791224   0.001124   0.000995   69.919
  473870.22  5897686.36   0.790768   0.001121   0.000992   69.868
  473870.96  5897686.63   0.790314   0.001119   0.000989   69.818
  473871.71  5897686.91   0.789863   0.001117   0.000985   69.767
  473872.45  5897687.18   0.789415   0.001114   0.000982   69.716
  473873.19  5897687.45   0.788969   0.001112   0.000979   69.666
  473873.93  5897687.73   0.788525   0.001110   0.000976   69.616
  473874.66  5897688.00   0.788084   0.001107   0.000972   69.566
  473875.40  5897688.28   0.787646   0.001105   0.000969   69.516
  473876.14  5897688.56   0.787210   0.001102   0.000966   69.466
  473876.88  5897688.83   0.786776   0.001100   0.000963   69.416
  473877.61  5897689.11   0.786345   0.001097   0.000960   69.366
  473878.35  5897689.39   0.785916   0.001095   0.000956   69.317
  473879.08  5897689.67   0.785490   0.001092   0.000953   69.268
  473879.82  5897689.94   0.785066   0.001090   0.000950   69.219
  473880.55  5897690.22   0.784645   0.001087   0.000946   69.170
  473881.28  5897690.50   0.784226   0.001084   0.000943   69.121
  473882.02  5897690.78   0.783810   0.001082   0.000940   69.072
  473882.75  5897691.06   0.783396   0.001079   0.000937   69.023
  473883.48  5897691.35   0.782984   0.001077   0.000933   68.975
  473884.21  5897691.63   0.782575   0.001074   0.000930   68.927
  473884.94  5897691.91   0.782168   0.001071   0.000927   68.879
  473885.67  5897692.19   0.781764   0.001068   0.000923   68.831
  473886.40  5897692.47   0.781362   0.001066   0.000920   68.783
  473887.13  5897692.76   0.780962   0.001063   0.000917   68.735
  473887.85  5897693.04   0.780565   0.001060   0.000913   68.687
  473888.58  5897693.32   0.780170   0.001057   0.000910   68.640
  473889.31  5897693.61   0.779777   0.001054   0.000907   68.593
  473890.03  5897693.89   0.779387   0.001052   0.000903   68.546
  473890.76  5897694.18   0.779000   0.001049   0.000900   68.499
  473891.48  5897694.47   0.778614   0.001046   0.000897   68.452
  473892.20  5897694.75   0.778231   0.001043   0.000893   68.405
  473892.93  5897695.04   0.777850   0.001040   0.000890   68.359
  473893.65  5897695.33   0.777472   0.001037   0.000886   68.312
  473894.37  5897695.62   0.777096   0.001034   0.000883   68.266
  473895.09  5897695.90   0.776722   0.001031   0.000880   68.220
  473895.81  5897696.19   0.776351   0.001028   0.000876   68.174
  473896.53  5897696.48   0.775982   0.001025   0.000873   68.129
  473897.25  5897696.77   0.775615   0.001022   0.000869   68.083
  473897.97  5897697.06   0.775251   0.001019   0.000866   68.038
  473898.69  5897697.35   0.774889   0.001016   0.000863   67.992
  473899.41  5897697.64   0.774529   0.001013   0.000859   67.947
  473900.13  5897697.93   0.774171   0.001010   0.000856   67.902
  473900.84  5897698.23   0.773816   0.001006   0.000852   67.857
  473901.56  5897698.52   0.773463   0.001003   0.000849   67.813
  473902.28  5897698.81   0.773112   0.001000   0.000845   67.768
  473902.99  5897699.10   0.772764   0.000997   0.000842   67.724
  473903.71  5897699.40   0.772417   0.000994   0.000838   67.680
  473904.42  5897699.69   0.772073   0.000990   0.000835   67.636
  473905.13  5897699.98   0.771732   0.000987   0.000831   67.592
  473905.85  5897700.28   0.771392   0.000984   0.000828   67.549
  473906.56  5897700.57   0.771055   0.000981   0.000824   67.505
  473907.27  5897700.87   0.770720   0.000977   0.000821   67.462
  473907.98  5897701.17   0.770387   0.000974   0.000817   67.419
  473908.69  5897701.46   0.770057   0.000971   0.000814   67.376
  473909.40  5897701.76   0.769728   0.000967   0.000810   67.333
  473910.11  5897702.06   0.769402   0.000964   0.000807   67.290
  473910.82  5897702.35   0.769078   0.000960   0.000803   67.248
  473911.53  5897702.65   0.768756   0.000957   0.000800   67.205
  473912.24  5897702.95   0.768437   0.000954   0.000796   67.163
  473912.95  5897703.25   0.768119   0.000950   0.000793   67.121
  473913.66  5897703.55   0.767804   0.000947   0.000789   67.079
  473914.36  5897703.85   0.767491   0.000943   0.000786   67.038
  473915.07  5897704.15   0.767180   0.000940   0.000782   66.996
  473915.78  5897704.45   0.766871   0.000936   0.000778   66.955
  473916.48  5897704.75   0.766565   0.000932   0.000775   66.914
  473917.19  5897705.05   0.766260   0.000929   0.000771   66.873
  473917.89  5897705.35   0.765958   0.000925   0.000768   66.832
  473918.59  5897705.65   0.765658   0.000922   0.000764   66.791
  473919.30  5897705.95   0.765360   0.000918   0.000761   66.751
  473920.00  5897706.26   0.765064   0.000914   0.000757   66.711
  473920.70  5897706.56   0.764771   0.000911   0.000753   66.671
  473921.40  5897706.86   0.764479   0.000907   0.000750   66.631
  473922.11  5897707.17   0.764189   0.000903   0.000746   66.591
  473922.81  5897707.47   0.763902   0.000900   0.000743   66.551
  473923.51  5897707.77   0.763617   0.000896   0.000739   66.512
  473924.21  5897708.08   0.763334   0.000892   0.000735   66.473
  473924.91  5897708.38   0.763053   0.000889   0.000732   66.434
  473925.61  5897708.69   0.762774   0.000885   0.000728   66.395
  473926.30  5897709.00   0.762497   0.000881   0.000724   66.356
  473927.00  5897709.30   0.762222   0.000877   0.000721   66.318
  473927.70  5897709.61   0.761949   0.000873   0.000717   66.280
  473928.40  5897709.92   0.761678   0.000870   0.000713   66.241
  473929.09  5897710.22   0.761410   0.000866   0.000710   66.203
  473929.79  5897710.53   0.761143   0.000862   0.000706   66.166
  473930.49  5897710.84   0.760879   0.000858   0.000702   66.128
  473931.18  5897711.15   0.760616   0.000854   0.000699   66.091
  473931.88  5897711.46   0.760356   0.000850   0.000695   66.053
  473932.57  5897711.76   0.760097   0.000846   0.000691   66.016
  473933.27  5897712.07   0.759841   0.000842   0.000688   65.980
  473933.96  5897712.38   0.759587   0.000838   0.000684   65.943
  473934.65  5897712.69   0.759334   0.000834   0.000680   65.906
  473935.35  5897713.00   0.759084   0.000830   0.000677   65.870
  473936.04  5897713.31   0.758836   0.000826   0.000673   65.834
  473936.73  5897713.63   0.758589   0.000822   0.000669   65.798
  473937.42  5897713.94   0.758345   0.000818   0.000665   65.762
  473938.11  5897714.25   0.758103   0.000814   0.000662   65.727
  473938.80  5897714.56   0.757862   0.000810   0.000658   65.691
  473939.49  5897714.87   0.757624   0.000806   0.000654   65.656
  473940.18  5897715.19   0.757388   0.000802   0.000651   65.621
  473940.87  5897715.50   0.757153   0.000798   0.000647   65.587
  473941.56  5897715.81   0.756921   0.000794   0.000643   65.552
  473942.25  5897716.13   0.756691   0.000789   0.000639   65.517
  473942.94  5897716.44   0.756462   0.000785   0.000636   65.483
  473943.63  5897716.75   0.756236   0.000781   0.000632   65.449
  473944.32  5897717.07   0.756011   0.000777   0.000628   65.415
  473945.00  5897717.38   0.755789   0.000773   0.000624   65.382
  473945.69  5897717.70   0.755568   0.000769   0.000620   65.348
  473946.38  5897718.01   0.755349   0.000764   0.000617   65.315
  473947.06  5897718.33   0.755132   0.000760   0.000613   65.282
  473947.75  5897718.65   0.754918   0.000756   0.000609   65.249
  473948.43  5897718.96   0.754705   0.000752   0.000605   65.216
  473949.12  5897719.28   0.754494   0.000747   0.000602   65.184
  473949.80  5897719.60   0.754285   0.000743   0.000598   65.152
  473950.49  5897719.91   0.754077   0.000739   0.000594   65.119
  473951.17  5897720.23   0.753872   0.000734   0.000590   65.088
  473951.85  5897720.55   0.753669   0.000730   0.000586   65.056
  473952.54  5897720.87   0.753467   0.000726   0.000583   65.024
  473953.22  5897721.19   0.753268   0.000721   0.000579   64.993
  473953.90  5897721.50   0.753070   0.000717   0.000575   64.962
  473954.58  5897721.82   0.752874   0.000713   0.000571   64.931
  473955.27  5897722.14   0.752680   0.000708   0.000567   64.900
  473955.95  5897722.46   0.752488   0.000704   0.000564   64.870
  473956.63  5897722.78   0.752298   0.000699   0.000560   64.839
  473957.31  5897723.10   0.752110   0.000695   0.000556   64.809
  473957.99  5897723.42   0.751924   0.000690   0.000552   64.779
  473958.67  5897723.74   0.751739   0.000686   0.000548   64.749
  473959.35  5897724.06   0.751556   0.000681   0.000544   64.720
  473960.03  5897724.39   0.751375   0.000677   0.000540   64.691
  473960.71  5897724.71   0.751196   0.000672   0.000537   64.661
  473961.39  5897725.03   0.751019   0.000668   0.000533   64.632
  473962.06  5897725.35   0.750844   0.000663   0.000529   64.604
  473962.74  5897725.67   0.750670   0.000659   0.000525   64.575
  473963.42  5897726.00   0.750499   0.000654   0.000521   64.547
  473964.10  5897726.32   0.750329   0.000650   0.000517   64.519
  473964.77  5897726.64   0.750161   0.000645   0.000513   64.491
  473965.45  5897726.97   0.749995   0.000641   0.000510   64.463
  473966.13  5897727.29   0.749830   0.000636   0.000506   64.436
  473966.80  5897727.61   0.749668   0.000631   0.000502   64.408
  473967.48  5897727.94   0.749507   0.000627   0.000498   64.381
  473968.16  5897728.26   0.749348   0.000622   0.000494   64.354
  473968.83  5897728.59   0.749191   0.000618   0.000490   64.327
  473969.51  5897728.91   0.749035   0.000613   0.000486   64.301
  473970.18  5897729.24   0.748882   0.000608   0.000482   64.275
  473970.85  5897729.56   0.748730   0.000604   0.000479   64.249
  473971.53  5897729.89   0.748580   0.000599   0.000475   64.223
  473972.20  5897730.21   0.748432   0.000594   0.000471   64.197
  473972.88  5897730.54   0.748285   0.000589   0.000467   64.171
  473973.55  5897730.86   0.748141   0.000585   0.000463   64.146
  473974.22  5897731.19   0.747998   0.000580   0.000459   64.121
  473974.90  5897731.52   0.747857   0.000575   0.000455   64.096
  473975.57  5897731.84   0.747717   0.000571   0.000451   64.072
  473976.24  5897732.17   0.747580   0.000566   0.000447   64.047
  473976.91  5897732.50   0.747444   0.000561   0.000443   64.023
  473977.58  5897732.83   0.747310   0.000556   0.000439   63.999
  473978.26  5897733.16   0.747177   0.000552   0.000435   63.975
  473978.93  5897733.48   0.747047   0.000547   0.000432   63.951
  473979.60  5897733.81   0.746918   0.000542   0.000428   63.928
  473980.27  5897734.14   0.746791   0.000537   0.000424   63.905
  473980.94  5897734.47   0.746665   0.000532   0.000420   63.882
  473981.61  5897734.80   0.746542   0.000528   0.000416   63.859
  473982.28  5897735.13   0.746420   0.000523   0.000412   63.837
  473982.95  5897735.46   0.746299   0.000517   0.000407   63.814
  473983.62  5897735.79   0.746181   0.000512   0.000403   63.792
  473984.29  5897736.12   0.746065   0.000508   0.000400   63.770
  473984.96  5897736.45   0.745949   0.000506   0.000398   63.749
  473985.63  5897736.78   0.745835   0.000503   0.000396   63.727
  473986.29  5897737.11   0.745721   0.000500   0.000393   63.705
  473986.96  5897737.44   0.745608   0.000498   0.000391   63.684
  473987.63  5897737.77   0.745496   0.000495   0.000389   63.663
  473988.30  5897738.10   0.745385   0.000493   0.000387   63.642
  473988.97  5897738.43   0.745274   0.000490   0.000385   63.621
  473989.63  5897738.76   0.745165   0.000487   0.000383   63.600
  473990.30  5897739.09   0.745056   0.000485   0.000381   63.579
  473990.97  5897739.42   0.744948   0.000482   0.000378   63.558
  473991.64  5897739.76   0.744841   0.000479   0.000376   63.538
  473992.30  5897740.09   0.744735   0.000477   0.000374   63.517
  473992.97  5897740.42   0.744629   0.000474   0.000372   63.497
  473993.63  5897740.75   0.744525   0.000472   0.000370   63.477
  473994.30  5897741.09   0.744421   0.000469   0.000367   63.456
  473994.97  5897741.42   0.744318   0.000466   0.000365   63.436
  473995.63  5897741.75   0.744216   0.000464   0.000363   63.417
  473996.30  5897742.08   0.744115   0.000461   0.000361   63.397
  473996.96  5897742.42   0.744015   0.000458   0.000359   63.377
  473997.63  5897742.75   0.743915   0.000456   0.000357   63.358
  473998.29  5897743.09   0.743816   0.000453   0.000354   63.338
  473998.96  5897743.42   0.743718   0.000450   0.000352   63.319
  473999.62  5897743.75   0.743621   0.000448   0.000350   63.300
  474000.29  5897744.09   0.743525   0.000445   0.000348   63.281
  474000.95  5897744.42   0.743429   0.000442   0.000346   63.262
  474001.61  5897744.76   0.743335   0.000440   0.000344   63.243
  474002.28  5897745.09   0.743241   0.000437   0.000341   63.224
  474002.94  5897745.43   0.743148   0.000434   0.000339   63.206
  474003.60  5897745.76   0.743055   0.000432   0.000337   63.187
  474004.27  5897746.10   0.742964   0.000429   0.000335   63.169
  474004.93  5897746.43   0.742873   0.000426   0.000333   63.150
  474005.59  5897746.77   0.742784   0.000423   0.000330   63.132
  474006.25  5897747.10   0.742694   0.000421   0.000328   63.114
  474006.92  5897747.44   0.742606   0.000418   0.000326   63.096
  474007.58  5897747.78   0.742519   0.000415   0.000324   63.079
  474008.24  5897748.11   0.742432   0.000413   0.000322   63.061
  474008.90  5897748.45   0.742346   0.000410   0.000319   63.043
  474009.56  5897748.79   0.742261   0.000407   0.000317   63.026
  474010.23  5897749.12   0.742177   0.000404   0.000315   63.009
  474010.89  5897749.46   0.742094   0.000402   0.000313   62.991
  474011.55  5897749.80   0.742011   0.000399   0.000311   62.974
  474012.21  5897750.14   0.741929   0.000396   0.000308   62.957
  474012.87  5897750.47   0.741848   0.000393   0.000306   62.940
  474013.53  5897750.81   0.741768   0.000391   0.000304   62.924
  474014.19  5897751.15   0.741688   0.000388   0.000302   62.907
  474014.85  5897751.49   0.741610   0.000385   0.000300   62.891
  474015.51  5897751.82   0.741532   0.000382   0.000297   62.874
  474016.17  5897752.16   0.741454   0.000380   0.000295   62.858
  474016.83  5897752.50   0.741378   0.000377   0.000293   62.842
  474017.49  5897752.84   0.741303   0.000374   0.000291   62.826
  474018.15  5897753.18   0.741228   0.000371   0.000289   62.810
  474018.81  5897753.52   0.741154   0.000369   0.000286   62.794
  474019.47  5897753.86   0.741080   0.000366   0.000284   62.779
  474020.13  5897754.20   0.741008   0.000363   0.000282   62.763
  474020.78  5897754.53   0.740936   0.000360   0.000280   62.748
  474021.44  5897754.87   0.740865   0.000358   0.000278   62.732
  474022.10  5897755.21   0.740795   0.000355   0.000275   62.717
  474022.76  5897755.55   0.740726   0.000352   0.000273   62.702
  474023.42  5897755.89   0.740657   0.000349   0.000271   62.687
  474024.08  5897756.23   0.740589   0.000346   0.000269   62.672
  474024.73  5897756.57   0.740522   0.000344   0.000266   62.658
  474025.39  5897756.91   0.740456   0.000341   0.000264   62.643
  474026.05  5897757.25   0.740390   0.000338   0.000262   62.629
  474026.71  5897757.59   0.740325   0.000335   0.000260   62.614
  474027.36  5897757.94   0.740261   0.000332   0.000258   62.600
  474028.02  5897758.28   0.740198   0.000330   0.000255   62.586
  474028.68  5897758.62   0.740136   0.000327   0.000253   62.572
  474029.33  5897758.96   0.740074   0.000324   0.000251   62.558
  474029.99  5897759.30   0.740013   0.000321   0.000249   62.544
  474030.65  5897759.64   0.739953   0.000318   0.000247   62.531
  474031.30  5897759.98   0.739893   0.000316   0.000244   62.517
  474031.96  5897760.32   0.739834   0.000313   0.000242   62.504
  474032.62  5897760.67   0.739776   0.000310   0.000240   62.491
  474033.27  5897761.01   0.739719   0.000307   0.000238   62.477
  474033.93  5897761.35   0.739663   0.000304   0.000235   62.464
  474034.58  5897761.69   0.739607   0.000301   0.000233   62.452
  474035.24  5897762.03   0.739552   0.000299   0.000231   62.439
  474035.90  5897762.38   0.739498   0.000296   0.000229   62.426
  474036.55  5897762.72   0.739444   0.000293   0.000226   62.414
  474037.21  5897763.06   0.739391   0.000290   0.000224   62.401
  474037.86  5897763.40   0.739339   0.000287   0.000222   62.389
  474038.52  5897763.75   0.739288   0.000284   0.000220   62.377
  474039.17  5897764.09   0.739238   0.000282   0.000218   62.365
  474039.83  5897764.43   0.739188   0.000279   0.000215   62.353
  474040.48  5897764.78   0.739139   0.000276   0.000213   62.341
  474041.13  5897765.12   0.739090   0.000273   0.000211   62.329
  474041.79  5897765.46   0.739043   0.000270   0.000209   62.318
  474042.44  5897765.81   0.738996   0.000267   0.000206   62.306
  474043.10  5897766.15   0.738950   0.000264   0.000204   62.295
  474043.75  5897766.49   0.738905   0.000262   0.000202   62.284
  474044.41  5897766.84   0.738860   0.000259   0.000200   62.273
  474045.06  5897767.18   0.738816   0.000256   0.000197   62.262
  474045.71  5897767.52   0.738773   0.000253   0.000195   62.251
  474046.37  5897767.87   0.738730   0.000250   0.000193   62.240
  474047.02  5897768.21   0.738689   0.000247   0.000191   62.230
  474047.67  5897768.56   0.738648   0.000244   0.000189   62.219
  474048.33  5897768.90   0.738607   0.000241   0.000186   62.209
  474048.98  5897769.25   0.738568   0.000239   0.000184   62.199
  474049.63  5897769.59   0.738529   0.000236   0.000182   62.189
  474050.29  5897769.93   0.738491   0.000233   0.000180   62.179
  474050.94  5897770.28   0.738454   0.000230   0.000177   62.169
  474051.59  5897770.62   0.738417   0.000227   0.000175   62.159
  474052.25  5897770.97   0.738381   0.000224   0.000173   62.149
  474052.90  5897771.31   0.738346   0.000221   0.000171   62.140
  474053.55  5897771.66   0.738312   0.000218   0.000168   62.131
  474054.20  5897772.00   0.738278   0.000216   0.000166   62.121
  474054.86  5897772.35   0.738245   0.000213   0.000164   62.112
  474055.51  5897772.70   0.738213   0.000210   0.000162   62.103
  474056.16  5897773.04   0.738181   0.000207   0.000159   62.094
  474056.81  5897773.39   0.738150   0.000204   0.000157   62.086
  474057.47  5897773.73   0.738120   0.000201   0.000155   62.077
  474058.12  5897774.08   0.738091   0.000198   0.000153   62.068
  474058.77  5897774.42   0.738062   0.000195   0.000150   62.060
  474059.42  5897774.77   0.738034   0.000192   0.000148   62.052
  474060.07  5897775.12   0.738007   0.000190   0.000146   62.044
  474060.73  5897775.46   0.737980   0.000187   0.000144   62.036
  474061.38  5897775.81   0.737954   0.000184   0.000141   62.028
  474062.03  5897776.15   0.737929   0.000181   0.000139   62.020
  474062.68  5897776.50   0.737905   0.000178   0.000137   62.012
  474063.33  5897776.85   0.737881   0.000175   0.000135   62.005
  474063.98  5897777.19   0.737858   0.000172   0.000132   61.997
  474064.64  5897777.54   0.737835   0.000169   0.000130   61.990
  474065.29  5897777.89   0.737814   0.000167   0.000128   61.983
  474065.94  5897778.23   0.737794   0.000165   0.000127   61.976
  474066.59  5897778.58   0.737776   0.000162   0.000125   61.969
  474067.24  5897778.93   0.737758   0.000160   0.000123   61.962
  474067.89  5897779.27   0.737743   0.000157   0.000121   61.955
  474068.54  5897779.62   0.737728   0.000155   0.000119   61.949
  474069.19  5897779.97   0.737715   0.000153   0.000118   61.942
  474069.85  5897780.31   0.737703   0.000150   0.000116   61.936
  474070.50  5897780.66   0.737693   0.000148   0.000114   61.929
  474071.15  5897781.01   0.737684   0.000146   0.000112   61.923
  474071.80  5897781.36   0.737676   0.000143   0.000110   61.917
  474072.45  5897781.70   0.737670   0.000141   0.000109   61.911
  474073.10  5897782.05   0.737664   0.000139   0.000107   61.905
  474073.75  5897782.40   0.737661   0.000136   0.000105   61.899
  474074.40  5897782.75   0.737658   0.000134   0.000103   61.893
  474075.05  5897783.09   0.737657   0.000132   0.000101   61.888
  474075.70  5897783.44   0.737658   0.000129   0.000099   61.882
  474076.35  5897783.79   0.737659   0.000127   0.000098   61.877
  474077.00  5897784.14   0.737662   0.000124   0.000096   61.871
  474077.65  5897784.48   0.737667   0.000122   0.000094   61.866
  474078.30  5897784.83   0.737673   0.000120   0.000092   61.861
  474078.95  5897785.18   0.737680   0.000117   0.000090   61.856
  474079.61  5897785.53   0.737688   0.000115   0.000089   61.851
  474080.26  5897785.88   0.737698   0.000113   0.000087   61.846
  474080.91  5897786.22   0.737709   0.000110   0.000085   61.841
  474081.56  5897786.57   0.737721   0.000108   0.000083   61.837
  474082.21  5897786.92   0.737735   0.000106   0.000081   61.832
  474082.86  5897787.27   0.737750   0.000103   0.000079   61.827
  474083.51  5897787.62   0.737767   0.000101   0.000078   61.823
  474084.16  5897787.97   0.737784   0.000098   0.000076   61.819
  474084.81  5897788.31   0.737804   0.000096   0.000074   61.815
  474085.46  5897788.66   0.737824   0.000094   0.000072   61.811
  474086.11  5897789.01   0.737846   0.000091   0.000070   61.807
  474086.76  5897789.36   0.737869   0.000089   0.000069   61.803
  474087.41  5897789.71   0.737894   0.000087   0.000067   61.799
  474088.06  5897790.06   0.737919   0.000084   0.000065   61.795
  474088.71  5897790.41   0.737947   0.000082   0.000063   61.792
  474089.36  5897790.75   0.737975   0.000080   0.000061   61.788
  474090.01  5897791.10   0.738005   0.000077   0.000059   61.785
  474090.66  5897791.45   0.738036   0.000075   0.000058   61.782
  474091.31  5897791.80   0.738069   0.000072   0.000056   61.779
  474091.96  5897792.15   0.738103   0.000070   0.000054   61.776
  474092.61  5897792.50   0.738138   0.000068   0.000052   61.773
  474093.26  5897792.85   0.738174   0.000065   0.000050   61.770
  474093.91  5897793.20   0.738212   0.000063   0.000048   61.767
  474094.56  5897793.55   0.738251   0.000061   0.000047   61.764
  474095.21  5897793.90   0.738292   0.000058   0.000045   61.762
  474095.86  5897794.25   0.738334   0.000056   0.000043   61.759
  474096.51  5897794.60   0.738377   0.000053   0.000041   61.757
  474097.16  5897794.95   0.738422   0.000051   0.000039   61.755
  474097.81  5897795.29   0.738468   0.000049   0.000038   61.752
  474098.47  5897795.64   0.738515   0.000046   0.000035   61.750
  474099.12  5897795.99   0.738565   0.000043   0.000033   61.748
  474099.77  5897796.34   0.738616   0.000042   0.000032   61.747
  474100.42  5897796.69   0.738666   0.000040   0.000031   61.745
  474101.07  5897797.04   0.738715   0.000039   0.000030   61.743
  474101.72  5897797.39   0.738762   0.000038   0.000029   61.742
  474102.37  5897797.74   0.738808   0.000037   0.000029   61.740
  474103.02  5897798.09   0.738852   0.000036   0.000028   61.738
  474103.67  5897798.44   0.738895   0.000035   0.000027   61.737
  474104.32  5897798.79   0.738937   0.000034   0.000026   61.735
  474104.97  5897799.14   0.738977   0.000033   0.000025   61.734
  474105.62  5897799.49   0.739016   0.000031   0.000024   61.733
  474106.27  5897799.84   0.739054   0.000030   0.000023   61.731
  474106.93  5897800.19   0.739090   0.000029   0.000023   61.730
  474107.58  5897800.54   0.739125   0.000028   0.000022   61.729
  474108.23  5897800.89   0.739158   0.000027   0.000021   61.727
  474108.88  5897801.24   0.739190   0.000026   0.000020   61.726
  474109.53  5897801.59   0.739221   0.000025   0.000019   61.725
  474110.18  5897801.94   0.739251   0.000024   0.000018   61.724
  474110.83  5897802.29   0.739279   0.000022   0.000017   61.723
  474111.48  5897802.64   0.739305   0.000021   0.000016   61.722
  474112.13  5897802.99   0.739331   0.000020   0.000016   61.721
  474112.78  5897803.34   0.739355   0.000019   0.000015   61.721
  474113.44  5897803.69   0.739377   0.000018   0.000014   61.720
  474114.09  5897804.04   0.739398   0.000017   0.000013   61.719
  474114.74  5897804.39   0.739418   0.000016   0.000012   61.718
  474115.39  5897804.74   0.739437   0.000015   0.000011   61.718
  474116.04  5897805.10   0.739454   0.000013   0.000010   61.717
  474116.69  5897805.45   0.739469   0.000012   0.000010   61.716
  474117.34  5897805.80   0.739484   0.000011   0.000009   61.716
  474117.99  5897806.15   0.739497   0.000010   0.000008   61.715
  474118.65  5897806.50   0.739508   0.000009   0.000007   61.715
  474119.30  5897806.85   0.739519   0.000008   0.000006   61.715
  474119.95  5897807.20   0.739528   0.000007   0.000005   61.714
  474120.60  5897807.55   0.739535   0.000006   0.000004   61.714
  474121.25  5897807.90   0.739541   0.000004   0.000003   61.714
  474121.90  5897808.25   0.739546   0.000003   0.000003   61.714
  474122.55  5897808.60   0.739549   0.000002   0.000002   61.713
  474123.20  5897808.95   0.739551   0.000001   0.000001   61.713
