  469860.99  5890673.50   0.388614   0.000029   0.000006    0.000
  469861.02  5890673.89   0.390179   0.000056   0.000012    3.101
  469861.04  5890674.28   0.393308   0.000110   0.000024    3.102
  469861.06  5890674.67   0.396430   0.000162   0.000036    3.104
  469861.08  5890675.07   0.399548   0.000212   0.000048    3.108
  469861.10  5890675.47   0.402659   0.000261   0.000060    3.113
  469861.12  5890675.88   0.405766   0.000307   0.000071    3.119
  469861.15  5890676.28   0.408866   0.000351   0.000083    3.126
  469861.17  5890676.69   0.411961   0.000394   0.000095    3.134
  469861.19  5890677.10   0.415051   0.000435   0.000106    3.144
  469861.21  5890677.52   0.418135   0.000475   0.000117    3.154
  469861.24  5890677.94   0.421214   0.000513   0.000129    3.165
  469861.26  5890678.36   0.424287   0.000549   0.000140    3.178
  469861.28  5890678.79   0.427354   0.000585   0.000151    3.191
  469861.31  5890679.22   0.430416   0.000619   0.000162    3.205
  469861.33  5890679.65   0.433473   0.000651   0.000173    3.221
  469861.36  5890680.08   0.436524   0.000683   0.000184    3.237
  469861.38  5890680.52   0.439569   0.000713   0.000195    3.254
  469861.41  5890680.96   0.442609   0.000743   0.000206    3.272
  469861.43  5890681.40   0.445644   0.000771   0.000217    3.291
  469861.46  5890681.85   0.448673   0.000798   0.000227    3.310
  469861.48  5890682.30   0.451697   0.000824   0.000238    3.331
  469861.51  5890682.75   0.454715   0.000850   0.000248    3.352
  469861.54  5890683.21   0.457728   0.000874   0.000259    3.374
  469861.56  5890683.66   0.460735   0.000898   0.000269    3.397
  469861.59  5890684.13   0.463737   0.000920   0.000280    3.421
  469861.62  5890684.59   0.466734   0.000942   0.000290    3.445
  469861.65  5890685.06   0.469725   0.000964   0.000301    3.471
  469861.68  5890685.53   0.472711   0.000984   0.000311    3.496
  469861.71  5890686.00   0.475691   0.001004   0.000321    3.523
  469861.74  5890686.48   0.478666   0.001023   0.000331    3.550
  469861.77  5890686.96   0.481636   0.001041   0.000342    3.579
  469861.80  5890687.44   0.484600   0.001059   0.000352    3.607
  469861.83  5890687.92   0.487559   0.001076   0.000362    3.637
  469861.86  5890688.41   0.490512   0.001093   0.000372    3.667
  469861.89  5890688.90   0.493461   0.001109   0.000382    3.697
  469861.92  5890689.40   0.496404   0.001124   0.000392    3.729
  469861.96  5890689.89   0.499341   0.001139   0.000402    3.761
  469861.99  5890690.39   0.502274   0.001154   0.000412    3.793
  469862.02  5890690.90   0.505201   0.001168   0.000422    3.827
  469862.06  5890691.40   0.508123   0.001181   0.000431    3.860
  469862.09  5890691.91   0.511039   0.001194   0.000441    3.895
  469862.13  5890692.42   0.513951   0.001207   0.000451    3.930
  469862.16  5890692.94   0.516857   0.001219   0.000461    3.965
  469862.20  5890693.45   0.519758   0.001231   0.000470    4.001
  469862.23  5890693.97   0.522654   0.001242   0.000480    4.038
  469862.27  5890694.49   0.525544   0.001254   0.000490    4.075
  469862.31  5890695.02   0.528430   0.001264   0.000499    4.113
  469862.35  5890695.55   0.531310   0.001275   0.000509    4.151
  469862.39  5890696.08   0.534185   0.001285   0.000518    4.190
  469862.43  5890696.61   0.537055   0.001294   0.000528    4.229
  469862.47  5890697.15   0.539920   0.001304   0.000537    4.269
  469862.51  5890697.69   0.542780   0.001313   0.000547    4.310
  469862.55  5890698.23   0.545634   0.001321   0.000556    4.350
  469862.59  5890698.78   0.548484   0.001330   0.000566    4.392
  469862.63  5890699.33   0.551329   0.001338   0.000575    4.433
  469862.68  5890699.88   0.554168   0.001346   0.000585    4.476
  469862.72  5890700.43   0.557003   0.001354   0.000594    4.518
  469862.76  5890700.99   0.559832   0.001361   0.000603    4.562
  469862.81  5890701.55   0.562657   0.001368   0.000613    4.605
  469862.85  5890702.11   0.565476   0.001375   0.000622    4.649
  469862.90  5890702.68   0.568291   0.001382   0.000631    4.694
  469862.95  5890703.24   0.571100   0.001389   0.000640    4.739
  469863.00  5890703.81   0.573905   0.001395   0.000650    4.784
  469863.04  5890704.39   0.576705   0.001401   0.000659    4.830
  469863.09  5890704.96   0.579500   0.001407   0.000668    4.877
  469863.14  5890705.54   0.582290   0.001413   0.000677    4.923
  469863.19  5890706.12   0.585075   0.001418   0.000687    4.970
  469863.25  5890706.71   0.587855   0.001424   0.000696    5.018
  469863.30  5890707.29   0.590630   0.001429   0.000705    5.066
  469863.35  5890707.88   0.593401   0.001434   0.000714    5.114
  469863.40  5890708.48   0.596167   0.001439   0.000723    5.163
  469863.46  5890709.07   0.598928   0.001443   0.000732    5.212
  469863.51  5890709.67   0.601684   0.001448   0.000741    5.262
  469863.57  5890710.27   0.604435   0.001452   0.000750    5.312
  469863.63  5890710.87   0.607182   0.001457   0.000759    5.362
  469863.68  5890711.48   0.609924   0.001461   0.000768    5.413
  469863.74  5890712.09   0.612661   0.001465   0.000778    5.464
  469863.80  5890712.70   0.615394   0.001469   0.000787    5.515
  469863.86  5890713.31   0.618122   0.001472   0.000796    5.567
  469863.92  5890713.93   0.620845   0.001476   0.000805    5.619
  469863.98  5890714.55   0.623564   0.001479   0.000814    5.671
  469864.04  5890715.17   0.626278   0.001483   0.000822    5.724
  469864.11  5890715.79   0.628987   0.001486   0.000831    5.778
  469864.17  5890716.42   0.631692   0.001489   0.000840    5.831
  469864.24  5890717.05   0.634392   0.001492   0.000849    5.885
  469864.30  5890717.68   0.637088   0.001495   0.000858    5.939
  469864.37  5890718.32   0.639779   0.001498   0.000867    5.994
  469864.44  5890718.96   0.642466   0.001501   0.000876    6.049
  469864.50  5890719.60   0.645148   0.001504   0.000885    6.104
  469864.57  5890720.24   0.647826   0.001506   0.000894    6.160
  469864.64  5890720.88   0.650499   0.001509   0.000903    6.215
  469864.72  5890721.53   0.653168   0.001511   0.000912    6.272
  469864.79  5890722.18   0.655832   0.001513   0.000921    6.328
  469864.86  5890722.84   0.658492   0.001516   0.000929    6.385
  469864.94  5890723.49   0.661148   0.001518   0.000938    6.442
  469865.01  5890724.15   0.663799   0.001520   0.000947    6.500
  469865.09  5890724.81   0.666446   0.001522   0.000956    6.558
  469865.16  5890725.47   0.669088   0.001524   0.000965    6.616
  469865.24  5890726.14   0.671727   0.001526   0.000974    6.674
  469865.32  5890726.81   0.674361   0.001528   0.000983    6.733
  469865.40  5890727.48   0.676990   0.001529   0.000991    6.792
  469865.48  5890728.15   0.679616   0.001531   0.001000    6.851
  469865.56  5890728.83   0.682237   0.001542   0.001015    6.911
  469865.65  5890729.51   0.684857   0.001552   0.001029    6.971
  469865.73  5890730.19   0.687472   0.001536   0.001026    7.032
  469865.81  5890730.87   0.690078   0.001503   0.001012    7.093
  469865.90  5890731.56   0.692675   0.001471   0.000998    7.152
  469865.99  5890732.25   0.695262   0.001439   0.000984    7.211
  469866.08  5890732.94   0.697840   0.001408   0.000970    7.268
  469866.17  5890733.63   0.700408   0.001378   0.000956    7.324
  469866.26  5890734.33   0.702967   0.001348   0.000942    7.380
  469866.35  5890735.02   0.705516   0.001319   0.000928    7.434
  469866.44  5890735.73   0.708056   0.001290   0.000915    7.487
  469866.53  5890736.43   0.710586   0.001262   0.000901    7.540
  469866.63  5890737.13   0.713106   0.001234   0.000888    7.591
  469866.72  5890737.84   0.715617   0.001207   0.000874    7.641
  469866.82  5890738.55   0.718118   0.001181   0.000861    7.691
  469866.91  5890739.27   0.720609   0.001154   0.000848    7.739
  469867.01  5890739.98   0.723091   0.001129   0.000835    7.787
  469867.11  5890740.70   0.725563   0.001104   0.000822    7.834
  469867.21  5890741.42   0.728025   0.001079   0.000809    7.880
  469867.31  5890742.14   0.730477   0.001054   0.000796    7.925
  469867.41  5890742.87   0.732920   0.001030   0.000783    7.969
  469867.51  5890743.59   0.735352   0.001007   0.000770    8.012
  469867.62  5890744.32   0.737775   0.000984   0.000757    8.055
  469867.72  5890745.05   0.740188   0.000961   0.000745    8.096
  469867.83  5890745.79   0.742591   0.000939   0.000732    8.137
  469867.93  5890746.52   0.744984   0.000917   0.000720    8.177
  469868.04  5890747.26   0.747367   0.000895   0.000707    8.216
  469868.15  5890748.00   0.749741   0.000874   0.000695    8.254
  469868.25  5890748.75   0.752104   0.000853   0.000683    8.292
  469868.36  5890749.49   0.754457   0.000833   0.000670    8.329
  469868.47  5890750.24   0.756801   0.000813   0.000658    8.365
  469868.58  5890750.99   0.759134   0.000793   0.000646    8.400
  469868.70  5890751.74   0.761457   0.000773   0.000634    8.434
  469868.81  5890752.49   0.763770   0.000754   0.000622    8.468
  469868.92  5890753.25   0.766073   0.000735   0.000610    8.501
  469869.03  5890754.01   0.768366   0.000716   0.000598    8.533
  469869.15  5890754.77   0.770649   0.000698   0.000586    8.565
  469869.26  5890755.53   0.772922   0.000680   0.000575    8.596
  469869.38  5890756.30   0.775185   0.000662   0.000563    8.626
  469869.50  5890757.07   0.777438   0.000645   0.000551    8.655
  469869.62  5890757.84   0.779680   0.000628   0.000540    8.684
  469869.73  5890758.61   0.781912   0.000611   0.000528    8.712
  469869.85  5890759.38   0.784135   0.000594   0.000517    8.739
  469869.97  5890760.16   0.786347   0.000578   0.000505    8.766
  469870.09  5890760.94   0.788548   0.000561   0.000494    8.792
  469870.21  5890761.72   0.790740   0.000545   0.000482    8.817
  469870.34  5890762.50   0.792921   0.000530   0.000471    8.842
  469870.46  5890763.28   0.795092   0.000514   0.000460    8.866
  469870.58  5890764.07   0.797253   0.000499   0.000449    8.890
  469870.70  5890764.86   0.799404   0.000484   0.000437    8.912
  469870.83  5890765.65   0.801544   0.000469   0.000426    8.935
  469870.95  5890766.44   0.803675   0.000455   0.000415    8.956
  469871.08  5890767.24   0.805794   0.000440   0.000404    8.977
  469871.21  5890768.03   0.807904   0.000426   0.000393    8.997
  469871.33  5890768.83   0.810003   0.000412   0.000382    9.017
  469871.46  5890769.63   0.812092   0.000398   0.000371    9.036
  469871.59  5890770.44   0.814171   0.000384   0.000360    9.055
  469871.72  5890771.24   0.816240   0.000371   0.000350    9.073
  469871.85  5890772.05   0.818298   0.000358   0.000339    9.090
  469871.97  5890772.86   0.820346   0.000345   0.000328    9.107
  469872.10  5890773.67   0.822383   0.000332   0.000317    9.123
  469872.24  5890774.48   0.824410   0.000319   0.000307    9.139
  469872.37  5890775.30   0.826427   0.000306   0.000296    9.154
  469872.50  5890776.11   0.828433   0.000294   0.000285    9.168
  469872.63  5890776.93   0.830429   0.000282   0.000275    9.182
  469872.76  5890777.75   0.832415   0.000270   0.000264    9.196
  469872.90  5890778.58   0.834391   0.000258   0.000254    9.208
  469873.03  5890779.40   0.836356   0.000246   0.000243    9.221
  469873.17  5890780.23   0.838310   0.000234   0.000233    9.233
  469873.30  5890781.06   0.840254   0.000223   0.000222    9.244
  469873.44  5890781.89   0.842188   0.000211   0.000212    9.255
  469873.57  5890782.72   0.844112   0.000200   0.000202    9.265
  469873.71  5890783.55   0.846025   0.000189   0.000191    9.274
  469873.84  5890784.39   0.847928   0.000178   0.000181    9.284
  469873.98  5890785.23   0.849820   0.000167   0.000171    9.292
  469874.12  5890786.07   0.851702   0.000156   0.000161    9.300
  469874.26  5890786.91   0.853573   0.000146   0.000150    9.308
  469874.40  5890787.75   0.855435   0.000135   0.000140    9.315
  469874.53  5890788.60   0.857285   0.000125   0.000130    9.322
  469874.67  5890789.44   0.859126   0.000115   0.000120    9.328
  469874.81  5890790.29   0.860955   0.000105   0.000110    9.334
  469874.95  5890791.14   0.862775   0.000095   0.000100    9.339
  469875.09  5890791.99   0.864584   0.000085   0.000090    9.343
  469875.23  5890792.85   0.866383   0.000075   0.000080    9.348
  469875.37  5890793.70   0.868171   0.000065   0.000070    9.351
  469875.52  5890794.56   0.869949   0.000056   0.000060    9.355
  469875.66  5890795.42   0.871716   0.000046   0.000050    9.357
  469875.80  5890796.28   0.873473   0.000037   0.000040    9.360
  469875.94  5890797.14   0.875220   0.000027   0.000030    9.361
  469876.08  5890798.01   0.876956   0.000018   0.000020    9.363
  469876.23  5890798.87   0.878681   0.000009   0.000010    9.364
  469876.37  5890799.74   0.880397   0.000000   0.000000    9.364
  469876.51  5890800.61   0.882101   0.000009   0.000010    9.364
  469876.66  5890801.48   0.883796   0.000018   0.000020    9.364
  469876.80  5890802.36   0.885480   0.000027   0.000029    9.363
  469876.94  5890803.23   0.887153   0.000035   0.000039    9.362
  469877.09  5890804.11   0.888817   0.000044   0.000049    9.360
  469877.23  5890804.98   0.890469   0.000052   0.000059    9.358
  469877.38  5890805.86   0.892112   0.000061   0.000069    9.355
  469877.52  5890806.74   0.893744   0.000069   0.000078    9.352
  469877.67  5890807.63   0.895365   0.000078   0.000088    9.348
  469877.81  5890808.51   0.896976   0.000086   0.000098    9.344
  469877.96  5890809.40   0.898577   0.000094   0.000107    9.340
  469878.11  5890810.28   0.900167   0.000102   0.000117    9.335
  469878.25  5890811.17   0.901747   0.000110   0.000127    9.330
  469878.40  5890812.06   0.903316   0.000118   0.000136    9.324
  469878.54  5890812.96   0.904875   0.000126   0.000146    9.318
  469878.69  5890813.85   0.906424   0.000134   0.000156    9.311
  469878.84  5890814.75   0.907962   0.000142   0.000165    9.304
  469878.98  5890815.64   0.909490   0.000149   0.000175    9.297
  469879.13  5890816.54   0.911007   0.000157   0.000184    9.289
  469879.28  5890817.44   0.912514   0.000165   0.000194    9.281
  469879.43  5890818.34   0.914011   0.000172   0.000203    9.272
  469879.57  5890819.24   0.915497   0.000180   0.000213    9.263
  469879.72  5890820.15   0.916973   0.000187   0.000223    9.254
  469879.87  5890821.05   0.918438   0.000195   0.000232    9.244
  469880.02  5890821.96   0.919893   0.000202   0.000242    9.234
  469880.16  5890822.87   0.921338   0.000209   0.000251    9.223
  469880.31  5890823.78   0.922772   0.000216   0.000261    9.212
  469880.46  5890824.69   0.924196   0.000224   0.000270    9.201
  469880.61  5890825.61   0.925610   0.000231   0.000280    9.189
  469880.75  5890826.52   0.927013   0.000238   0.000289    9.177
  469880.90  5890827.44   0.928406   0.000245   0.000299    9.164
  469881.05  5890828.35   0.929788   0.000252   0.000308    9.151
  469881.20  5890829.27   0.931160   0.000259   0.000317    9.138
  469881.34  5890830.19   0.932522   0.000266   0.000327    9.124
  469881.49  5890831.11   0.933874   0.000273   0.000336    9.110
  469881.64  5890832.04   0.935215   0.000280   0.000346    9.095
  469881.79  5890832.96   0.936546   0.000286   0.000355    9.080
  469881.94  5890833.89   0.937866   0.000293   0.000365    9.065
  469882.08  5890834.81   0.939176   0.000300   0.000374    9.049
  469882.23  5890835.74   0.940476   0.000307   0.000383    9.033
  469882.38  5890836.67   0.941766   0.000313   0.000393    9.016
  469882.53  5890837.60   0.943045   0.000320   0.000402    8.999
  469882.67  5890838.53   0.944314   0.000326   0.000412    8.982
  469882.82  5890839.47   0.945573   0.000333   0.000421    8.964
  469882.97  5890840.40   0.946821   0.000340   0.000431    8.946
  469883.11  5890841.34   0.948059   0.000346   0.000440    8.928
  469883.26  5890842.27   0.949287   0.000353   0.000449    8.909
  469883.41  5890843.21   0.950505   0.000359   0.000459    8.890
  469883.55  5890844.15   0.951712   0.000365   0.000468    8.870
  469883.70  5890845.09   0.952909   0.000372   0.000478    8.850
  469883.85  5890846.04   0.954096   0.000378   0.000487    8.830
  469883.99  5890846.98   0.955273   0.000385   0.000496    8.809
  469884.14  5890847.92   0.956439   0.000391   0.000506    8.788
  469884.29  5890848.87   0.957595   0.000397   0.000515    8.767
  469884.43  5890849.82   0.958741   0.000403   0.000524    8.745
  469884.58  5890850.76   0.959877   0.000410   0.000534    8.723
  469884.72  5890851.71   0.961003   0.000416   0.000543    8.701
  469884.87  5890852.66   0.962118   0.000422   0.000553    8.678
  469885.01  5890853.62   0.963223   0.000428   0.000562    8.654
  469885.16  5890854.57   0.964319   0.000435   0.000571    8.631
  469885.30  5890855.52   0.965403   0.000441   0.000581    8.607
  469885.45  5890856.48   0.966478   0.000447   0.000590    8.582
  469885.59  5890857.43   0.967543   0.000453   0.000600    8.558
  469885.73  5890858.39   0.968597   0.000459   0.000609    8.532
  469885.88  5890859.35   0.969641   0.000465   0.000619    8.507
  469886.02  5890860.31   0.970676   0.000471   0.000628    8.481
  469886.16  5890861.27   0.971700   0.000477   0.000637    8.455
  469886.30  5890862.23   0.972714   0.000483   0.000647    8.428
  469886.45  5890863.20   0.973718   0.000489   0.000656    8.401
  469886.59  5890864.16   0.974711   0.000495   0.000666    8.374
  469886.73  5890865.12   0.975695   0.000501   0.000675    8.346
  469886.87  5890866.09   0.976669   0.000507   0.000685    8.318
  469887.01  5890867.06   0.977633   0.000513   0.000694    8.290
  469887.15  5890868.02   0.978586   0.000519   0.000703    8.261
  469887.29  5890868.99   0.979530   0.000525   0.000713    8.232
  469887.43  5890869.96   0.980463   0.000531   0.000722    8.203
  469887.57  5890870.93   0.981387   0.000537   0.000732    8.173
  469887.71  5890871.91   0.982300   0.000543   0.000741    8.143
  469887.85  5890872.88   0.983204   0.000549   0.000751    8.112
  469887.99  5890873.85   0.984097   0.000555   0.000760    8.081
  469888.13  5890874.83   0.984981   0.000561   0.000770    8.050
  469888.26  5890875.80   0.985854   0.000567   0.000779    8.018
  469888.40  5890876.78   0.986718   0.000573   0.000789    7.986
  469888.54  5890877.76   0.987572   0.000579   0.000798    7.954
  469888.67  5890878.74   0.988416   0.000585   0.000808    7.921
  469888.81  5890879.72   0.989250   0.000591   0.000818    7.888
  469888.94  5890880.70   0.990074   0.000597   0.000827    7.854
  469889.08  5890881.68   0.990888   0.000603   0.000837    7.820
  469889.21  5890882.66   0.991692   0.000608   0.000846    7.786
  469889.35  5890883.64   0.992486   0.000614   0.000856    7.752
  469889.48  5890884.63   0.993271   0.000620   0.000865    7.717
  469889.61  5890885.61   0.994045   0.000626   0.000875    7.681
  469889.75  5890886.60   0.994810   0.000632   0.000885    7.646
  469889.88  5890887.58   0.995565   0.000638   0.000894    7.610
  469890.01  5890888.57   0.996311   0.000644   0.000904    7.573
  469890.14  5890889.56   0.997046   0.000650   0.000914    7.537
  469890.27  5890890.55   0.997772   0.000656   0.000923    7.500
  469890.40  5890891.54   0.998488   0.000662   0.000933    7.462
  469890.53  5890892.53   0.999194   0.000668   0.000943    7.424
  469890.66  5890893.52   0.999890   0.000674   0.000952    7.386
  469890.78  5890894.51   1.000577   0.000679   0.000962    7.347
  469890.91  5890895.50   1.001254   0.000685   0.000972    7.308
  469891.04  5890896.50   1.001921   0.000691   0.000981    7.269
  469891.16  5890897.49   1.002579   0.000697   0.000991    7.229
  469891.29  5890898.49   1.003227   0.000703   0.001001    7.189
  469891.42  5890899.48   1.003865   0.000709   0.001011    7.149
  469891.54  5890900.48   1.004494   0.000715   0.001021    7.108
  469891.66  5890901.48   1.005113   0.000721   0.001030    7.067
  469891.79  5890902.47   1.005722   0.000727   0.001040    7.025
  469891.91  5890903.47   1.006322   0.000733   0.001050    6.984
  469892.03  5890904.47   1.006912   0.000739   0.001060    6.941
  469892.15  5890905.47   1.007493   0.000745   0.001070    6.899
  469892.27  5890906.47   1.008064   0.000751   0.001080    6.856
  469892.39  5890907.47   1.008626   0.000757   0.001090    6.812
  469892.51  5890908.48   1.009178   0.000763   0.001099    6.768
  469892.63  5890909.48   1.009721   0.000769   0.001109    6.724
  469892.75  5890910.48   1.010254   0.000776   0.001119    6.680
  469892.86  5890911.49   1.010777   0.000782   0.001129    6.635
  469892.98  5890912.49   1.011292   0.000788   0.001139    6.590
  469893.09  5890913.49   1.011796   0.000794   0.001149    6.544
  469893.21  5890914.50   1.012292   0.000800   0.001159    6.498
  469893.32  5890915.51   1.012778   0.000806   0.001169    6.452
  469893.43  5890916.51   1.013254   0.000812   0.001179    6.405
  469893.55  5890917.52   1.013722   0.000818   0.001189    6.358
  469893.66  5890918.53   1.014180   0.000825   0.001200    6.310
  469893.77  5890919.54   1.014628   0.000831   0.001210    6.262
  469893.88  5890920.55   1.015068   0.000837   0.001220    6.214
  469893.99  5890921.55   1.015498   0.000843   0.001230    6.165
  469894.10  5890922.56   1.015918   0.000850   0.001240    6.116
  469894.20  5890923.58   1.016330   0.000856   0.001250    6.067
  469894.31  5890924.59   1.016732   0.000862   0.001261    6.017
  469894.42  5890925.60   1.017125   0.000869   0.001271    5.967
  469894.52  5890926.61   1.017509   0.000875   0.001281    5.916
  469894.62  5890927.62   1.017884   0.000881   0.001291    5.865
  469894.73  5890928.63   1.018249   0.000888   0.001302    5.814
  469894.83  5890929.65   1.018605   0.000894   0.001312    5.762
  469894.93  5890930.66   1.018953   0.000900   0.001322    5.710
  469895.03  5890931.68   1.019291   0.000907   0.001333    5.657
  469895.13  5890932.69   1.019620   0.000913   0.001343    5.604
  469895.23  5890933.71   1.019940   0.000920   0.001353    5.551
  469895.33  5890934.72   1.020251   0.000926   0.001364    5.497
  469895.42  5890935.74   1.020553   0.000933   0.001374    5.443
  469895.52  5890936.75   1.020846   0.000939   0.001385    5.388
  469895.62  5890937.77   1.021130   0.000946   0.001395    5.333
  469895.71  5890938.79   1.021405   0.000953   0.001406    5.278
  469895.80  5890939.80   1.021671   0.000959   0.001416    5.222
  469895.89  5890940.82   1.021928   0.000966   0.001427    5.166
  469895.99  5890941.84   1.022177   0.000973   0.001437    5.109
  469896.08  5890942.86   1.022416   0.000979   0.001448    5.052
  469896.16  5890943.88   1.022647   0.000986   0.001458    4.995
  469896.25  5890944.90   1.022869   0.000993   0.001469    4.937
  469896.34  5890945.91   1.023082   0.001000   0.001480    4.879
  469896.43  5890946.93   1.023286   0.001007   0.001491    4.821
  469896.51  5890947.95   1.023481   0.001013   0.001501    4.762
  469896.59  5890948.97   1.023668   0.001020   0.001512    4.702
  469896.68  5890949.99   1.023846   0.001027   0.001523    4.642
  469896.76  5890951.02   1.024016   0.001034   0.001534    4.582
  469896.84  5890952.04   1.024176   0.001041   0.001544    4.521
  469896.92  5890953.06   1.024328   0.001048   0.001555    4.460
  469897.00  5890954.08   1.024472   0.001055   0.001566    4.399
  469897.08  5890955.10   1.024607   0.001062   0.001577    4.337
  469897.15  5890956.12   1.024733   0.001069   0.001588    4.274
  469897.23  5890957.14   1.024851   0.001076   0.001599    4.212
  469897.30  5890958.17   1.024960   0.001084   0.001610    4.148
  469897.37  5890959.19   1.025061   0.001091   0.001621    4.085
  469897.45  5890960.21   1.025154   0.001098   0.001632    4.021
  469897.52  5890961.23   1.025238   0.001105   0.001643    3.956
  469897.59  5890962.26   1.025313   0.001113   0.001654    3.891
  469897.65  5890963.28   1.025380   0.001120   0.001665    3.826
  469897.72  5890964.30   1.025439   0.001127   0.001676    3.760
  469897.79  5890965.33   1.025490   0.001135   0.001688    3.694
  469897.85  5890966.35   1.025532   0.001142   0.001699    3.627
  469897.92  5890967.37   1.025566   0.001150   0.001710    3.560
  469897.98  5890968.40   1.025592   0.001157   0.001721    3.493
  469898.04  5890969.42   1.025609   0.001165   0.001733    3.425
  469898.10  5890970.44   1.025619   0.001172   0.001744    3.356
  469898.16  5890971.47   1.025620   0.001180   0.001755    3.287
  469898.22  5890972.49   1.025613   0.001188   0.001767    3.218
  469898.27  5890973.52   1.025598   0.001195   0.001778    3.148
  469898.33  5890974.54   1.025575   0.001203   0.001790    3.078
  469898.38  5890975.56   1.025544   0.001211   0.001801    3.007
  469898.43  5890976.59   1.025505   0.001219   0.001813    2.936
  469898.49  5890977.61   1.025457   0.001227   0.001824    2.864
  469898.54  5890978.64   1.025402   0.001235   0.001836    2.792
  469898.58  5890979.66   1.025340   0.001242   0.001847    2.720
  469898.63  5890980.69   1.025269   0.001250   0.001859    2.647
  469898.68  5890981.71   1.025190   0.001259   0.001871    2.573
  469898.72  5890982.73   1.025104   0.001267   0.001882    2.499
  469898.77  5890983.76   1.025009   0.001275   0.001894    2.425
  469898.81  5890984.78   1.024907   0.001283   0.001906    2.350
  469898.85  5890985.81   1.024798   0.001291   0.001918    2.275
  469898.89  5890986.83   1.024680   0.001299   0.001929    2.199
  469898.93  5890987.85   1.024555   0.001308   0.001941    2.123
  469898.96  5890988.88   1.024423   0.001316   0.001953    2.046
  469899.00  5890989.90   1.024282   0.001325   0.001965    1.969
  469899.03  5890990.93   1.024135   0.001333   0.001977    1.891
  469899.06  5890991.95   1.023979   0.001341   0.001989    1.813
  469899.09  5890992.97   1.023816   0.001350   0.002001    1.734
  469899.12  5890994.00   1.023646   0.001359   0.002013    1.655
  469899.15  5890995.02   1.023469   0.001367   0.002025    1.575
  469899.18  5890996.04   1.023284   0.001376   0.002038    1.495
  469899.20  5890997.07   1.023091   0.001385   0.002050    1.414
  469899.23  5890998.09   1.022892   0.001394   0.002062    1.333
  469899.25  5890999.11   1.022685   0.001402   0.002074    1.252
  469899.27  5891000.13   1.022471   0.001411   0.002087    1.169
  469899.29  5891001.15   1.022249   0.001420   0.002099    1.087
  469899.31  5891002.18   1.022021   0.001429   0.002111    1.004
  469899.33  5891003.20   1.021785   0.001438   0.002124    0.920
  469899.34  5891004.22   1.021542   0.001447   0.002136    0.836
  469899.35  5891005.24   1.021293   0.001457   0.002149    0.751
  469899.37  5891006.26   1.021036   0.001466   0.002161    0.666
  469899.38  5891007.28   1.020772   0.001475   0.002174    0.580
  469899.38  5891008.30   1.020502   0.001484   0.002186    0.494
  469899.39  5891009.32   1.020224   0.001494   0.002199    0.407
  469899.40  5891010.34   1.019940   0.001503   0.002212    0.320
  469899.40  5891011.36   1.019649   0.001513   0.002224    0.232
  469899.40  5891012.38   1.019351   0.001522   0.002237    0.143
  469899.41  5891013.40   1.019047   0.001532   0.002250    0.054
  469899.40  5891014.42   1.018735   0.001542   0.002263   -0.035
  469899.40  5891015.44   1.018418   0.001551   0.002275   -0.125
  469899.40  5891016.46   1.018093   0.001561   0.002288   -0.216
  469899.39  5891017.48   1.017762   0.001571   0.002301   -0.307
  469899.39  5891018.49   1.017425   0.001581   0.002314   -0.398
  469899.38  5891019.51   1.017081   0.001591   0.002327   -0.490
  469899.37  5891020.53   1.016731   0.001601   0.002340   -0.583
  469899.35  5891021.54   1.016374   0.001611   0.002353   -0.676
  469899.34  5891022.56   1.016011   0.001621   0.002367   -0.770
  469899.33  5891023.58   1.015642   0.001631   0.002380   -0.865
  469899.31  5891024.59   1.015266   0.001642   0.002393   -0.959
  469899.29  5891025.61   1.014884   0.001652   0.002406   -1.055
  469899.27  5891026.62   1.014497   0.001662   0.002420   -1.151
  469899.25  5891027.64   1.014103   0.001673   0.002433   -1.248
  469899.22  5891028.65   1.013703   0.001683   0.002446   -1.345
  469899.20  5891029.66   1.013297   0.001694   0.002460   -1.443
  469899.17  5891030.67   1.012885   0.001705   0.002473   -1.541
  469899.14  5891031.69   1.012467   0.001715   0.002487   -1.640
  469899.11  5891032.70   1.012044   0.001726   0.002500   -1.739
  469899.08  5891033.71   1.011614   0.001737   0.002514   -1.839
  469899.04  5891034.72   1.011179   0.001748   0.002528   -1.940
  469899.01  5891035.73   1.010739   0.001759   0.002541   -2.041
  469898.97  5891036.74   1.010292   0.001770   0.002555   -2.143
  469898.93  5891037.75   1.009840   0.001781   0.002569   -2.246
  469898.89  5891038.76   1.009383   0.001792   0.002583   -2.349
  469898.85  5891039.77   1.008919   0.001804   0.002596   -2.452
  469898.80  5891040.78   1.008451   0.001815   0.002610   -2.557
  469898.75  5891041.78   1.007977   0.001826   0.002624   -2.662
  469898.71  5891042.79   1.007498   0.001838   0.002638   -2.767
  469898.66  5891043.79   1.007014   0.001849   0.002652   -2.873
  469898.60  5891044.80   1.006524   0.001861   0.002666   -2.980
  469898.55  5891045.81   1.006029   0.001873   0.002680   -3.087
  469898.49  5891046.81   1.005529   0.001884   0.002695   -3.195
  469898.44  5891047.81   1.005024   0.001896   0.002709   -3.304
  469898.38  5891048.82   1.004515   0.001908   0.002723   -3.413
  469898.31  5891049.82   1.004000   0.001920   0.002737   -3.523
  469898.25  5891050.82   1.003480   0.001932   0.002752   -3.633
  469898.18  5891051.82   1.002956   0.001944   0.002766   -3.744
  469898.12  5891052.82   1.002426   0.001957   0.002781   -3.856
  469898.05  5891053.82   1.001892   0.001969   0.002795   -3.968
  469897.98  5891054.82   1.001354   0.001981   0.002810   -4.081
  469897.90  5891055.82   1.000811   0.001994   0.002824   -4.195
  469897.83  5891056.82   1.000263   0.002006   0.002839   -4.309
  469897.75  5891057.81   0.999711   0.002019   0.002853   -4.424
  469897.67  5891058.81   0.999155   0.002031   0.002868   -4.540
  469897.59  5891059.81   0.998594   0.002044   0.002883   -4.656
  469897.51  5891060.80   0.998029   0.002057   0.002898   -4.773
  469897.42  5891061.79   0.997460   0.002070   0.002912   -4.891
  469897.34  5891062.79   0.996886   0.002083   0.002927   -5.009
  469897.25  5891063.78   0.996309   0.002096   0.002942   -5.128
  469897.16  5891064.77   0.995727   0.002109   0.002957   -5.248
  469897.06  5891065.76   0.995142   0.002122   0.002972   -5.368
  469896.97  5891066.75   0.994553   0.002136   0.002987   -5.489
  469896.87  5891067.74   0.993960   0.002149   0.003002   -5.611
  469896.77  5891068.73   0.993363   0.002162   0.003018   -5.733
  469896.67  5891069.72   0.992763   0.002176   0.003033   -5.856
  469896.57  5891070.71   0.992159   0.002190   0.003048   -5.980
  469896.46  5891071.69   0.991552   0.002203   0.003063   -6.105
  469896.35  5891072.68   0.990941   0.002217   0.003079   -6.230
  469896.24  5891073.66   0.990326   0.002231   0.003094   -6.356
  469896.13  5891074.65   0.989709   0.002245   0.003110   -6.482
  469896.02  5891075.63   0.989088   0.002259   0.003125   -6.609
  469895.90  5891076.61   0.988464   0.002273   0.003141   -6.737
  469895.78  5891077.59   0.987837   0.002287   0.003156   -6.866
  469895.66  5891078.57   0.987207   0.002301   0.003172   -6.996
  469895.54  5891079.55   0.986574   0.002316   0.003188   -7.126
  469895.42  5891080.53   0.985938   0.002330   0.003203   -7.257
  469895.29  5891081.51   0.985300   0.002345   0.003219   -7.388
  469895.16  5891082.48   0.984658   0.002359   0.003235   -7.521
  469895.03  5891083.46   0.984014   0.002374   0.003251   -7.654
  469894.90  5891084.43   0.983368   0.002389   0.003267   -7.788
  469894.76  5891085.41   0.982719   0.002403   0.003283   -7.922
  469894.62  5891086.38   0.982068   0.002418   0.003299   -8.058
  469894.48  5891087.35   0.981414   0.002433   0.003315   -8.194
  469894.34  5891088.32   0.980758   0.002448   0.003331   -8.330
  469894.20  5891089.29   0.980100   0.002464   0.003347   -8.468
  469894.05  5891090.26   0.979440   0.002479   0.003363   -8.606
  469893.90  5891091.23   0.978778   0.002494   0.003379   -8.745
  469893.75  5891092.20   0.978114   0.002510   0.003396   -8.885
  469893.60  5891093.16   0.977448   0.002525   0.003412   -9.026
  469893.44  5891094.13   0.976781   0.002541   0.003428   -9.167
  469893.28  5891095.09   0.976112   0.002556   0.003445   -9.310
  469893.12  5891096.05   0.975441   0.002572   0.003461   -9.453
  469892.96  5891097.01   0.974769   0.002588   0.003478   -9.596
  469892.80  5891097.97   0.974095   0.002604   0.003494   -9.741
  469892.63  5891098.93   0.973420   0.002620   0.003511   -9.886
  469892.46  5891099.89   0.972744   0.002636   0.003527  -10.032
  469892.29  5891100.85   0.972067   0.002652   0.003544  -10.179
  469892.11  5891101.80   0.971389   0.002668   0.003561  -10.327
  469891.94  5891102.76   0.970710   0.002685   0.003578  -10.475
  469891.76  5891103.71   0.970030   0.002701   0.003594  -10.625
  469891.58  5891104.67   0.969350   0.002718   0.003611  -10.775
  469891.39  5891105.62   0.968668   0.002734   0.003628  -10.926
  469891.21  5891106.57   0.967986   0.002751   0.003645  -11.078
  469891.02  5891107.52   0.967304   0.002767   0.003662  -11.230
  469890.83  5891108.46   0.966622   0.002784   0.003679  -11.384
  469890.63  5891109.41   0.965939   0.002801   0.003696  -11.538
  469890.44  5891110.36   0.965256   0.002818   0.003713  -11.693
  469890.24  5891111.30   0.964572   0.002835   0.003730  -11.849
  469890.04  5891112.24   0.963889   0.002852   0.003748  -12.005
  469889.84  5891113.19   0.963206   0.002869   0.003765  -12.163
  469889.63  5891114.13   0.962524   0.002887   0.003782  -12.321
  469889.42  5891115.07   0.961841   0.002904   0.003800  -12.480
  469889.21  5891116.00   0.961159   0.002922   0.003817  -12.640
  469889.00  5891116.94   0.960477   0.002939   0.003834  -12.801
  469888.78  5891117.88   0.959795   0.002957   0.003852  -12.963
  469888.57  5891118.81   0.959116   0.002974   0.003869  -13.126
  469888.35  5891119.75   0.958440   0.002991   0.003886  -13.289
  469888.12  5891120.68   0.957767   0.003009   0.003903  -13.453
  469887.90  5891121.61   0.957098   0.003026   0.003921  -13.618
  469887.67  5891122.54   0.956431   0.003044   0.003938  -13.784
  469887.44  5891123.46   0.955769   0.003062   0.003955  -13.951
  469887.21  5891124.39   0.955109   0.003079   0.003972  -14.119
  469886.97  5891125.32   0.954454   0.003097   0.003990  -14.287
  469886.73  5891126.24   0.953802   0.003115   0.004007  -14.457
  469886.49  5891127.16   0.953154   0.003132   0.004024  -14.627
  469886.25  5891128.08   0.952510   0.003150   0.004042  -14.798
  469886.00  5891129.00   0.951871   0.003168   0.004059  -14.970
  469885.75  5891129.92   0.951235   0.003186   0.004076  -15.143
  469885.50  5891130.84   0.950604   0.003203   0.004094  -15.316
  469885.25  5891131.76   0.949977   0.003221   0.004111  -15.491
  469884.99  5891132.67   0.949355   0.003239   0.004129  -15.666
  469884.73  5891133.58   0.948737   0.003257   0.004146  -15.842
  469884.47  5891134.49   0.948124   0.003275   0.004164  -16.019
  469884.21  5891135.40   0.947517   0.003293   0.004181  -16.197
  469883.94  5891136.31   0.946914   0.003311   0.004199  -16.376
  469883.67  5891137.22   0.946316   0.003329   0.004216  -16.556
  469883.40  5891138.13   0.945723   0.003351   0.004239  -16.736
  469883.12  5891139.03   0.945135   0.003374   0.004262  -16.918
  469882.84  5891139.93   0.944553   0.003383   0.004269  -17.101
  469882.56  5891140.84   0.943978   0.003384   0.004264  -17.284
  469882.28  5891141.74   0.943410   0.003385   0.004260  -17.467
  469881.99  5891142.63   0.942849   0.003386   0.004256  -17.650
  469881.71  5891143.53   0.942295   0.003386   0.004252  -17.833
  469881.41  5891144.43   0.941749   0.003387   0.004248  -18.015
  469881.12  5891145.32   0.941210   0.003387   0.004244  -18.198
  469880.82  5891146.22   0.940678   0.003388   0.004240  -18.381
  469880.52  5891147.11   0.940153   0.003388   0.004235  -18.563
  469880.22  5891148.00   0.939635   0.003389   0.004231  -18.746
  469879.92  5891148.89   0.939125   0.003389   0.004227  -18.928
  469879.61  5891149.77   0.938621   0.003389   0.004223  -19.111
  469879.30  5891150.66   0.938124   0.003389   0.004218  -19.293
  469878.99  5891151.54   0.937634   0.003389   0.004214  -19.475
  469878.67  5891152.43   0.937152   0.003389   0.004210  -19.657
  469878.35  5891153.31   0.936676   0.003389   0.004205  -19.839
  469878.03  5891154.19   0.936207   0.003389   0.004201  -20.021
  469877.71  5891155.06   0.935745   0.003389   0.004197  -20.203
  469877.38  5891155.94   0.935289   0.003389   0.004192  -20.385
  469877.06  5891156.82   0.934841   0.003388   0.004188  -20.566
  469876.73  5891157.69   0.934399   0.003388   0.004183  -20.748
  469876.39  5891158.56   0.933964   0.003387   0.004179  -20.929
  469876.06  5891159.43   0.933535   0.003387   0.004174  -21.110
  469875.72  5891160.30   0.933114   0.003386   0.004170  -21.292
  469875.37  5891161.17   0.932698   0.003386   0.004165  -21.473
  469875.03  5891162.04   0.932290   0.003385   0.004161  -21.654
  469874.68  5891162.90   0.931888   0.003384   0.004156  -21.834
  469874.33  5891163.77   0.931493   0.003383   0.004151  -22.015
  469873.98  5891164.63   0.931104   0.003382   0.004147  -22.196
  469873.63  5891165.49   0.930721   0.003381   0.004142  -22.376
  469873.27  5891166.35   0.930346   0.003380   0.004137  -22.556
  469872.91  5891167.21   0.929976   0.003379   0.004133  -22.736
  469872.55  5891168.06   0.929613   0.003378   0.004128  -22.917
  469872.19  5891168.92   0.929256   0.003377   0.004123  -23.096
  469871.82  5891169.77   0.928906   0.003375   0.004119  -23.276
  469871.45  5891170.63   0.928562   0.003374   0.004114  -23.456
  469871.08  5891171.48   0.928224   0.003372   0.004109  -23.635
  469870.70  5891172.32   0.927892   0.003371   0.004104  -23.815
  469870.32  5891173.17   0.927567   0.003369   0.004100  -23.994
  469869.94  5891174.02   0.927248   0.003368   0.004095  -24.173
  469869.56  5891174.86   0.926934   0.003366   0.004090  -24.352
  469869.18  5891175.71   0.926627   0.003364   0.004085  -24.531
  469868.79  5891176.55   0.926327   0.003363   0.004081  -24.709
  469868.40  5891177.39   0.926031   0.003362   0.004077  -24.888
  469868.01  5891178.23   0.925741   0.003359   0.004071  -25.066
  469867.61  5891179.06   0.925459   0.003355   0.004063  -25.244
  469867.22  5891179.90   0.925184   0.003350   0.004056  -25.422
  469866.82  5891180.73   0.924917   0.003346   0.004048  -25.600
  469866.41  5891181.57   0.924656   0.003342   0.004041  -25.777
  469866.01  5891182.40   0.924403   0.003338   0.004033  -25.954
  469865.60  5891183.23   0.924157   0.003333   0.004026  -26.131
  469865.19  5891184.06   0.923918   0.003329   0.004018  -26.307
  469864.78  5891184.88   0.923686   0.003324   0.004011  -26.484
  469864.37  5891185.71   0.923461   0.003319   0.004003  -26.660
  469863.95  5891186.53   0.923243   0.003315   0.003996  -26.835
  469863.53  5891187.35   0.923032   0.003310   0.003988  -27.011
  469863.11  5891188.18   0.922827   0.003305   0.003980  -27.186
  469862.69  5891189.00   0.922630   0.003300   0.003973  -27.360
  469862.26  5891189.81   0.922439   0.003295   0.003965  -27.535
  469861.83  5891190.63   0.922254   0.003290   0.003957  -27.709
  469861.40  5891191.44   0.922077   0.003285   0.003949  -27.883
  469860.96  5891192.26   0.921906   0.003279   0.003942  -28.056
  469860.53  5891193.07   0.921741   0.003274   0.003934  -28.229
  469860.09  5891193.88   0.921583   0.003269   0.003926  -28.402
  469859.65  5891194.69   0.921432   0.003263   0.003918  -28.575
  469859.21  5891195.50   0.921286   0.003258   0.003910  -28.747
  469858.76  5891196.30   0.921148   0.003253   0.003903  -28.919
  469858.31  5891197.11   0.921015   0.003247   0.003896  -29.091
  469857.86  5891197.91   0.920888   0.003241   0.003887  -29.262
  469857.41  5891198.72   0.920768   0.003233   0.003876  -29.433
  469856.96  5891199.52   0.920655   0.003225   0.003866  -29.604
  469856.50  5891200.31   0.920548   0.003217   0.003856  -29.774
  469856.04  5891201.11   0.920447   0.003210   0.003846  -29.944
  469855.58  5891201.91   0.920353   0.003202   0.003835  -30.113
  469855.11  5891202.70   0.920266   0.003194   0.003825  -30.282
  469854.65  5891203.50   0.920184   0.003186   0.003815  -30.450
  469854.18  5891204.29   0.920109   0.003177   0.003804  -30.618
  469853.71  5891205.08   0.920040   0.003169   0.003794  -30.786
  469853.23  5891205.87   0.919977   0.003161   0.003783  -30.953
  469852.76  5891206.66   0.919920   0.003153   0.003773  -31.119
  469852.28  5891207.44   0.919869   0.003144   0.003763  -31.285
  469851.80  5891208.23   0.919824   0.003136   0.003752  -31.451
  469851.32  5891209.01   0.919784   0.003127   0.003742  -31.616
  469850.83  5891209.79   0.919751   0.003119   0.003731  -31.781
  469850.35  5891210.57   0.919723   0.003110   0.003721  -31.946
  469849.86  5891211.35   0.919701   0.003102   0.003710  -32.109
  469849.37  5891212.13   0.919684   0.003093   0.003700  -32.273
  469848.87  5891212.90   0.919673   0.003084   0.003689  -32.436
  469848.38  5891213.68   0.919667   0.003075   0.003678  -32.598
  469847.88  5891214.45   0.919666   0.003067   0.003668  -32.760
  469847.38  5891215.22   0.919671   0.003058   0.003657  -32.922
  469846.88  5891216.00   0.919682   0.003049   0.003647  -33.083
  469846.38  5891216.76   0.919697   0.003040   0.003636  -33.244
  469845.87  5891217.53   0.919717   0.003031   0.003626  -33.404
  469845.36  5891218.30   0.919743   0.003022   0.003616  -33.564
  469844.85  5891219.06   0.919773   0.003013   0.003604  -33.723
  469844.34  5891219.83   0.919809   0.003002   0.003592  -33.882
  469843.82  5891220.59   0.919850   0.002991   0.003579  -34.040
  469843.31  5891221.35   0.919896   0.002980   0.003566  -34.198
  469842.79  5891222.11   0.919947   0.002969   0.003554  -34.355
  469842.26  5891222.87   0.920004   0.002958   0.003541  -34.511
  469841.74  5891223.62   0.920066   0.002947   0.003528  -34.667
  469841.22  5891224.38   0.920132   0.002936   0.003515  -34.822
  469840.69  5891225.13   0.920204   0.002925   0.003503  -34.977
  469840.16  5891225.89   0.920280   0.002914   0.003490  -35.131
  469839.63  5891226.64   0.920361   0.002903   0.003477  -35.285
  469839.09  5891227.39   0.920447   0.002891   0.003464  -35.438
  469838.56  5891228.14   0.920538   0.002880   0.003452  -35.591
  469838.02  5891228.88   0.920633   0.002869   0.003439  -35.743
  469837.48  5891229.63   0.920732   0.002858   0.003426  -35.894
  469836.94  5891230.37   0.920836   0.002846   0.003413  -36.045
  469836.40  5891231.12   0.920944   0.002835   0.003400  -36.195
  469835.85  5891231.86   0.921057   0.002824   0.003388  -36.344
  469835.30  5891232.60   0.921173   0.002812   0.003375  -36.493
  469834.75  5891233.34   0.921294   0.002801   0.003362  -36.642
  469834.20  5891234.08   0.921419   0.002789   0.003349  -36.790
  469833.65  5891234.81   0.921548   0.002778   0.003336  -36.937
  469833.09  5891235.55   0.921680   0.002766   0.003323  -37.084
  469832.53  5891236.28   0.921817   0.002755   0.003311  -37.230
  469831.97  5891237.01   0.921957   0.002743   0.003298  -37.375
  469831.41  5891237.75   0.922101   0.002732   0.003285  -37.520
  469830.85  5891238.48   0.922249   0.002720   0.003272  -37.664
  469830.28  5891239.20   0.922400   0.002709   0.003259  -37.808
  469829.72  5891239.93   0.922554   0.002697   0.003246  -37.951
  469829.15  5891240.66   0.922713   0.002686   0.003234  -38.094
  469828.57  5891241.38   0.922874   0.002675   0.003221  -38.236
  469828.00  5891242.11   0.923039   0.002662   0.003208  -38.377
  469827.43  5891242.83   0.923207   0.002649   0.003193  -38.518
  469826.85  5891243.55   0.923378   0.002635   0.003178  -38.658
  469826.27  5891244.27   0.923552   0.002622   0.003163  -38.798
  469825.69  5891244.99   0.923728   0.002609   0.003148  -38.936
  469825.11  5891245.71   0.923908   0.002595   0.003133  -39.074
  469824.52  5891246.42   0.924091   0.002582   0.003118  -39.212
  469823.94  5891247.14   0.924276   0.002569   0.003103  -39.349
  469823.35  5891247.85   0.924463   0.002555   0.003089  -39.485
  469822.76  5891248.56   0.924654   0.002542   0.003074  -39.620
  469822.17  5891249.27   0.924846   0.002529   0.003059  -39.755
  469821.58  5891249.98   0.925042   0.002515   0.003044  -39.889
  469820.98  5891250.69   0.925239   0.002502   0.003029  -40.022
  469820.39  5891251.40   0.925439   0.002487   0.003012  -40.155
  469819.79  5891252.10   0.925640   0.002472   0.002996  -40.286
  469819.19  5891252.81   0.925843   0.002462   0.002985  -40.417
  469818.58  5891253.51   0.926049   0.002455   0.002977  -40.548
  469817.98  5891254.21   0.926260   0.002448   0.002970  -40.678
  469817.38  5891254.92   0.926473   0.002440   0.002962  -40.808
  469816.77  5891255.62   0.926690   0.002433   0.002955  -40.938
  469816.16  5891256.31   0.926911   0.002426   0.002947  -41.067
  469815.55  5891257.01   0.927134   0.002418   0.002940  -41.196
  469814.94  5891257.71   0.927361   0.002411   0.002932  -41.324
  469814.32  5891258.40   0.927592   0.002403   0.002925  -41.452
  469813.71  5891259.10   0.927825   0.002396   0.002917  -41.580
  469813.09  5891259.79   0.928062   0.002389   0.002910  -41.707
  469812.47  5891260.48   0.928302   0.002381   0.002902  -41.834
  469811.85  5891261.17   0.928545   0.002374   0.002894  -41.961
  469811.23  5891261.86   0.928791   0.002366   0.002887  -42.087
  469810.60  5891262.55   0.929040   0.002359   0.002879  -42.213
  469809.98  5891263.24   0.929293   0.002351   0.002872  -42.339
  469809.35  5891263.92   0.929548   0.002344   0.002864  -42.464
  469808.72  5891264.61   0.929806   0.002337   0.002857  -42.589
  469808.09  5891265.29   0.930067   0.002329   0.002849  -42.713
  469807.46  5891265.97   0.930331   0.002322   0.002842  -42.837
  469806.82  5891266.65   0.930598   0.002314   0.002834  -42.961
  469806.19  5891267.33   0.930868   0.002307   0.002827  -43.085
  469805.55  5891268.01   0.931140   0.002299   0.002819  -43.208
  469804.91  5891268.69   0.931415   0.002292   0.002811  -43.330
  469804.27  5891269.36   0.931693   0.002284   0.002804  -43.453
  469803.63  5891270.04   0.931974   0.002276   0.002796  -43.575
  469802.98  5891270.71   0.932257   0.002269   0.002789  -43.696
  469802.34  5891271.39   0.932543   0.002261   0.002781  -43.817
  469801.69  5891272.06   0.932831   0.002254   0.002774  -43.938
  469801.04  5891272.73   0.933122   0.002246   0.002766  -44.059
  469800.39  5891273.40   0.933416   0.002239   0.002759  -44.179
  469799.74  5891274.07   0.933711   0.002231   0.002751  -44.298
  469799.09  5891274.73   0.934010   0.002224   0.002743  -44.418
  469798.43  5891275.40   0.934311   0.002216   0.002736  -44.537
  469797.77  5891276.06   0.934614   0.002209   0.002728  -44.655
  469797.12  5891276.73   0.934919   0.002201   0.002721  -44.774
  469796.46  5891277.39   0.935227   0.002193   0.002713  -44.892
  469795.80  5891278.05   0.935537   0.002186   0.002706  -45.009
  469795.13  5891278.71   0.935850   0.002178   0.002698  -45.126
  469794.47  5891279.37   0.936164   0.002171   0.002690  -45.243
  469793.80  5891280.03   0.936481   0.002163   0.002683  -45.359
  469793.13  5891280.68   0.936800   0.002156   0.002675  -45.476
  469792.46  5891281.34   0.937121   0.002148   0.002668  -45.591
  469791.79  5891281.99   0.937444   0.002141   0.002660  -45.707
  469791.12  5891282.65   0.937769   0.002133   0.002653  -45.822
  469790.45  5891283.30   0.938096   0.002125   0.002645  -45.936
  469789.77  5891283.95   0.938425   0.002118   0.002638  -46.050
  469789.09  5891284.60   0.938756   0.002110   0.002630  -46.164
  469788.42  5891285.25   0.939089   0.002103   0.002623  -46.278
  469787.74  5891285.90   0.939424   0.002095   0.002615  -46.391
  469787.05  5891286.55   0.939761   0.002088   0.002608  -46.504
  469786.37  5891287.19   0.940100   0.002080   0.002600  -46.616
  469785.69  5891287.84   0.940440   0.002073   0.002592  -46.728
  469785.00  5891288.48   0.940782   0.002065   0.002585  -46.840
  469784.31  5891289.12   0.941126   0.002058   0.002577  -46.951
  469783.62  5891289.76   0.941472   0.002050   0.002570  -47.062
  469782.93  5891290.40   0.941819   0.002043   0.002562  -47.173
  469782.24  5891291.04   0.942168   0.002035   0.002555  -47.283
  469781.55  5891291.68   0.942518   0.002028   0.002547  -47.393
  469780.85  5891292.32   0.942870   0.002020   0.002540  -47.502
  469780.16  5891292.95   0.943224   0.002013   0.002532  -47.611
  469779.46  5891293.59   0.943579   0.002005   0.002525  -47.720
  469778.76  5891294.22   0.943936   0.001998   0.002517  -47.829
  469778.06  5891294.85   0.944294   0.001990   0.002510  -47.937
  469777.35  5891295.48   0.944653   0.001983   0.002502  -48.044
  469776.65  5891296.11   0.945014   0.001975   0.002495  -48.152
  469775.95  5891296.74   0.945377   0.001968   0.002487  -48.259
  469775.24  5891297.37   0.945740   0.001961   0.002480  -48.365
  469774.53  5891298.00   0.946105   0.001953   0.002473  -48.471
  469773.82  5891298.63   0.946471   0.001946   0.002465  -48.577
  469773.11  5891299.25   0.946839   0.001938   0.002458  -48.683
  469772.40  5891299.87   0.947208   0.001931   0.002450  -48.788
  469771.68  5891300.50   0.947578   0.001924   0.002443  -48.893
  469770.97  5891301.12   0.947949   0.001916   0.002435  -48.997
  469770.25  5891301.74   0.948321   0.001909   0.002428  -49.101
  469769.53  5891302.36   0.948694   0.001902   0.002420  -49.205
  469768.81  5891302.98   0.949069   0.001894   0.002413  -49.308
  469768.09  5891303.60   0.949444   0.001887   0.002406  -49.411
  469767.37  5891304.21   0.949821   0.001880   0.002398  -49.514
  469766.65  5891304.83   0.950198   0.001872   0.002391  -49.616
  469765.92  5891305.44   0.950576   0.001865   0.002383  -49.718
  469765.20  5891306.06   0.950956   0.001858   0.002376  -49.820
  469764.47  5891306.67   0.951336   0.001851   0.002369  -49.921
  469763.74  5891307.28   0.951717   0.001843   0.002361  -50.022
  469763.01  5891307.89   0.952099   0.001836   0.002354  -50.123
  469762.28  5891308.50   0.952482   0.001829   0.002347  -50.223
  469761.54  5891309.11   0.952866   0.001822   0.002339  -50.323
  469760.81  5891309.71   0.953250   0.001815   0.002332  -50.422
  469760.07  5891310.32   0.953636   0.001807   0.002325  -50.521
  469759.34  5891310.93   0.954021   0.001800   0.002317  -50.620
  469758.60  5891311.53   0.954408   0.001793   0.002310  -50.718
  469757.86  5891312.13   0.954795   0.001786   0.002303  -50.816
  469757.12  5891312.74   0.955183   0.001779   0.002295  -50.914
  469756.37  5891313.34   0.955572   0.001772   0.002288  -51.011
  469755.63  5891313.94   0.955961   0.001765   0.002281  -51.108
  469754.88  5891314.54   0.956351   0.001758   0.002273  -51.205
  469754.14  5891315.13   0.956741   0.001750   0.002266  -51.301
  469753.39  5891315.73   0.957132   0.001743   0.002259  -51.397
  469752.64  5891316.33   0.957523   0.001736   0.002251  -51.493
  469751.89  5891316.92   0.957914   0.001729   0.002244  -51.588
  469751.14  5891317.52   0.958307   0.001722   0.002237  -51.683
  469750.39  5891318.11   0.958699   0.001715   0.002230  -51.778
  469749.63  5891318.70   0.959092   0.001708   0.002222  -51.872
  469748.88  5891319.29   0.959485   0.001701   0.002215  -51.966
  469748.12  5891319.88   0.959879   0.001695   0.002208  -52.059
  469747.36  5891320.47   0.960273   0.001688   0.002201  -52.153
  469746.60  5891321.06   0.960667   0.001681   0.002194  -52.245
  469745.84  5891321.65   0.961061   0.001674   0.002186  -52.338
  469745.08  5891322.23   0.961456   0.001667   0.002179  -52.430
  469744.32  5891322.82   0.961851   0.001660   0.002172  -52.522
  469743.55  5891323.40   0.962246   0.001653   0.002165  -52.613
  469742.79  5891323.98   0.962641   0.001646   0.002158  -52.704
  469742.02  5891324.57   0.963036   0.001640   0.002150  -52.795
  469741.25  5891325.15   0.963432   0.001633   0.002143  -52.886
  469740.48  5891325.73   0.963827   0.001626   0.002136  -52.976
  469739.71  5891326.31   0.964223   0.001619   0.002129  -53.066
  469738.94  5891326.89   0.964619   0.001612   0.002122  -53.155
  469738.17  5891327.46   0.965014   0.001606   0.002115  -53.244
  469737.39  5891328.04   0.965410   0.001599   0.002108  -53.333
  469736.62  5891328.62   0.965806   0.001592   0.002101  -53.422
  469735.84  5891329.19   0.966201   0.001586   0.002093  -53.510
  469735.06  5891329.76   0.966597   0.001579   0.002086  -53.597
  469734.28  5891330.34   0.966992   0.001572   0.002079  -53.685
  469733.50  5891330.91   0.967388   0.001566   0.002072  -53.772
  469732.72  5891331.48   0.967783   0.001559   0.002065  -53.859
  469731.94  5891332.05   0.968178   0.001553   0.002058  -53.945
  469731.16  5891332.62   0.968572   0.001546   0.002051  -54.031
  469730.37  5891333.18   0.968967   0.001539   0.002044  -54.117
  469729.58  5891333.75   0.969361   0.001533   0.002037  -54.203
  469728.80  5891334.32   0.969755   0.001526   0.002030  -54.288
  469728.01  5891334.88   0.970149   0.001520   0.002023  -54.373
  469727.22  5891335.45   0.970543   0.001513   0.002016  -54.457
  469726.43  5891336.01   0.970936   0.001507   0.002009  -54.541
  469725.64  5891336.57   0.971329   0.001500   0.002002  -54.625
  469724.84  5891337.13   0.971721   0.001494   0.001995  -54.708
  469724.05  5891337.69   0.972113   0.001488   0.001988  -54.792
  469723.25  5891338.25   0.972505   0.001481   0.001981  -54.875
  469722.46  5891338.81   0.972896   0.001475   0.001974  -54.957
  469721.66  5891339.37   0.973287   0.001468   0.001967  -55.039
  469720.86  5891339.93   0.973677   0.001462   0.001960  -55.121
  469720.06  5891340.48   0.974067   0.001456   0.001953  -55.203
  469719.26  5891341.04   0.974456   0.001449   0.001946  -55.284
  469718.46  5891341.59   0.974845   0.001443   0.001940  -55.365
  469717.66  5891342.14   0.975233   0.001437   0.001933  -55.445
  469716.85  5891342.70   0.975621   0.001431   0.001926  -55.526
  469716.05  5891343.25   0.976008   0.001424   0.001919  -55.606
  469715.24  5891343.80   0.976394   0.001418   0.001912  -55.685
  469714.43  5891344.35   0.976780   0.001412   0.001905  -55.765
  469713.62  5891344.89   0.977165   0.001406   0.001898  -55.844
  469712.82  5891345.44   0.977550   0.001400   0.001891  -55.922
  469712.00  5891345.99   0.977934   0.001393   0.001885  -56.001
  469711.19  5891346.53   0.978317   0.001387   0.001878  -56.079
  469710.38  5891347.08   0.978699   0.001381   0.001871  -56.157
  469709.57  5891347.62   0.979080   0.001375   0.001864  -56.234
  469708.75  5891348.17   0.979461   0.001369   0.001857  -56.311
  469707.94  5891348.71   0.979841   0.001363   0.001851  -56.388
  469707.12  5891349.25   0.980220   0.001357   0.001844  -56.465
  469706.30  5891349.79   0.980599   0.001351   0.001837  -56.541
  469705.48  5891350.33   0.980976   0.001345   0.001830  -56.617
  469704.66  5891350.87   0.981353   0.001339   0.001824  -56.692
  469703.84  5891351.41   0.981728   0.001333   0.001817  -56.768
  469703.02  5891351.94   0.982103   0.001327   0.001810  -56.843
  469702.20  5891352.48   0.982477   0.001321   0.001803  -56.917
  469701.37  5891353.02   0.982850   0.001315   0.001797  -56.992
  469700.55  5891353.55   0.983222   0.001309   0.001790  -57.066
  469699.72  5891354.08   0.983593   0.001303   0.001783  -57.139
  469698.89  5891354.62   0.983963   0.001298   0.001777  -57.213
  469698.07  5891355.15   0.984332   0.001292   0.001770  -57.286
  469697.24  5891355.68   0.984700   0.001286   0.001763  -57.359
  469696.41  5891356.21   0.985067   0.001280   0.001757  -57.431
  469695.58  5891356.74   0.985432   0.001274   0.001750  -57.504
  469694.74  5891357.27   0.985797   0.001269   0.001743  -57.576
  469693.91  5891357.80   0.986161   0.001263   0.001737  -57.647
  469693.08  5891358.32   0.986523   0.001257   0.001730  -57.719
  469692.24  5891358.85   0.986884   0.001251   0.001723  -57.790
  469691.41  5891359.37   0.987244   0.001246   0.001717  -57.860
  469690.57  5891359.90   0.987603   0.001240   0.001710  -57.931
  469689.73  5891360.42   0.987961   0.001234   0.001704  -58.001
  469688.89  5891360.94   0.988318   0.001229   0.001697  -58.071
  469688.05  5891361.47   0.988673   0.001223   0.001691  -58.141
  469687.21  5891361.99   0.989027   0.001217   0.001684  -58.210
  469686.37  5891362.51   0.989380   0.001212   0.001678  -58.279
  469685.53  5891363.03   0.989732   0.001206   0.001671  -58.347
  469684.69  5891363.54   0.990082   0.001201   0.001664  -58.416
  469683.84  5891364.06   0.990431   0.001195   0.001658  -58.484
  469683.00  5891364.58   0.990778   0.001190   0.001651  -58.552
  469682.15  5891365.09   0.991125   0.001184   0.001645  -58.619
  469681.30  5891365.61   0.991469   0.001179   0.001638  -58.687
  469680.46  5891366.12   0.991813   0.001173   0.001632  -58.754
  469679.61  5891366.64   0.992155   0.001168   0.001626  -58.820
  469678.76  5891367.15   0.992496   0.001162   0.001619  -58.887
  469677.91  5891367.66   0.992835   0.001157   0.001613  -58.953
  469677.06  5891368.17   0.993173   0.001151   0.001606  -59.018
  469676.20  5891368.68   0.993509   0.001146   0.001600  -59.084
  469675.35  5891369.19   0.993844   0.001141   0.001593  -59.149
  469674.50  5891369.70   0.994178   0.001135   0.001587  -59.214
  469673.64  5891370.21   0.994510   0.001130   0.001581  -59.279
  469672.79  5891370.72   0.994840   0.001125   0.001574  -59.343
  469671.93  5891371.22   0.995169   0.001119   0.001568  -59.407
  469671.07  5891371.73   0.995496   0.001114   0.001561  -59.471
  469670.21  5891372.23   0.995822   0.001109   0.001555  -59.535
  469669.35  5891372.74   0.996146   0.001104   0.001549  -59.598
  469668.50  5891373.24   0.996469   0.001098   0.001542  -59.661
  469667.63  5891373.74   0.996790   0.001093   0.001536  -59.724
  469666.77  5891374.25   0.997109   0.001088   0.001530  -59.786
  469665.91  5891374.75   0.997427   0.001083   0.001523  -59.848
  469665.05  5891375.25   0.997743   0.001078   0.001517  -59.910
  469664.18  5891375.75   0.998057   0.001072   0.001511  -59.972
  469663.32  5891376.24   0.998370   0.001067   0.001504  -60.033
  469662.45  5891376.74   0.998681   0.001062   0.001498  -60.094
  469661.59  5891377.24   0.998990   0.001057   0.001492  -60.155
  469660.72  5891377.74   0.999298   0.001052   0.001486  -60.215
  469659.85  5891378.23   0.999604   0.001047   0.001479  -60.276
  469658.98  5891378.73   0.999908   0.001042   0.001473  -60.336
  469658.11  5891379.22   1.000210   0.001037   0.001467  -60.395
  469657.24  5891379.71   1.000510   0.001032   0.001461  -60.455
  469656.37  5891380.21   1.000809   0.001027   0.001454  -60.514
  469655.50  5891380.70   1.001106   0.001021   0.001447  -60.573
  469654.63  5891381.19   1.001400   0.001016   0.001440  -60.631
  469653.75  5891381.68   1.001693   0.001012   0.001436  -60.689
  469652.88  5891382.17   1.001985   0.001009   0.001432  -60.748
  469652.01  5891382.66   1.002278   0.001006   0.001429  -60.805
  469651.13  5891383.15   1.002570   0.001003   0.001426  -60.863
  469650.25  5891383.63   1.002863   0.001000   0.001422  -60.921
  469649.38  5891384.12   1.003157   0.000997   0.001419  -60.978
  469648.50  5891384.61   1.003450   0.000994   0.001416  -61.036
  469647.62  5891385.09   1.003743   0.000991   0.001412  -61.093
  469646.74  5891385.58   1.004037   0.000988   0.001409  -61.150
  469645.86  5891386.06   1.004331   0.000986   0.001406  -61.207
  469644.98  5891386.54   1.004624   0.000983   0.001403  -61.263
  469644.10  5891387.02   1.004918   0.000980   0.001399  -61.320
  469643.22  5891387.51   1.005212   0.000977   0.001396  -61.376
  469642.33  5891387.99   1.005506   0.000974   0.001393  -61.433
  469641.45  5891388.47   1.005801   0.000971   0.001389  -61.489
  469640.57  5891388.95   1.006095   0.000968   0.001386  -61.545
  469639.68  5891389.42   1.006389   0.000965   0.001383  -61.600
  469638.79  5891389.90   1.006684   0.000962   0.001379  -61.656
  469637.91  5891390.38   1.006978   0.000960   0.001376  -61.712
  469637.02  5891390.86   1.007273   0.000957   0.001373  -61.767
  469636.13  5891391.33   1.007568   0.000954   0.001370  -61.822
  469635.24  5891391.81   1.007862   0.000951   0.001366  -61.877
  469634.35  5891392.28   1.008157   0.000948   0.001363  -61.932
  469633.46  5891392.75   1.008452   0.000945   0.001360  -61.987
  469632.57  5891393.23   1.008747   0.000943   0.001356  -62.042
  469631.68  5891393.70   1.009042   0.000940   0.001353  -62.096
  469630.79  5891394.17   1.009337   0.000937   0.001350  -62.150
  469629.90  5891394.64   1.009631   0.000934   0.001347  -62.205
  469629.00  5891395.11   1.009926   0.000931   0.001343  -62.259
  469628.11  5891395.58   1.010221   0.000928   0.001340  -62.313
  469627.21  5891396.05   1.010516   0.000926   0.001337  -62.366
  469626.32  5891396.52   1.010811   0.000923   0.001334  -62.420
  469625.42  5891396.98   1.011106   0.000920   0.001330  -62.473
  469624.52  5891397.45   1.011400   0.000917   0.001327  -62.527
  469623.63  5891397.92   1.011695   0.000915   0.001324  -62.580
  469622.73  5891398.38   1.011990   0.000912   0.001320  -62.633
  469621.83  5891398.85   1.012285   0.000909   0.001317  -62.686
  469620.93  5891399.31   1.012579   0.000906   0.001314  -62.738
  469620.03  5891399.77   1.012874   0.000903   0.001311  -62.791
  469619.13  5891400.24   1.013168   0.000901   0.001308  -62.843
  469618.22  5891400.70   1.013463   0.000898   0.001304  -62.896
  469617.32  5891401.16   1.013757   0.000895   0.001301  -62.948
  469616.42  5891401.62   1.014051   0.000892   0.001298  -63.000
  469615.51  5891402.08   1.014345   0.000890   0.001295  -63.052
  469614.61  5891402.54   1.014639   0.000887   0.001291  -63.103
  469613.70  5891403.00   1.014933   0.000884   0.001288  -63.155
  469612.80  5891403.45   1.015227   0.000881   0.001285  -63.206
  469611.89  5891403.91   1.015521   0.000879   0.001282  -63.258
  469610.98  5891404.37   1.015814   0.000876   0.001278  -63.309
  469610.07  5891404.82   1.016108   0.000873   0.001275  -63.360
  469609.17  5891405.28   1.016401   0.000871   0.001272  -63.411
  469608.26  5891405.73   1.016694   0.000868   0.001269  -63.461
  469607.35  5891406.18   1.016987   0.000865   0.001266  -63.512
  469606.44  5891406.64   1.017280   0.000863   0.001262  -63.562
  469605.52  5891407.09   1.017573   0.000860   0.001259  -63.613
  469604.61  5891407.54   1.017865   0.000857   0.001256  -63.663
  469603.70  5891407.99   1.018157   0.000854   0.001253  -63.713
  469602.79  5891408.44   1.018450   0.000852   0.001249  -63.762
  469601.87  5891408.89   1.018742   0.000849   0.001246  -63.812
  469600.96  5891409.34   1.019033   0.000846   0.001243  -63.862
  469600.04  5891409.79   1.019325   0.000844   0.001240  -63.911
  469599.13  5891410.24   1.019616   0.000841   0.001237  -63.960
  469598.21  5891410.68   1.019908   0.000839   0.001234  -64.010
  469597.29  5891411.13   1.020199   0.000836   0.001230  -64.059
  469596.37  5891411.57   1.020489   0.000833   0.001227  -64.107
  469595.46  5891412.02   1.020780   0.000831   0.001224  -64.156
  469594.54  5891412.46   1.021070   0.000828   0.001221  -64.205
  469593.62  5891412.91   1.021360   0.000825   0.001218  -64.253
  469592.70  5891413.35   1.021650   0.000823   0.001214  -64.302
  469591.78  5891413.79   1.021940   0.000820   0.001211  -64.350
  469590.85  5891414.23   1.022229   0.000817   0.001208  -64.398
  469589.93  5891414.68   1.022518   0.000815   0.001205  -64.446
  469589.01  5891415.12   1.022807   0.000812   0.001202  -64.493
  469588.08  5891415.56   1.023095   0.000810   0.001199  -64.541
  469587.16  5891415.99   1.023384   0.000807   0.001195  -64.588
  469586.24  5891416.43   1.023671   0.000805   0.001192  -64.636
  469585.31  5891416.87   1.023959   0.000802   0.001189  -64.683
  469584.38  5891417.31   1.024247   0.000799   0.001186  -64.730
  469583.46  5891417.74   1.024534   0.000797   0.001183  -64.777
  469582.53  5891418.18   1.024820   0.000794   0.001180  -64.824
  469581.60  5891418.62   1.025107   0.000792   0.001177  -64.870
  469580.67  5891419.05   1.025393   0.000789   0.001173  -64.917
  469579.74  5891419.48   1.025679   0.000787   0.001170  -64.963
  469578.81  5891419.92   1.025964   0.000784   0.001167  -65.009
  469577.88  5891420.35   1.026250   0.000781   0.001164  -65.055
  469576.95  5891420.78   1.026534   0.000779   0.001161  -65.101
  469576.02  5891421.21   1.026819   0.000776   0.001158  -65.147
  469575.09  5891421.64   1.027103   0.000774   0.001155  -65.193
  469574.16  5891422.08   1.027387   0.000771   0.001151  -65.238
  469573.22  5891422.50   1.027670   0.000769   0.001148  -65.284
  469572.29  5891422.93   1.027953   0.000766   0.001145  -65.329
  469571.35  5891423.36   1.028236   0.000764   0.001142  -65.374
  469570.42  5891423.79   1.028518   0.000761   0.001139  -65.419
  469569.48  5891424.22   1.028800   0.000759   0.001136  -65.464
  469568.55  5891424.64   1.029082   0.000756   0.001133  -65.509
  469567.61  5891425.07   1.029363   0.000754   0.001130  -65.553
  469566.67  5891425.50   1.029644   0.000751   0.001126  -65.598
  469565.73  5891425.92   1.029924   0.000749   0.001123  -65.642
  469564.80  5891426.34   1.030204   0.000746   0.001120  -65.686
  469563.86  5891426.77   1.030484   0.000744   0.001117  -65.730
  469562.92  5891427.19   1.030763   0.000741   0.001114  -65.774
  469561.98  5891427.61   1.031042   0.000739   0.001111  -65.818
  469561.04  5891428.03   1.031320   0.000737   0.001108  -65.862
  469560.09  5891428.46   1.031598   0.000734   0.001105  -65.905
  469559.15  5891428.88   1.031876   0.000732   0.001102  -65.949
  469558.21  5891429.30   1.032153   0.000729   0.001099  -65.992
  469557.27  5891429.72   1.032429   0.000727   0.001096  -66.035
  469556.32  5891430.13   1.032705   0.000724   0.001092  -66.078
  469555.38  5891430.55   1.032981   0.000722   0.001089  -66.121
  469554.43  5891430.97   1.033256   0.000720   0.001086  -66.164
  469553.49  5891431.39   1.033531   0.000717   0.001083  -66.206
  469552.54  5891431.80   1.033805   0.000715   0.001080  -66.249
  469551.59  5891432.22   1.034079   0.000712   0.001077  -66.291
  469550.65  5891432.63   1.034352   0.000710   0.001074  -66.333
  469549.70  5891433.05   1.034625   0.000707   0.001071  -66.375
  469548.75  5891433.46   1.034898   0.000705   0.001068  -66.417
  469547.80  5891433.88   1.035170   0.000703   0.001065  -66.459
  469546.85  5891434.29   1.035441   0.000700   0.001062  -66.501
  469545.90  5891434.70   1.035712   0.000698   0.001059  -66.542
  469544.95  5891435.11   1.035982   0.000696   0.001056  -66.584
  469544.00  5891435.52   1.036252   0.000693   0.001053  -66.625
  469543.05  5891435.93   1.036521   0.000691   0.001050  -66.666
  469542.10  5891436.34   1.036790   0.000688   0.001047  -66.707
  469541.14  5891436.75   1.037058   0.000686   0.001044  -66.748
  469540.19  5891437.16   1.037326   0.000684   0.001041  -66.789
  469539.24  5891437.57   1.037593   0.000681   0.001037  -66.829
  469538.28  5891437.98   1.037860   0.000679   0.001034  -66.870
  469537.33  5891438.38   1.038126   0.000677   0.001031  -66.910
  469536.37  5891438.79   1.038392   0.000674   0.001028  -66.951
  469535.42  5891439.20   1.038657   0.000672   0.001025  -66.991
  469534.46  5891439.60   1.038922   0.000670   0.001022  -67.031
  469533.50  5891440.01   1.039185   0.000667   0.001019  -67.071
  469532.55  5891440.41   1.039449   0.000665   0.001016  -67.110
  469531.59  5891440.82   1.039712   0.000663   0.001013  -67.150
  469530.63  5891441.22   1.039974   0.000661   0.001010  -67.189
  469529.67  5891441.62   1.040236   0.000658   0.001007  -67.229
  469528.71  5891442.02   1.040497   0.000656   0.001004  -67.268
  469527.75  5891442.42   1.040757   0.000654   0.001001  -67.307
  469526.79  5891442.83   1.041017   0.000651   0.000998  -67.346
  469525.83  5891443.23   1.041276   0.000649   0.000995  -67.385
  469524.87  5891443.63   1.041535   0.000647   0.000992  -67.424
  469523.90  5891444.02   1.041793   0.000645   0.000989  -67.462
  469522.94  5891444.42   1.042050   0.000642   0.000986  -67.501
  469521.98  5891444.82   1.042307   0.000640   0.000983  -67.539
  469521.02  5891445.22   1.042564   0.000638   0.000980  -67.577
  469520.05  5891445.62   1.042819   0.000635   0.000977  -67.615
  469519.09  5891446.01   1.043074   0.000633   0.000974  -67.653
  469518.12  5891446.41   1.043329   0.000631   0.000971  -67.691
  469517.16  5891446.80   1.043582   0.000629   0.000968  -67.729
  469516.19  5891447.20   1.043835   0.000626   0.000965  -67.767
  469515.22  5891447.59   1.044088   0.000624   0.000962  -67.804
  469514.26  5891447.99   1.044340   0.000622   0.000959  -67.841
  469513.29  5891448.38   1.044591   0.000620   0.000956  -67.879
  469512.32  5891448.77   1.044841   0.000618   0.000953  -67.916
  469511.35  5891449.17   1.045091   0.000615   0.000951  -67.953
  469510.38  5891449.56   1.045340   0.000613   0.000948  -67.989
  469509.41  5891449.95   1.045589   0.000611   0.000945  -68.026
  469508.44  5891450.34   1.045837   0.000609   0.000942  -68.063
  469507.47  5891450.73   1.046084   0.000607   0.000939  -68.099
  469506.50  5891451.12   1.046330   0.000604   0.000936  -68.136
  469505.53  5891451.51   1.046576   0.000602   0.000933  -68.172
  469504.56  5891451.90   1.046821   0.000600   0.000930  -68.208
  469503.59  5891452.28   1.047066   0.000598   0.000927  -68.244
  469502.61  5891452.67   1.047309   0.000596   0.000924  -68.280
  469501.64  5891453.06   1.047552   0.000593   0.000921  -68.316
  469500.67  5891453.45   1.047795   0.000591   0.000918  -68.351
  469499.69  5891453.83   1.048036   0.000589   0.000915  -68.387
  469498.72  5891454.22   1.048277   0.000587   0.000912  -68.422
  469497.74  5891454.60   1.048518   0.000585   0.000909  -68.457
  469496.77  5891454.99   1.048757   0.000583   0.000906  -68.492
  469495.79  5891455.37   1.048996   0.000581   0.000903  -68.527
  469494.81  5891455.75   1.049234   0.000578   0.000900  -68.562
  469493.84  5891456.14   1.049471   0.000576   0.000898  -68.597
  469492.86  5891456.52   1.049708   0.000574   0.000895  -68.632
  469491.88  5891456.90   1.049943   0.000572   0.000892  -68.666
  469490.90  5891457.28   1.050179   0.000570   0.000889  -68.701
  469489.92  5891457.66   1.050413   0.000568   0.000886  -68.735
  469488.95  5891458.04   1.050647   0.000566   0.000883  -68.769
  469487.97  5891458.42   1.050879   0.000563   0.000880  -68.803
  469486.99  5891458.80   1.051111   0.000561   0.000877  -68.837
  469486.01  5891459.18   1.051343   0.000559   0.000874  -68.871
  469485.02  5891459.56   1.051573   0.000557   0.000871  -68.905
  469484.04  5891459.94   1.051803   0.000555   0.000868  -68.938
  469483.06  5891460.32   1.052032   0.000553   0.000866  -68.972
  469482.08  5891460.69   1.052260   0.000551   0.000863  -69.005
  469481.10  5891461.07   1.052488   0.000549   0.000860  -69.038
  469480.11  5891461.45   1.052715   0.000547   0.000857  -69.071
  469479.13  5891461.82   1.052941   0.000545   0.000854  -69.104
  469478.15  5891462.20   1.053166   0.000543   0.000851  -69.137
  469477.16  5891462.57   1.053390   0.000540   0.000848  -69.170
  469476.18  5891462.95   1.053614   0.000538   0.000845  -69.202
  469475.19  5891463.32   1.053836   0.000536   0.000842  -69.235
  469474.20  5891463.69   1.054058   0.000534   0.000840  -69.267
  469473.22  5891464.06   1.054279   0.000532   0.000837  -69.300
  469472.23  5891464.44   1.054500   0.000530   0.000834  -69.332
  469471.25  5891464.81   1.054719   0.000528   0.000831  -69.364
  469470.26  5891465.18   1.054938   0.000526   0.000828  -69.396
  469469.27  5891465.55   1.055156   0.000524   0.000825  -69.428
  469468.28  5891465.92   1.055373   0.000522   0.000822  -69.459
  469467.29  5891466.29   1.055589   0.000520   0.000819  -69.491
  469466.30  5891466.66   1.055805   0.000518   0.000817  -69.522
  469465.31  5891467.03   1.056019   0.000516   0.000814  -69.554
  469464.33  5891467.40   1.056233   0.000514   0.000811  -69.585
  469463.33  5891467.76   1.056446   0.000512   0.000808  -69.616
  469462.34  5891468.13   1.056658   0.000510   0.000805  -69.647
  469461.35  5891468.50   1.056869   0.000508   0.000802  -69.678
  469460.36  5891468.87   1.057079   0.000506   0.000799  -69.709
  469459.37  5891469.23   1.057289   0.000504   0.000797  -69.739
  469458.38  5891469.60   1.057498   0.000502   0.000794  -69.770
  469457.39  5891469.96   1.057705   0.000500   0.000791  -69.800
  469456.39  5891470.33   1.057912   0.000498   0.000788  -69.830
  469455.40  5891470.69   1.058118   0.000496   0.000785  -69.861
  469454.41  5891471.06   1.058324   0.000494   0.000782  -69.891
  469453.41  5891471.42   1.058528   0.000492   0.000780  -69.921
  469452.42  5891471.78   1.058731   0.000490   0.000777  -69.950
  469451.42  5891472.14   1.058934   0.000488   0.000774  -69.980
  469450.43  5891472.51   1.059136   0.000486   0.000771  -70.010
  469449.43  5891472.87   1.059337   0.000484   0.000768  -70.039
  469448.44  5891473.23   1.059537   0.000482   0.000765  -70.069
  469447.44  5891473.59   1.059736   0.000480   0.000763  -70.098
  469446.44  5891473.95   1.059934   0.000478   0.000760  -70.127
  469445.45  5891474.31   1.060131   0.000476   0.000757  -70.156
  469444.45  5891474.67   1.060327   0.000474   0.000754  -70.185
  469443.45  5891475.03   1.060523   0.000472   0.000751  -70.214
  469442.45  5891475.39   1.060717   0.000470   0.000749  -70.243
  469441.45  5891475.74   1.060911   0.000469   0.000746  -70.271
  469440.45  5891476.10   1.061104   0.000467   0.000743  -70.300
  469439.46  5891476.46   1.061296   0.000465   0.000740  -70.328
  469438.46  5891476.82   1.061487   0.000463   0.000737  -70.356
  469437.46  5891477.17   1.061677   0.000461   0.000735  -70.384
  469436.46  5891477.53   1.061866   0.000459   0.000732  -70.412
  469435.45  5891477.88   1.062054   0.000457   0.000729  -70.440
  469434.45  5891478.24   1.062241   0.000455   0.000726  -70.468
  469433.45  5891478.59   1.062427   0.000453   0.000723  -70.496
  469432.45  5891478.95   1.062613   0.000451   0.000721  -70.523
  469431.45  5891479.30   1.062797   0.000449   0.000718  -70.551
  469430.45  5891479.66   1.062980   0.000447   0.000715  -70.578
  469429.44  5891480.01   1.063163   0.000446   0.000712  -70.606
  469428.44  5891480.36   1.063345   0.000444   0.000709  -70.633
  469427.44  5891480.71   1.063525   0.000442   0.000707  -70.660
  469426.43  5891481.07   1.063705   0.000440   0.000704  -70.687
  469425.43  5891481.42   1.063884   0.000438   0.000701  -70.713
  469424.42  5891481.77   1.064061   0.000436   0.000698  -70.740
  469423.42  5891482.12   1.064238   0.000434   0.000696  -70.767
  469422.41  5891482.47   1.064414   0.000432   0.000693  -70.793
  469421.41  5891482.82   1.064589   0.000430   0.000690  -70.820
  469420.40  5891483.17   1.064763   0.000429   0.000687  -70.846
  469419.40  5891483.52   1.064936   0.000427   0.000684  -70.872
  469418.39  5891483.86   1.065108   0.000425   0.000682  -70.898
  469417.38  5891484.21   1.065279   0.000423   0.000679  -70.924
  469416.38  5891484.56   1.065449   0.000421   0.000676  -70.950
  469415.37  5891484.91   1.065618   0.000419   0.000673  -70.975
  469414.36  5891485.26   1.065786   0.000417   0.000671  -71.001
  469413.35  5891485.60   1.065953   0.000416   0.000668  -71.027
  469412.35  5891485.95   1.066119   0.000414   0.000665  -71.052
  469411.34  5891486.29   1.066284   0.000412   0.000662  -71.077
  469410.33  5891486.64   1.066448   0.000410   0.000660  -71.102
  469409.32  5891486.98   1.066612   0.000408   0.000657  -71.127
  469408.31  5891487.33   1.066774   0.000406   0.000654  -71.152
  469407.30  5891487.67   1.066935   0.000405   0.000651  -71.177
  469406.29  5891488.02   1.067095   0.000403   0.000649  -71.202
  469405.28  5891488.36   1.067254   0.000401   0.000646  -71.227
  469404.27  5891488.70   1.067412   0.000399   0.000643  -71.251
  469403.26  5891489.05   1.067569   0.000397   0.000640  -71.276
  469402.25  5891489.39   1.067725   0.000396   0.000638  -71.300
  469401.23  5891489.73   1.067880   0.000394   0.000635  -71.324
  469400.22  5891490.07   1.068034   0.000392   0.000632  -71.348
  469399.21  5891490.41   1.068187   0.000390   0.000629  -71.372
  469398.20  5891490.75   1.068339   0.000388   0.000627  -71.396
  469397.19  5891491.09   1.068490   0.000386   0.000624  -71.420
  469396.17  5891491.43   1.068640   0.000385   0.000621  -71.443
  469395.16  5891491.77   1.068789   0.000383   0.000619  -71.467
  469394.15  5891492.11   1.068937   0.000381   0.000616  -71.490
  469393.13  5891492.45   1.069084   0.000379   0.000613  -71.514
  469392.12  5891492.79   1.069230   0.000378   0.000610  -71.537
  469391.10  5891493.13   1.069374   0.000376   0.000608  -71.560
  469390.09  5891493.47   1.069518   0.000374   0.000605  -71.583
  469389.07  5891493.80   1.069661   0.000372   0.000602  -71.606
  469388.06  5891494.14   1.069803   0.000370   0.000600  -71.629
  469387.04  5891494.48   1.069943   0.000369   0.000597  -71.652
  469386.03  5891494.81   1.070083   0.000367   0.000594  -71.674
  469385.01  5891495.15   1.070221   0.000365   0.000591  -71.697
  469384.00  5891495.49   1.070359   0.000363   0.000589  -71.719
  469382.98  5891495.82   1.070495   0.000362   0.000586  -71.741
  469381.96  5891496.16   1.070630   0.000360   0.000583  -71.763
  469380.94  5891496.49   1.070764   0.000358   0.000581  -71.786
  469379.93  5891496.83   1.070898   0.000356   0.000578  -71.808
  469378.91  5891497.16   1.071030   0.000355   0.000575  -71.829
  469377.89  5891497.49   1.071161   0.000353   0.000573  -71.851
  469376.87  5891497.83   1.071291   0.000351   0.000570  -71.873
  469375.86  5891498.16   1.071420   0.000349   0.000567  -71.894
  469374.84  5891498.49   1.071548   0.000348   0.000564  -71.916
  469373.82  5891498.82   1.071674   0.000346   0.000562  -71.937
  469372.80  5891499.16   1.071800   0.000344   0.000559  -71.958
  469371.78  5891499.49   1.071925   0.000342   0.000556  -71.980
  469370.76  5891499.82   1.072048   0.000341   0.000554  -72.001
  469369.74  5891500.15   1.072170   0.000339   0.000551  -72.021
  469368.72  5891500.48   1.072292   0.000337   0.000548  -72.042
  469367.70  5891500.81   1.072412   0.000335   0.000546  -72.063
  469366.68  5891501.14   1.072531   0.000334   0.000543  -72.084
  469365.66  5891501.47   1.072649   0.000332   0.000540  -72.104
  469364.64  5891501.80   1.072766   0.000330   0.000538  -72.125
  469363.62  5891502.13   1.072882   0.000329   0.000535  -72.145
  469362.60  5891502.46   1.072997   0.000327   0.000532  -72.165
  469361.57  5891502.79   1.073110   0.000325   0.000530  -72.185
  469360.55  5891503.11   1.073223   0.000323   0.000527  -72.205
  469359.53  5891503.44   1.073334   0.000322   0.000524  -72.225
  469358.51  5891503.77   1.073445   0.000320   0.000522  -72.245
  469357.49  5891504.10   1.073554   0.000318   0.000519  -72.264
  469356.46  5891504.42   1.073662   0.000317   0.000516  -72.284
  469355.44  5891504.75   1.073769   0.000315   0.000514  -72.304
  469354.42  5891505.07   1.073875   0.000313   0.000511  -72.323
  469353.39  5891505.40   1.073980   0.000312   0.000508  -72.342
  469352.37  5891505.73   1.074083   0.000310   0.000506  -72.361
  469351.35  5891506.05   1.074186   0.000308   0.000503  -72.380
  469350.32  5891506.38   1.074287   0.000307   0.000500  -72.399
  469349.30  5891506.70   1.074388   0.000305   0.000498  -72.418
  469348.27  5891507.02   1.074487   0.000303   0.000495  -72.437
  469347.25  5891507.35   1.074585   0.000301   0.000492  -72.456
  469346.22  5891507.67   1.074682   0.000300   0.000490  -72.474
  469345.20  5891508.00   1.074777   0.000298   0.000487  -72.493
  469344.17  5891508.32   1.074872   0.000296   0.000484  -72.511
  469343.15  5891508.64   1.074966   0.000295   0.000482  -72.529
  469342.12  5891508.96   1.075058   0.000293   0.000479  -72.547
  469341.10  5891509.29   1.075149   0.000291   0.000476  -72.566
  469340.07  5891509.61   1.075239   0.000290   0.000474  -72.584
  469339.05  5891509.93   1.075328   0.000288   0.000471  -72.601
  469338.02  5891510.25   1.075416   0.000286   0.000468  -72.619
  469336.99  5891510.57   1.075502   0.000285   0.000466  -72.637
  469335.97  5891510.89   1.075588   0.000283   0.000463  -72.654
  469334.94  5891511.21   1.075672   0.000281   0.000461  -72.672
  469333.91  5891511.53   1.075755   0.000280   0.000458  -72.689
  469332.89  5891511.85   1.075837   0.000278   0.000455  -72.706
  469331.86  5891512.17   1.075918   0.000277   0.000453  -72.723
  469330.83  5891512.49   1.075998   0.000275   0.000450  -72.741
  469329.80  5891512.81   1.076077   0.000273   0.000447  -72.757
  469328.78  5891513.13   1.076154   0.000272   0.000445  -72.774
  469327.75  5891513.45   1.076230   0.000270   0.000442  -72.791
  469326.72  5891513.77   1.076305   0.000268   0.000440  -72.808
  469325.69  5891514.08   1.076379   0.000267   0.000437  -72.824
  469324.66  5891514.40   1.076452   0.000265   0.000434  -72.841
  469323.63  5891514.72   1.076524   0.000263   0.000432  -72.857
  469322.60  5891515.03   1.076594   0.000262   0.000429  -72.873
  469321.58  5891515.35   1.076663   0.000260   0.000426  -72.889
  469320.55  5891515.67   1.076731   0.000258   0.000424  -72.905
  469319.52  5891515.98   1.076798   0.000257   0.000421  -72.921
  469318.49  5891516.30   1.076864   0.000255   0.000419  -72.937
  469317.46  5891516.62   1.076928   0.000254   0.000416  -72.953
  469316.43  5891516.93   1.076992   0.000252   0.000413  -72.969
  469315.40  5891517.25   1.077054   0.000250   0.000411  -72.984
  469314.37  5891517.56   1.077115   0.000249   0.000408  -73.000
  469313.34  5891517.88   1.077175   0.000247   0.000405  -73.015
  469312.31  5891518.19   1.077233   0.000245   0.000403  -73.030
  469311.28  5891518.50   1.077291   0.000244   0.000400  -73.045
  469310.25  5891518.82   1.077347   0.000242   0.000398  -73.060
  469309.22  5891519.13   1.077402   0.000241   0.000395  -73.075
  469308.19  5891519.45   1.077456   0.000239   0.000392  -73.090
  469307.15  5891519.76   1.077509   0.000237   0.000390  -73.105
  469306.12  5891520.07   1.077560   0.000236   0.000387  -73.120
  469305.09  5891520.38   1.077610   0.000234   0.000385  -73.134
  469304.06  5891520.70   1.077659   0.000233   0.000382  -73.149
  469303.03  5891521.01   1.077707   0.000231   0.000379  -73.163
  469302.00  5891521.32   1.077754   0.000229   0.000377  -73.177
  469300.97  5891521.63   1.077799   0.000228   0.000374  -73.191
  469299.93  5891521.94   1.077844   0.000226   0.000372  -73.206
  469298.90  5891522.26   1.077887   0.000225   0.000369  -73.220
  469297.87  5891522.57   1.077929   0.000223   0.000366  -73.233
  469296.84  5891522.88   1.077969   0.000221   0.000364  -73.247
  469295.81  5891523.19   1.078009   0.000220   0.000361  -73.261
  469294.77  5891523.50   1.078047   0.000218   0.000359  -73.274
  469293.74  5891523.81   1.078084   0.000217   0.000356  -73.288
  469292.71  5891524.12   1.078120   0.000215   0.000353  -73.301
  469291.68  5891524.43   1.078154   0.000213   0.000351  -73.315
  469290.64  5891524.74   1.078188   0.000212   0.000348  -73.328
  469289.61  5891525.05   1.078220   0.000210   0.000346  -73.341
  469288.58  5891525.35   1.078251   0.000209   0.000343  -73.354
  469287.54  5891525.66   1.078281   0.000207   0.000340  -73.367
  469286.51  5891525.97   1.078309   0.000205   0.000338  -73.379
  469285.48  5891526.28   1.078337   0.000204   0.000335  -73.392
  469284.44  5891526.59   1.078363   0.000202   0.000333  -73.405
  469283.41  5891526.90   1.078388   0.000201   0.000330  -73.417
  469282.38  5891527.20   1.078411   0.000199   0.000328  -73.430
  469281.34  5891527.51   1.078434   0.000198   0.000325  -73.442
  469280.31  5891527.82   1.078455   0.000196   0.000322  -73.454
  469279.27  5891528.12   1.078475   0.000194   0.000320  -73.466
  469278.24  5891528.43   1.078494   0.000193   0.000317  -73.478
  469277.21  5891528.74   1.078511   0.000191   0.000315  -73.490
  469276.17  5891529.04   1.078527   0.000190   0.000312  -73.502
  469275.14  5891529.35   1.078542   0.000188   0.000309  -73.514
  469274.10  5891529.66   1.078556   0.000187   0.000307  -73.525
  469273.07  5891529.96   1.078569   0.000185   0.000304  -73.537
  469272.04  5891530.27   1.078580   0.000183   0.000302  -73.548
  469271.00  5891530.57   1.078590   0.000182   0.000299  -73.560
  469269.97  5891530.88   1.078599   0.000180   0.000297  -73.571
  469268.93  5891531.18   1.078607   0.000179   0.000294  -73.582
  469267.90  5891531.49   1.078613   0.000178   0.000292  -73.593
  469266.86  5891531.79   1.078618   0.000177   0.000291  -73.604
  469265.83  5891532.10   1.078621   0.000174   0.000286  -73.615
  469264.79  5891532.40   1.078624   0.000170   0.000280  -73.626
  469263.76  5891532.70   1.078627   0.000167   0.000274  -73.636
  469262.72  5891533.01   1.078630   0.000163   0.000268  -73.647
  469261.69  5891533.31   1.078632   0.000159   0.000262  -73.657
  469260.65  5891533.61   1.078634   0.000156   0.000256  -73.667
  469259.62  5891533.92   1.078636   0.000152   0.000250  -73.676
  469258.58  5891534.22   1.078637   0.000149   0.000244  -73.686
  469257.55  5891534.52   1.078638   0.000145   0.000238  -73.695
  469256.51  5891534.83   1.078639   0.000141   0.000232  -73.704
  469255.48  5891535.13   1.078640   0.000138   0.000226  -73.712
  469254.44  5891535.43   1.078640   0.000134   0.000220  -73.721
  469253.41  5891535.73   1.078640   0.000130   0.000215  -73.729
  469252.37  5891536.03   1.078639   0.000127   0.000209  -73.737
  469251.33  5891536.34   1.078638   0.000123   0.000203  -73.745
  469250.30  5891536.64   1.078637   0.000119   0.000197  -73.753
  469249.26  5891536.94   1.078636   0.000116   0.000191  -73.760
  469248.23  5891537.24   1.078634   0.000112   0.000185  -73.767
  469247.19  5891537.54   1.078632   0.000109   0.000179  -73.774
  469246.16  5891537.84   1.078630   0.000105   0.000173  -73.781
  469245.12  5891538.15   1.078627   0.000101   0.000167  -73.787
  469244.08  5891538.45   1.078624   0.000098   0.000161  -73.794
  469243.05  5891538.75   1.078621   0.000094   0.000155  -73.800
  469242.01  5891539.05   1.078617   0.000090   0.000149  -73.806
  469240.98  5891539.35   1.078613   0.000087   0.000143  -73.811
  469239.94  5891539.65   1.078609   0.000083   0.000137  -73.816
  469238.91  5891539.95   1.078604   0.000080   0.000131  -73.822
  469237.87  5891540.25   1.078599   0.000076   0.000125  -73.827
  469236.83  5891540.55   1.078594   0.000072   0.000119  -73.831
  469235.80  5891540.85   1.078588   0.000068   0.000112  -73.836
  469234.76  5891541.15   1.078582   0.000064   0.000105  -73.840
  469233.73  5891541.45   1.078575   0.000061   0.000101  -73.844
  469232.69  5891541.75   1.078569   0.000060   0.000098  -73.848
  469231.65  5891542.05   1.078563   0.000058   0.000096  -73.851
  469230.62  5891542.35   1.078557   0.000057   0.000093  -73.855
  469229.58  5891542.65   1.078551   0.000055   0.000091  -73.858
  469228.55  5891542.95   1.078545   0.000054   0.000088  -73.862
  469227.51  5891543.25   1.078539   0.000052   0.000086  -73.865
  469226.47  5891543.55   1.078534   0.000051   0.000083  -73.868
  469225.44  5891543.85   1.078529   0.000049   0.000081  -73.871
  469224.40  5891544.15   1.078524   0.000048   0.000078  -73.875
  469223.37  5891544.45   1.078519   0.000046   0.000076  -73.877
  469222.33  5891544.75   1.078514   0.000044   0.000073  -73.880
  469221.29  5891545.05   1.078509   0.000043   0.000071  -73.883
  469220.26  5891545.35   1.078505   0.000041   0.000068  -73.886
  469219.22  5891545.65   1.078501   0.000040   0.000066  -73.888
  469218.18  5891545.95   1.078496   0.000038   0.000063  -73.891
  469217.15  5891546.24   1.078493   0.000037   0.000061  -73.893
  469216.11  5891546.54   1.078489   0.000035   0.000058  -73.895
  469215.08  5891546.84   1.078485   0.000034   0.000056  -73.898
  469214.04  5891547.14   1.078482   0.000032   0.000053  -73.900
  469213.00  5891547.44   1.078478   0.000031   0.000050  -73.902
  469211.97  5891547.74   1.078475   0.000029   0.000048  -73.904
  469210.93  5891548.04   1.078472   0.000028   0.000045  -73.905
  469209.90  5891548.34   1.078469   0.000026   0.000043  -73.907
  469208.86  5891548.64   1.078467   0.000025   0.000040  -73.909
  469207.82  5891548.94   1.078464   0.000023   0.000038  -73.910
  469206.79  5891549.23   1.078462   0.000021   0.000035  -73.912
  469205.75  5891549.53   1.078460   0.000020   0.000033  -73.913
  469204.71  5891549.83   1.078458   0.000018   0.000030  -73.914
  469203.68  5891550.13   1.078456   0.000017   0.000028  -73.915
  469202.64  5891550.43   1.078454   0.000015   0.000025  -73.916
  469201.61  5891550.73   1.078453   0.000014   0.000023  -73.917
  469200.57  5891551.03   1.078451   0.000012   0.000020  -73.918
  469199.53  5891551.33   1.078450   0.000011   0.000018  -73.919
  469198.50  5891551.62   1.078449   0.000009   0.000015  -73.920
  469197.46  5891551.92   1.078448   0.000008   0.000013  -73.920
  469196.42  5891552.22   1.078448   0.000006   0.000010  -73.921
  469195.39  5891552.52   1.078447   0.000005   0.000008  -73.921
  469194.35  5891552.82   1.078447   0.000003   0.000004  -73.921
  469193.32  5891553.12   1.078447   0.000002   0.000003  -73.921
