  471441.01  5889783.50   1.371045   0.000001   0.000003    0.000
  471441.80  5889782.38   1.372187   0.000002   0.000006  144.624
  471442.59  5889781.27   1.374468   0.000005   0.000013  144.624
  471443.39  5889780.14   1.376746   0.000007   0.000019  144.624
  471444.19  5889779.02   1.379019   0.000009   0.000025  144.625
  471444.99  5889777.89   1.381289   0.000012   0.000031  144.626
  471445.79  5889776.77   1.383555   0.000014   0.000038  144.627
  471446.59  5889775.64   1.385817   0.000016   0.000044  144.628
  471447.39  5889774.51   1.388075   0.000018   0.000050  144.629
  471448.20  5889773.37   1.390330   0.000021   0.000056  144.630
  471449.00  5889772.24   1.392580   0.000023   0.000063  144.632
  471449.81  5889771.10   1.394827   0.000025   0.000069  144.634
  471450.62  5889769.96   1.397070   0.000027   0.000075  144.636
  471451.43  5889768.82   1.399309   0.000029   0.000081  144.638
  471452.24  5889767.68   1.401544   0.000031   0.000087  144.640
  471453.05  5889766.54   1.403775   0.000034   0.000093  144.643
  471453.86  5889765.39   1.406002   0.000036   0.000100  144.646
  471454.67  5889764.25   1.408226   0.000038   0.000106  144.648
  471455.49  5889763.10   1.410445   0.000040   0.000112  144.652
  471456.31  5889761.94   1.412661   0.000042   0.000118  144.655
  471457.12  5889760.79   1.414873   0.000044   0.000124  144.658
  471457.94  5889759.64   1.417081   0.000046   0.000130  144.662
  471458.76  5889758.48   1.419285   0.000048   0.000136  144.665
  471459.58  5889757.32   1.421486   0.000050   0.000142  144.669
  471460.41  5889756.16   1.423683   0.000052   0.000148  144.673
  471461.23  5889755.00   1.425875   0.000054   0.000155  144.678
  471462.06  5889753.83   1.428062   0.000056   0.000162  144.682
  471462.88  5889752.67   1.430245   0.000058   0.000168  144.687
  471463.71  5889751.50   1.432423   0.000060   0.000175  144.691
  471464.54  5889750.33   1.434597   0.000062   0.000181  144.696
  471465.37  5889749.16   1.436766   0.000064   0.000188  144.701
  471466.20  5889747.98   1.438930   0.000066   0.000195  144.707
  471467.03  5889746.81   1.441089   0.000069   0.000201  144.712
  471467.86  5889745.63   1.443244   0.000071   0.000208  144.718
  471468.70  5889744.45   1.445394   0.000073   0.000214  144.724
  471469.53  5889743.27   1.447540   0.000075   0.000221  144.730
  471470.37  5889742.09   1.449681   0.000077   0.000227  144.736
  471471.21  5889740.90   1.451817   0.000078   0.000234  144.742
  471472.04  5889739.72   1.453949   0.000080   0.000240  144.749
  471472.88  5889738.53   1.456076   0.000082   0.000247  144.755
  471473.73  5889737.34   1.458198   0.000084   0.000253  144.762
  471474.57  5889736.15   1.460316   0.000086   0.000260  144.769
  471475.41  5889734.95   1.462429   0.000088   0.000266  144.777
  471476.25  5889733.76   1.464537   0.000090   0.000273  144.784
  471477.10  5889732.56   1.466641   0.000092   0.000279  144.791
  471477.94  5889731.36   1.468740   0.000094   0.000286  144.799
  471478.79  5889730.16   1.470834   0.000096   0.000292  144.807
  471479.64  5889728.96   1.472924   0.000097   0.000299  144.815
  471480.49  5889727.75   1.475009   0.000099   0.000305  144.823
  471481.34  5889726.54   1.477090   0.000101   0.000312  144.832
  471482.19  5889725.34   1.479166   0.000103   0.000318  144.840
  471483.04  5889724.13   1.481237   0.000105   0.000325  144.849
  471483.90  5889722.91   1.483303   0.000106   0.000331  144.858
  471484.75  5889721.70   1.485365   0.000108   0.000337  144.867
  471485.61  5889720.48   1.487423   0.000110   0.000344  144.876
  471486.46  5889719.27   1.489476   0.000112   0.000350  144.886
  471487.32  5889718.05   1.491524   0.000113   0.000357  144.895
  471488.18  5889716.83   1.493567   0.000115   0.000363  144.905
  471489.04  5889715.60   1.495606   0.000117   0.000369  144.915
  471489.90  5889714.38   1.497641   0.000118   0.000376  144.925
  471490.76  5889713.15   1.499670   0.000120   0.000382  144.935
  471491.62  5889711.92   1.501695   0.000122   0.000389  144.945
  471492.48  5889710.69   1.503716   0.000124   0.000395  144.956
  471493.35  5889709.46   1.505732   0.000125   0.000401  144.966
  471494.21  5889708.23   1.507743   0.000127   0.000408  144.977
  471495.08  5889706.99   1.509750   0.000128   0.000414  144.988
  471495.94  5889705.75   1.511752   0.000130   0.000420  144.999
  471496.81  5889704.51   1.513749   0.000132   0.000427  145.010
  471497.68  5889703.27   1.515742   0.000133   0.000433  145.022
  471498.55  5889702.03   1.517731   0.000135   0.000439  145.033
  471499.42  5889700.79   1.519714   0.000136   0.000446  145.045
  471500.29  5889699.54   1.521694   0.000138   0.000452  145.057
  471501.16  5889698.29   1.523668   0.000140   0.000458  145.069
  471502.03  5889697.04   1.525638   0.000141   0.000465  145.081
  471502.91  5889695.79   1.527604   0.000143   0.000471  145.094
  471503.78  5889694.53   1.529565   0.000144   0.000477  145.106
  471504.66  5889693.28   1.531521   0.000146   0.000484  145.119
  471505.53  5889692.02   1.533473   0.000147   0.000490  145.131
  471506.41  5889690.76   1.535420   0.000149   0.000496  145.144
  471507.29  5889689.50   1.537363   0.000150   0.000502  145.157
  471508.17  5889688.24   1.539301   0.000152   0.000509  145.171
  471509.05  5889686.97   1.541234   0.000153   0.000515  145.184
  471509.93  5889685.71   1.543163   0.000155   0.000521  145.198
  471510.81  5889684.44   1.545088   0.000156   0.000528  145.211
  471511.69  5889683.17   1.547008   0.000158   0.000534  145.225
  471512.57  5889681.90   1.548923   0.000159   0.000540  145.239
  471513.45  5889680.62   1.550834   0.000161   0.000546  145.253
  471514.34  5889679.35   1.552740   0.000162   0.000553  145.268
  471515.22  5889678.07   1.554642   0.000163   0.000559  145.282
  471516.11  5889676.79   1.556539   0.000165   0.000565  145.296
  471517.00  5889675.51   1.558432   0.000166   0.000571  145.311
  471517.88  5889674.23   1.560320   0.000168   0.000578  145.326
  471518.77  5889672.95   1.562204   0.000169   0.000584  145.341
  471519.66  5889671.66   1.564083   0.000171   0.000590  145.356
  471520.55  5889670.37   1.565958   0.000172   0.000596  145.371
  471521.44  5889669.08   1.567828   0.000173   0.000602  145.387
  471522.33  5889667.79   1.569693   0.000175   0.000609  145.402
  471523.22  5889666.50   1.571555   0.000176   0.000615  145.418
  471524.11  5889665.20   1.573411   0.000177   0.000621  145.434
  471525.01  5889663.91   1.575264   0.000179   0.000627  145.450
  471525.90  5889662.61   1.577111   0.000180   0.000634  145.466
  471526.79  5889661.31   1.578954   0.000181   0.000640  145.482
  471527.69  5889660.01   1.580793   0.000183   0.000646  145.499
  471528.58  5889658.70   1.582628   0.000184   0.000652  145.515
  471529.48  5889657.40   1.584457   0.000185   0.000658  145.532
  471530.38  5889656.09   1.586283   0.000187   0.000665  145.549
  471531.27  5889654.78   1.588104   0.000188   0.000671  145.566
  471532.17  5889653.47   1.589920   0.000189   0.000677  145.583
  471533.07  5889652.16   1.591732   0.000191   0.000683  145.600
  471533.97  5889650.84   1.593539   0.000192   0.000689  145.618
  471534.87  5889649.53   1.595343   0.000193   0.000696  145.635
  471535.77  5889648.21   1.597141   0.000195   0.000702  145.653
  471536.67  5889646.89   1.598935   0.000196   0.000708  145.671
  471537.57  5889645.57   1.600725   0.000197   0.000714  145.689
  471538.48  5889644.24   1.602510   0.000198   0.000720  145.707
  471539.38  5889642.92   1.604291   0.000200   0.000726  145.725
  471540.28  5889641.59   1.606068   0.000201   0.000733  145.743
  471541.19  5889640.26   1.607840   0.000202   0.000739  145.762
  471542.09  5889638.93   1.609607   0.000203   0.000745  145.780
  471543.00  5889637.60   1.611371   0.000205   0.000751  145.799
  471543.90  5889636.27   1.613130   0.000206   0.000757  145.818
  471544.81  5889634.93   1.614884   0.000207   0.000763  145.837
  471545.72  5889633.60   1.616634   0.000208   0.000770  145.856
  471546.62  5889632.26   1.618380   0.000209   0.000776  145.875
  471547.53  5889630.92   1.620121   0.000211   0.000782  145.895
  471548.44  5889629.57   1.621858   0.000212   0.000788  145.914
  471549.35  5889628.23   1.623590   0.000213   0.000794  145.934
  471550.26  5889626.88   1.625318   0.000214   0.000800  145.954
  471551.17  5889625.53   1.627042   0.000215   0.000807  145.974
  471552.08  5889624.19   1.628761   0.000217   0.000813  145.994
  471552.99  5889622.83   1.630476   0.000218   0.000819  146.014
  471553.90  5889621.48   1.632187   0.000219   0.000825  146.035
  471554.81  5889620.13   1.633893   0.000220   0.000831  146.055
  471555.73  5889618.77   1.635596   0.000221   0.000837  146.076
  471556.64  5889617.41   1.637294   0.000223   0.000844  146.096
  471557.55  5889616.05   1.638987   0.000224   0.000851  146.117
  471558.47  5889614.69   1.640675   0.000225   0.000858  146.138
  471559.38  5889613.33   1.642357   0.000227   0.000865  146.159
  471560.29  5889611.96   1.644035   0.000228   0.000872  146.181
  471561.21  5889610.59   1.645708   0.000229   0.000878  146.202
  471562.12  5889609.23   1.647376   0.000231   0.000885  146.224
  471563.04  5889607.86   1.649039   0.000232   0.000892  146.246
  471563.96  5889606.48   1.650696   0.000233   0.000899  146.268
  471564.87  5889605.11   1.652349   0.000235   0.000906  146.290
  471565.79  5889603.73   1.653997   0.000236   0.000913  146.312
  471566.71  5889602.36   1.655640   0.000237   0.000920  146.334
  471567.62  5889600.98   1.657277   0.000239   0.000927  146.357
  471568.54  5889599.60   1.658910   0.000240   0.000934  146.379
  471569.46  5889598.21   1.660538   0.000241   0.000941  146.402
  471570.38  5889596.83   1.662161   0.000243   0.000948  146.425
  471571.30  5889595.44   1.663779   0.000244   0.000955  146.448
  471572.22  5889594.06   1.665392   0.000245   0.000962  146.472
  471573.14  5889592.67   1.667000   0.000247   0.000969  146.495
  471574.06  5889591.28   1.668603   0.000248   0.000976  146.519
  471574.98  5889589.88   1.670201   0.000249   0.000983  146.542
  471575.90  5889588.49   1.671794   0.000251   0.000990  146.566
  471576.82  5889587.09   1.673382   0.000252   0.000997  146.590
  471577.74  5889585.70   1.674966   0.000253   0.001004  146.614
  471578.66  5889584.30   1.676544   0.000254   0.001011  146.639
  471579.59  5889582.89   1.678117   0.000256   0.001018  146.663
  471580.51  5889581.49   1.679686   0.000257   0.001025  146.688
  471581.43  5889580.09   1.681250   0.000258   0.001032  146.712
  471582.35  5889578.68   1.682809   0.000259   0.001039  146.737
  471583.27  5889577.27   1.684363   0.000261   0.001046  146.762
  471584.20  5889575.86   1.685912   0.000262   0.001053  146.787
  471585.12  5889574.45   1.687456   0.000263   0.001059  146.813
  471586.04  5889573.04   1.688993   0.000264   0.001065  146.838
  471586.97  5889571.62   1.690526   0.000266   0.001074  146.864
  471587.89  5889570.21   1.692057   0.000268   0.001085  146.889
  471588.82  5889568.79   1.693588   0.000270   0.001097  146.915
  471589.74  5889567.37   1.695118   0.000273   0.001108  146.942
  471590.66  5889565.95   1.696647   0.000275   0.001119  146.968
  471591.59  5889564.52   1.698174   0.000277   0.001130  146.995
  471592.51  5889563.10   1.699701   0.000279   0.001142  147.022
  471593.44  5889561.67   1.701228   0.000282   0.001153  147.049
  471594.36  5889560.24   1.702753   0.000284   0.001164  147.076
  471595.29  5889558.81   1.704277   0.000286   0.001175  147.104
  471596.21  5889557.38   1.705801   0.000288   0.001187  147.132
  471597.14  5889555.94   1.707324   0.000291   0.001198  147.160
  471598.07  5889554.51   1.708845   0.000293   0.001209  147.189
  471598.99  5889553.07   1.710367   0.000295   0.001220  147.217
  471599.92  5889551.63   1.711887   0.000297   0.001231  147.246
  471600.84  5889550.19   1.713406   0.000299   0.001243  147.275
  471601.77  5889548.75   1.714925   0.000301   0.001254  147.305
  471602.70  5889547.31   1.716443   0.000304   0.001265  147.334
  471603.62  5889545.86   1.717960   0.000306   0.001276  147.364
  471604.55  5889544.41   1.719477   0.000308   0.001287  147.394
  471605.47  5889542.96   1.720993   0.000310   0.001298  147.425
  471606.40  5889541.51   1.722508   0.000312   0.001310  147.455
  471607.33  5889540.06   1.724022   0.000314   0.001321  147.486
  471608.25  5889538.60   1.725536   0.000316   0.001332  147.517
  471609.18  5889537.15   1.727049   0.000318   0.001343  147.548
  471610.10  5889535.69   1.728561   0.000320   0.001354  147.580
  471611.03  5889534.23   1.730073   0.000323   0.001365  147.612
  471611.96  5889532.76   1.731584   0.000325   0.001376  147.644
  471612.88  5889531.30   1.733094   0.000327   0.001387  147.676
  471613.81  5889529.83   1.734604   0.000329   0.001398  147.708
  471614.74  5889528.37   1.736113   0.000331   0.001410  147.741
  471615.66  5889526.90   1.737622   0.000333   0.001421  147.774
  471616.59  5889525.43   1.739130   0.000335   0.001432  147.807
  471617.51  5889523.95   1.740637   0.000337   0.001443  147.840
  471618.44  5889522.48   1.742144   0.000339   0.001454  147.874
  471619.37  5889521.00   1.743651   0.000341   0.001465  147.908
  471620.29  5889519.52   1.745157   0.000343   0.001476  147.942
  471621.22  5889518.04   1.746662   0.000345   0.001487  147.976
  471622.14  5889516.56   1.748167   0.000347   0.001498  148.010
  471623.07  5889515.08   1.749672   0.000349   0.001509  148.045
  471624.00  5889513.59   1.751176   0.000350   0.001520  148.080
  471624.92  5889512.10   1.752679   0.000352   0.001531  148.115
  471625.85  5889510.62   1.754182   0.000354   0.001542  148.151
  471626.77  5889509.12   1.755685   0.000356   0.001553  148.186
  471627.70  5889507.63   1.757187   0.000358   0.001564  148.222
  471628.62  5889506.14   1.758689   0.000360   0.001575  148.258
  471629.55  5889504.64   1.760191   0.000362   0.001586  148.294
  471630.47  5889503.14   1.761692   0.000364   0.001597  148.331
  471631.39  5889501.64   1.763193   0.000366   0.001608  148.368
  471632.32  5889500.14   1.764694   0.000368   0.001619  148.405
  471633.24  5889498.63   1.766194   0.000369   0.001629  148.442
  471634.17  5889497.13   1.767694   0.000371   0.001640  148.479
  471635.09  5889495.62   1.769194   0.000373   0.001651  148.517
  471636.01  5889494.11   1.770693   0.000375   0.001662  148.554
  471636.94  5889492.60   1.772192   0.000377   0.001673  148.592
  471637.86  5889491.08   1.773691   0.000379   0.001684  148.631
  471638.78  5889489.57   1.775190   0.000380   0.001695  148.669
  471639.70  5889488.05   1.776688   0.000382   0.001706  148.708
  471640.63  5889486.53   1.778187   0.000384   0.001717  148.747
  471641.55  5889485.01   1.779685   0.000386   0.001728  148.786
  471642.47  5889483.49   1.781183   0.000387   0.001738  148.825
  471643.39  5889481.96   1.782680   0.000389   0.001749  148.865
  471644.31  5889480.43   1.784178   0.000391   0.001760  148.905
  471645.23  5889478.90   1.785676   0.000393   0.001771  148.944
  471646.15  5889477.37   1.787173   0.000394   0.001782  148.985
  471647.07  5889475.84   1.788671   0.000396   0.001793  149.025
  471647.99  5889474.31   1.790168   0.000398   0.001803  149.066
  471648.91  5889472.77   1.791665   0.000400   0.001814  149.106
  471649.83  5889471.23   1.793163   0.000401   0.001825  149.148
  471650.75  5889469.69   1.794660   0.000403   0.001836  149.189
  471651.67  5889468.15   1.796157   0.000405   0.001847  149.230
  471652.59  5889466.60   1.797655   0.000406   0.001857  149.272
  471653.51  5889465.05   1.799152   0.000408   0.001868  149.314
  471654.42  5889463.51   1.800649   0.000410   0.001879  149.356
  471655.34  5889461.96   1.802147   0.000411   0.001890  149.398
  471656.26  5889460.40   1.803645   0.000413   0.001901  149.441
  471657.17  5889458.85   1.805142   0.000415   0.001911  149.483
  471658.09  5889457.29   1.806640   0.000416   0.001922  149.526
  471659.00  5889455.73   1.808138   0.000418   0.001933  149.569
  471659.92  5889454.17   1.809636   0.000420   0.001944  149.613
  471660.83  5889452.61   1.811134   0.000421   0.001954  149.656
  471661.75  5889451.05   1.812633   0.000423   0.001965  149.700
  471662.66  5889449.48   1.814132   0.000424   0.001976  149.744
  471663.58  5889447.91   1.815630   0.000426   0.001986  149.788
  471664.49  5889446.34   1.817130   0.000428   0.001997  149.832
  471665.40  5889444.77   1.818629   0.000429   0.002008  149.877
  471666.31  5889443.20   1.820129   0.000431   0.002019  149.921
  471667.22  5889441.62   1.821629   0.000432   0.002029  149.966
  471668.13  5889440.04   1.823129   0.000434   0.002040  150.011
  471669.05  5889438.46   1.824630   0.000436   0.002051  150.057
  471669.95  5889436.88   1.826131   0.000437   0.002061  150.102
  471670.86  5889435.29   1.827632   0.000439   0.002072  150.148
  471671.77  5889433.71   1.829134   0.000440   0.002083  150.194
  471672.68  5889432.12   1.830636   0.000442   0.002093  150.240
  471673.59  5889430.53   1.832139   0.000443   0.002104  150.286
  471674.50  5889428.93   1.833642   0.000445   0.002114  150.333
  471675.40  5889427.34   1.835145   0.000446   0.002125  150.380
  471676.31  5889425.74   1.836649   0.000448   0.002136  150.427
  471677.21  5889424.14   1.838153   0.000449   0.002146  150.474
  471678.12  5889422.54   1.839658   0.000451   0.002157  150.521
  471679.02  5889420.94   1.841164   0.000452   0.002167  150.568
  471679.93  5889419.34   1.842670   0.000454   0.002178  150.616
  471680.83  5889417.73   1.844177   0.000455   0.002188  150.664
  471681.73  5889416.12   1.845685   0.000456   0.002197  150.712
  471682.64  5889414.51   1.847193   0.000458   0.002210  150.760
  471683.54  5889412.90   1.848701   0.000460   0.002224  150.809
  471684.44  5889411.28   1.850208   0.000462   0.002238  150.858
  471685.34  5889409.66   1.851713   0.000464   0.002252  150.907
  471686.24  5889408.04   1.853217   0.000467   0.002266  150.956
  471687.14  5889406.42   1.854721   0.000469   0.002280  151.005
  471688.03  5889404.80   1.856223   0.000471   0.002294  151.055
  471688.93  5889403.17   1.857724   0.000473   0.002309  151.105
  471689.83  5889401.54   1.859225   0.000475   0.002323  151.156
  471690.72  5889399.91   1.860724   0.000477   0.002337  151.206
  471691.62  5889398.28   1.862222   0.000479   0.002351  151.257
  471692.51  5889396.65   1.863720   0.000481   0.002365  151.308
  471693.41  5889395.01   1.865217   0.000484   0.002379  151.360
  471694.30  5889393.37   1.866713   0.000486   0.002393  151.411
  471695.19  5889391.73   1.868208   0.000488   0.002407  151.463
  471696.08  5889390.09   1.869703   0.000490   0.002421  151.515
  471696.97  5889388.44   1.871196   0.000492   0.002435  151.568
  471697.86  5889386.80   1.872689   0.000494   0.002449  151.621
  471698.75  5889385.15   1.874182   0.000496   0.002463  151.674
  471699.64  5889383.50   1.875673   0.000498   0.002477  151.727
  471700.53  5889381.84   1.877164   0.000500   0.002491  151.780
  471701.41  5889380.19   1.878655   0.000502   0.002505  151.834
  471702.30  5889378.53   1.880145   0.000504   0.002519  151.888
  471703.18  5889376.87   1.881634   0.000506   0.002533  151.942
  471704.07  5889375.21   1.883123   0.000508   0.002547  151.997
  471704.95  5889373.54   1.884611   0.000510   0.002561  152.052
  471705.83  5889371.88   1.886099   0.000512   0.002575  152.107
  471706.71  5889370.21   1.887586   0.000514   0.002589  152.162
  471707.59  5889368.54   1.889073   0.000516   0.002603  152.218
  471708.47  5889366.87   1.890560   0.000518   0.002617  152.274
  471709.35  5889365.19   1.892046   0.000520   0.002631  152.330
  471710.23  5889363.51   1.893532   0.000522   0.002645  152.386
  471711.11  5889361.83   1.895018   0.000524   0.002659  152.443
  471711.98  5889360.15   1.896503   0.000526   0.002673  152.499
  471712.85  5889358.47   1.897988   0.000527   0.002687  152.557
  471713.73  5889356.78   1.899473   0.000529   0.002701  152.614
  471714.60  5889355.10   1.900958   0.000531   0.002715  152.672
  471715.47  5889353.41   1.902443   0.000533   0.002729  152.729
  471716.34  5889351.71   1.903928   0.000535   0.002743  152.787
  471717.21  5889350.02   1.905412   0.000537   0.002757  152.846
  471718.08  5889348.32   1.906896   0.000539   0.002770  152.904
  471718.95  5889346.62   1.908381   0.000541   0.002784  152.963
  471719.81  5889344.92   1.909865   0.000542   0.002798  153.022
  471720.68  5889343.22   1.911350   0.000544   0.002812  153.082
  471721.54  5889341.51   1.912834   0.000546   0.002826  153.141
  471722.40  5889339.80   1.914319   0.000548   0.002840  153.201
  471723.27  5889338.09   1.915804   0.000550   0.002854  153.261
  471724.13  5889336.38   1.917289   0.000552   0.002868  153.322
  471724.99  5889334.67   1.918774   0.000553   0.002881  153.382
  471725.84  5889332.95   1.920259   0.000555   0.002895  153.443
  471726.70  5889331.23   1.921745   0.000557   0.002909  153.504
  471727.56  5889329.51   1.923231   0.000559   0.002923  153.566
  471728.41  5889327.78   1.924717   0.000561   0.002937  153.627
  471729.27  5889326.06   1.926204   0.000562   0.002951  153.689
  471730.12  5889324.33   1.927691   0.000564   0.002964  153.751
  471730.97  5889322.60   1.929178   0.000566   0.002978  153.813
  471731.82  5889320.87   1.930666   0.000568   0.002992  153.876
  471732.67  5889319.13   1.932155   0.000569   0.003006  153.939
  471733.51  5889317.39   1.933644   0.000571   0.003020  154.002
  471734.36  5889315.65   1.935133   0.000573   0.003033  154.065
  471735.20  5889313.91   1.936623   0.000575   0.003047  154.128
  471736.05  5889312.17   1.938114   0.000576   0.003061  154.192
  471736.89  5889310.42   1.939605   0.000578   0.003075  154.256
  471737.73  5889308.67   1.941097   0.000580   0.003088  154.320
  471738.57  5889306.92   1.942589   0.000581   0.003102  154.385
  471739.41  5889305.17   1.944083   0.000583   0.003116  154.450
  471740.25  5889303.41   1.945577   0.000585   0.003130  154.515
  471741.08  5889301.66   1.947072   0.000586   0.003143  154.580
  471741.92  5889299.90   1.948568   0.000588   0.003157  154.645
  471742.75  5889298.13   1.950064   0.000590   0.003171  154.711
  471743.58  5889296.37   1.951562   0.000591   0.003185  154.777
  471744.41  5889294.60   1.953060   0.000593   0.003198  154.843
  471745.24  5889292.83   1.954560   0.000594   0.003212  154.909
  471746.06  5889291.06   1.956060   0.000596   0.003226  154.976
  471746.89  5889289.29   1.957562   0.000598   0.003239  155.042
  471747.71  5889287.51   1.959064   0.000599   0.003253  155.109
  471748.54  5889285.73   1.960568   0.000601   0.003267  155.177
  471749.36  5889283.95   1.962073   0.000603   0.003280  155.244
  471750.18  5889282.17   1.963579   0.000604   0.003294  155.312
  471751.00  5889280.38   1.965086   0.000606   0.003307  155.380
  471751.81  5889278.59   1.966595   0.000607   0.003321  155.448
  471752.63  5889276.80   1.968104   0.000609   0.003335  155.517
  471753.44  5889275.01   1.969616   0.000610   0.003348  155.585
  471754.26  5889273.21   1.971128   0.000612   0.003362  155.654
  471755.07  5889271.42   1.972642   0.000613   0.003376  155.723
  471755.88  5889269.62   1.974157   0.000615   0.003389  155.793
  471756.68  5889267.81   1.975674   0.000616   0.003403  155.862
  471757.49  5889266.01   1.977192   0.000618   0.003416  155.932
  471758.29  5889264.20   1.978712   0.000619   0.003430  156.002
  471759.10  5889262.39   1.980233   0.000621   0.003443  156.072
  471759.90  5889260.58   1.981756   0.000622   0.003457  156.143
  471760.70  5889258.77   1.983280   0.000624   0.003470  156.213
  471761.49  5889256.95   1.984806   0.000625   0.003484  156.284
  471762.29  5889255.13   1.986334   0.000627   0.003497  156.355
  471763.09  5889253.31   1.987864   0.000628   0.003511  156.427
  471763.88  5889251.49   1.989395   0.000630   0.003524  156.498
  471764.67  5889249.66   1.990928   0.000631   0.003538  156.570
  471765.46  5889247.83   1.992463   0.000633   0.003551  156.642
  471766.25  5889246.00   1.994000   0.000634   0.003565  156.714
  471767.03  5889244.17   1.995539   0.000635   0.003578  156.787
  471767.82  5889242.33   1.997080   0.000637   0.003592  156.859
  471768.60  5889240.49   1.998623   0.000638   0.003605  156.932
  471769.38  5889238.65   2.000167   0.000640   0.003619  157.005
  471770.16  5889236.81   2.001714   0.000641   0.003632  157.078
  471770.94  5889234.97   2.003263   0.000642   0.003646  157.152
  471771.72  5889233.12   2.004814   0.000644   0.003659  157.226
  471772.49  5889231.27   2.006367   0.000645   0.003672  157.300
  471773.26  5889229.42   2.007923   0.000646   0.003686  157.374
  471774.03  5889227.56   2.009481   0.000648   0.003699  157.448
  471774.80  5889225.70   2.011041   0.000649   0.003712  157.523
  471775.57  5889223.84   2.012603   0.000650   0.003726  157.597
  471776.33  5889221.98   2.014168   0.000652   0.003739  157.672
  471777.09  5889220.12   2.015735   0.000653   0.003752  157.748
  471777.86  5889218.25   2.017304   0.000654   0.003766  157.823
  471778.62  5889216.38   2.018876   0.000656   0.003779  157.899
  471779.37  5889214.51   2.020450   0.000657   0.003792  157.975
  471780.13  5889212.63   2.022027   0.000658   0.003806  158.051
  471780.88  5889210.75   2.023607   0.000659   0.003819  158.127
  471781.63  5889208.87   2.025189   0.000661   0.003832  158.203
  471782.38  5889206.99   2.026774   0.000662   0.003845  158.280
  471783.13  5889205.11   2.028361   0.000663   0.003859  158.357
  471783.88  5889203.22   2.029952   0.000664   0.003872  158.434
  471784.62  5889201.33   2.031545   0.000666   0.003885  158.511
  471785.36  5889199.44   2.033141   0.000667   0.003898  158.589
  471786.10  5889197.54   2.034739   0.000668   0.003912  158.666
  471786.84  5889195.65   2.036341   0.000669   0.003925  158.744
  471787.58  5889193.75   2.037945   0.000670   0.003938  158.822
  471788.31  5889191.85   2.039553   0.000672   0.003951  158.901
  471789.04  5889189.94   2.041163   0.000673   0.003964  158.979
  471789.77  5889188.03   2.042777   0.000674   0.003979  159.058
  471790.50  5889186.12   2.044395   0.000676   0.003995  159.137
  471791.23  5889184.21   2.046017   0.000676   0.004004  159.216
  471791.95  5889182.30   2.047638   0.000676   0.004008  159.295
  471792.67  5889180.38   2.049257   0.000676   0.004013  159.375
  471793.39  5889178.46   2.050875   0.000675   0.004017  159.454
  471794.11  5889176.54   2.052491   0.000675   0.004022  159.533
  471794.82  5889174.61   2.054106   0.000675   0.004027  159.613
  471795.54  5889172.69   2.055720   0.000675   0.004031  159.692
  471796.25  5889170.76   2.057332   0.000674   0.004036  159.771
  471796.96  5889168.82   2.058943   0.000674   0.004041  159.851
  471797.66  5889166.89   2.060553   0.000674   0.004046  159.930
  471798.37  5889164.95   2.062161   0.000673   0.004050  160.010
  471799.07  5889163.01   2.063768   0.000673   0.004055  160.090
  471799.77  5889161.07   2.065374   0.000673   0.004060  160.169
  471800.47  5889159.13   2.066979   0.000673   0.004065  160.249
  471801.17  5889157.18   2.068582   0.000672   0.004069  160.328
  471801.86  5889155.23   2.070184   0.000672   0.004074  160.408
  471802.55  5889153.28   2.071785   0.000672   0.004079  160.488
  471803.24  5889151.32   2.073385   0.000672   0.004084  160.568
  471803.93  5889149.37   2.074984   0.000671   0.004089  160.647
  471804.61  5889147.41   2.076581   0.000671   0.004093  160.727
  471805.30  5889145.44   2.078178   0.000671   0.004098  160.807
  471805.98  5889143.48   2.079773   0.000671   0.004103  160.887
  471806.66  5889141.51   2.081367   0.000671   0.004108  160.967
  471807.33  5889139.54   2.082960   0.000670   0.004113  161.047
  471808.01  5889137.57   2.084552   0.000670   0.004118  161.127
  471808.68  5889135.60   2.086143   0.000670   0.004123  161.207
  471809.35  5889133.62   2.087733   0.000670   0.004128  161.287
  471810.01  5889131.64   2.089321   0.000670   0.004135  161.367
  471810.68  5889129.66   2.090911   0.000670   0.004142  161.447
  471811.34  5889127.68   2.092500   0.000669   0.004142  161.528
  471812.00  5889125.69   2.094084   0.000667   0.004139  161.608
  471812.66  5889123.70   2.095662   0.000666   0.004135  161.688
  471813.32  5889121.71   2.097234   0.000664   0.004131  161.768
  471813.97  5889119.72   2.098801   0.000663   0.004127  161.848
  471814.62  5889117.72   2.100363   0.000661   0.004124  161.927
  471815.27  5889115.72   2.101919   0.000659   0.004120  162.007
  471815.92  5889113.72   2.103469   0.000658   0.004116  162.086
  471816.56  5889111.72   2.105014   0.000656   0.004113  162.166
  471817.20  5889109.71   2.106554   0.000655   0.004109  162.245
  471817.84  5889107.71   2.108088   0.000653   0.004106  162.324
  471818.48  5889105.70   2.109616   0.000652   0.004102  162.403
  471819.12  5889103.68   2.111139   0.000650   0.004099  162.481
  471819.75  5889101.67   2.112657   0.000649   0.004096  162.560
  471820.38  5889099.65   2.114168   0.000647   0.004092  162.639
  471821.01  5889097.63   2.115674   0.000646   0.004089  162.717
  471821.63  5889095.61   2.117175   0.000645   0.004086  162.795
  471822.26  5889093.59   2.118670   0.000643   0.004082  162.874
  471822.88  5889091.56   2.120159   0.000642   0.004081  162.952
  471823.50  5889089.53   2.121645   0.000641   0.004080  163.030
  471824.12  5889087.50   2.123125   0.000639   0.004073  163.108
  471824.73  5889085.47   2.124595   0.000636   0.004061  163.185
  471825.34  5889083.43   2.126056   0.000634   0.004050  163.263
  471825.95  5889081.39   2.127508   0.000631   0.004038  163.340
  471826.56  5889079.35   2.128950   0.000628   0.004027  163.417
  471827.16  5889077.31   2.130382   0.000626   0.004016  163.493
  471827.77  5889075.27   2.131805   0.000623   0.004005  163.570
  471828.37  5889073.22   2.133218   0.000621   0.003993  163.646
  471828.97  5889071.17   2.134621   0.000618   0.003982  163.722
  471829.56  5889069.12   2.136015   0.000615   0.003971  163.797
  471830.15  5889067.07   2.137399   0.000613   0.003960  163.873
  471830.75  5889065.02   2.138773   0.000610   0.003949  163.948
  471831.33  5889062.96   2.140137   0.000608   0.003938  164.023
  471831.92  5889060.90   2.141492   0.000606   0.003927  164.097
  471832.51  5889058.84   2.142836   0.000603   0.003916  164.171
  471833.09  5889056.78   2.144171   0.000601   0.003906  164.245
  471833.67  5889054.71   2.145496   0.000598   0.003895  164.319
  471834.24  5889052.64   2.146811   0.000596   0.003884  164.393
  471834.82  5889050.58   2.148117   0.000594   0.003874  164.466
  471835.39  5889048.50   2.149413   0.000591   0.003863  164.539
  471835.96  5889046.43   2.150696   0.000589   0.003851  164.612
  471836.53  5889044.36   2.151967   0.000586   0.003840  164.684
  471837.10  5889042.28   2.153225   0.000584   0.003828  164.757
  471837.66  5889040.20   2.154470   0.000581   0.003816  164.829
  471838.22  5889038.12   2.155702   0.000579   0.003805  164.901
  471838.78  5889036.04   2.156922   0.000577   0.003794  164.972
  471839.34  5889033.95   2.158128   0.000574   0.003782  165.043
  471839.89  5889031.87   2.159322   0.000572   0.003771  165.114
  471840.45  5889029.78   2.160502   0.000570   0.003760  165.185
  471841.00  5889027.69   2.161670   0.000567   0.003748  165.256
  471841.54  5889025.60   2.162824   0.000565   0.003737  165.326
  471842.09  5889023.50   2.163966   0.000563   0.003726  165.396
  471842.63  5889021.41   2.165094   0.000560   0.003715  165.466
  471843.17  5889019.31   2.166209   0.000558   0.003704  165.535
  471843.71  5889017.21   2.167312   0.000556   0.003693  165.604
  471844.25  5889015.11   2.168401   0.000554   0.003683  165.673
  471844.78  5889013.01   2.169476   0.000552   0.003672  165.742
  471845.31  5889010.91   2.170539   0.000549   0.003661  165.811
  471845.84  5889008.80   2.171588   0.000547   0.003650  165.879
  471846.37  5889006.69   2.172625   0.000545   0.003640  165.947
  471846.90  5889004.59   2.173647   0.000543   0.003629  166.015
  471847.42  5889002.47   2.174657   0.000541   0.003619  166.083
  471847.94  5889000.36   2.175653   0.000539   0.003608  166.150
  471848.46  5888998.25   2.176636   0.000537   0.003598  166.217
  471848.97  5888996.13   2.177605   0.000535   0.003588  166.284
  471849.49  5888994.02   2.178561   0.000533   0.003577  166.351
  471850.00  5888991.90   2.179503   0.000531   0.003567  166.418
  471850.51  5888989.78   2.180432   0.000529   0.003557  166.484
  471851.02  5888987.66   2.181348   0.000527   0.003547  166.550
  471851.52  5888985.54   2.182249   0.000525   0.003537  166.616
  471852.02  5888983.41   2.183138   0.000523   0.003527  166.682
  471852.53  5888981.29   2.184013   0.000521   0.003517  166.747
  471853.02  5888979.16   2.184874   0.000519   0.003507  166.812
  471853.52  5888977.03   2.185721   0.000518   0.003497  166.877
  471854.01  5888974.90   2.186555   0.000516   0.003487  166.942
  471854.51  5888972.77   2.187375   0.000514   0.003477  167.007
  471855.00  5888970.64   2.188182   0.000512   0.003468  167.071
  471855.48  5888968.51   2.188975   0.000510   0.003458  167.135
  471855.97  5888966.37   2.189754   0.000509   0.003449  167.199
  471856.45  5888964.23   2.190519   0.000507   0.003439  167.263
  471856.93  5888962.10   2.191270   0.000505   0.003429  167.327
  471857.41  5888959.96   2.192008   0.000503   0.003420  167.390
  471857.89  5888957.82   2.192732   0.000502   0.003411  167.453
  471858.36  5888955.68   2.193442   0.000500   0.003401  167.516
  471858.83  5888953.53   2.194137   0.000498   0.003391  167.579
  471859.30  5888951.39   2.194819   0.000497   0.003383  167.642
  471859.77  5888949.25   2.195488   0.000495   0.003375  167.704
  471860.23  5888947.10   2.196144   0.000494   0.003367  167.767
  471860.70  5888944.95   2.196788   0.000492   0.003359  167.829
  471861.16  5888942.80   2.197420   0.000491   0.003352  167.891
  471861.62  5888940.66   2.198038   0.000489   0.003344  167.952
  471862.07  5888938.50   2.198644   0.000488   0.003336  168.014
  471862.53  5888936.35   2.199238   0.000487   0.003329  168.076
  471862.98  5888934.20   2.199819   0.000485   0.003321  168.137
  471863.43  5888932.05   2.200387   0.000484   0.003314  168.198
  471863.88  5888929.89   2.200942   0.000483   0.003306  168.259
  471864.32  5888927.74   2.201485   0.000481   0.003299  168.320
  471864.77  5888925.58   2.202015   0.000480   0.003291  168.381
  471865.21  5888923.42   2.202533   0.000479   0.003284  168.441
  471865.65  5888921.26   2.203037   0.000477   0.003277  168.502
  471866.08  5888919.10   2.203529   0.000476   0.003269  168.562
  471866.52  5888916.94   2.204008   0.000475   0.003262  168.622
  471866.95  5888914.78   2.204475   0.000474   0.003255  168.682
  471867.38  5888912.62   2.204928   0.000472   0.003248  168.742
  471867.81  5888910.46   2.205369   0.000471   0.003242  168.801
  471868.24  5888908.29   2.205795   0.000470   0.003237  168.861
  471868.66  5888906.13   2.206208   0.000469   0.003227  168.920
  471869.08  5888903.96   2.206612   0.000467   0.003214  168.980
  471869.50  5888901.80   2.207006   0.000465   0.003201  169.039
  471869.92  5888899.63   2.207390   0.000463   0.003189  169.097
  471870.33  5888897.46   2.207765   0.000461   0.003176  169.156
  471870.75  5888895.29   2.208130   0.000459   0.003163  169.214
  471871.16  5888893.12   2.208486   0.000457   0.003151  169.272
  471871.57  5888890.95   2.208831   0.000455   0.003138  169.330
  471871.97  5888888.78   2.209167   0.000453   0.003126  169.388
  471872.38  5888886.61   2.209493   0.000451   0.003113  169.445
  471872.78  5888884.44   2.209810   0.000449   0.003101  169.502
  471873.18  5888882.26   2.210116   0.000447   0.003088  169.559
  471873.58  5888880.09   2.210413   0.000445   0.003076  169.616
  471873.98  5888877.91   2.210699   0.000443   0.003063  169.672
  471874.37  5888875.74   2.210971   0.000441   0.003050  169.728
  471874.76  5888873.56   2.211232   0.000439   0.003039  169.784
  471875.15  5888871.39   2.211494   0.000438   0.003029  169.840
  471875.54  5888869.21   2.211757   0.000436   0.003019  169.895
  471875.93  5888867.03   2.212022   0.000435   0.003010  169.950
  471876.31  5888864.85   2.212287   0.000433   0.003000  170.005
  471876.69  5888862.67   2.212553   0.000432   0.002990  170.060
  471877.07  5888860.49   2.212821   0.000430   0.002981  170.115
  471877.45  5888858.31   2.213089   0.000429   0.002971  170.170
  471877.83  5888856.13   2.213358   0.000427   0.002961  170.224
  471878.20  5888853.95   2.213628   0.000426   0.002952  170.278
  471878.57  5888851.77   2.213899   0.000424   0.002942  170.332
  471878.94  5888849.58   2.214171   0.000423   0.002933  170.386
  471879.31  5888847.40   2.214444   0.000421   0.002923  170.440
  471879.68  5888845.22   2.214717   0.000420   0.002913  170.493
  471880.04  5888843.03   2.214992   0.000418   0.002904  170.547
  471880.40  5888840.85   2.215267   0.000417   0.002894  170.600
  471880.76  5888838.66   2.215543   0.000416   0.002884  170.653
  471881.12  5888836.47   2.215819   0.000414   0.002875  170.705
  471881.47  5888834.29   2.216097   0.000413   0.002865  170.758
  471881.83  5888832.10   2.216375   0.000411   0.002856  170.810
  471882.18  5888829.91   2.216654   0.000410   0.002846  170.863
  471882.53  5888827.72   2.216933   0.000408   0.002836  170.915
  471882.88  5888825.53   2.217213   0.000407   0.002827  170.966
  471883.22  5888823.34   2.217494   0.000405   0.002817  171.018
  471883.57  5888821.15   2.217775   0.000404   0.002808  171.070
  471883.91  5888818.96   2.218057   0.000402   0.002798  171.121
  471884.25  5888816.77   2.218340   0.000401   0.002788  171.172
  471884.59  5888814.57   2.218623   0.000399   0.002779  171.223
  471884.93  5888812.38   2.218907   0.000398   0.002769  171.274
  471885.26  5888810.19   2.219191   0.000396   0.002760  171.324
  471885.59  5888807.99   2.219476   0.000395   0.002750  171.375
  471885.93  5888805.80   2.219761   0.000393   0.002740  171.425
  471886.25  5888803.60   2.220047   0.000392   0.002731  171.475
  471886.58  5888801.41   2.220333   0.000390   0.002721  171.525
  471886.91  5888799.21   2.220620   0.000389   0.002712  171.574
  471887.23  5888797.01   2.220907   0.000387   0.002702  171.624
  471887.55  5888794.82   2.221194   0.000386   0.002692  171.673
  471887.87  5888792.62   2.221482   0.000384   0.002683  171.722
  471888.19  5888790.42   2.221770   0.000383   0.002673  171.771
  471888.51  5888788.22   2.222059   0.000381   0.002664  171.820
  471888.82  5888786.02   2.222348   0.000380   0.002654  171.868
  471889.13  5888783.82   2.222637   0.000379   0.002645  171.917
  471889.44  5888781.62   2.222927   0.000377   0.002635  171.965
  471889.75  5888779.42   2.223216   0.000376   0.002625  172.013
  471890.06  5888777.22   2.223507   0.000374   0.002616  172.061
  471890.37  5888775.01   2.223797   0.000373   0.002606  172.108
  471890.67  5888772.81   2.224088   0.000371   0.002597  172.156
  471890.97  5888770.61   2.224378   0.000370   0.002587  172.203
  471891.27  5888768.40   2.224669   0.000368   0.002578  172.250
  471891.57  5888766.20   2.224961   0.000367   0.002568  172.297
  471891.86  5888763.99   2.225252   0.000365   0.002558  172.344
  471892.16  5888761.79   2.225543   0.000364   0.002549  172.391
  471892.45  5888759.58   2.225835   0.000362   0.002539  172.437
  471892.74  5888757.37   2.226127   0.000361   0.002530  172.483
  471893.03  5888755.17   2.226419   0.000360   0.002520  172.529
  471893.32  5888752.96   2.226711   0.000358   0.002511  172.575
  471893.61  5888750.75   2.227003   0.000357   0.002501  172.621
  471893.89  5888748.54   2.227295   0.000355   0.002492  172.666
  471894.17  5888746.33   2.227587   0.000354   0.002482  172.712
  471894.45  5888744.12   2.227879   0.000352   0.002473  172.757
  471894.73  5888741.91   2.228172   0.000351   0.002463  172.802
  471895.01  5888739.70   2.228464   0.000349   0.002454  172.847
  471895.29  5888737.49   2.228756   0.000348   0.002444  172.891
  471895.56  5888735.28   2.229048   0.000346   0.002435  172.936
  471895.83  5888733.06   2.229340   0.000345   0.002425  172.980
  471896.10  5888730.85   2.229632   0.000344   0.002416  173.024
  471896.37  5888728.64   2.229924   0.000342   0.002406  173.068
  471896.64  5888726.42   2.230216   0.000341   0.002397  173.112
  471896.91  5888724.21   2.230507   0.000339   0.002387  173.155
  471897.17  5888721.99   2.230799   0.000338   0.002378  173.198
  471897.43  5888719.78   2.231090   0.000336   0.002368  173.242
  471897.69  5888717.56   2.231382   0.000335   0.002359  173.285
  471897.95  5888715.35   2.231673   0.000334   0.002349  173.327
  471898.21  5888713.13   2.231964   0.000332   0.002340  173.370
  471898.47  5888710.91   2.232254   0.000331   0.002330  173.413
  471898.72  5888708.69   2.232545   0.000329   0.002321  173.455
  471898.97  5888706.48   2.232835   0.000328   0.002311  173.497
  471899.23  5888704.26   2.233125   0.000326   0.002302  173.539
  471899.48  5888702.04   2.233415   0.000325   0.002292  173.581
  471899.72  5888699.82   2.233704   0.000324   0.002283  173.622
  471899.97  5888697.60   2.233993   0.000322   0.002273  173.664
  471900.22  5888695.38   2.234282   0.000321   0.002264  173.705
  471900.46  5888693.16   2.234570   0.000319   0.002254  173.746
  471900.70  5888690.93   2.234859   0.000318   0.002245  173.787
  471900.94  5888688.71   2.235146   0.000316   0.002236  173.828
  471901.18  5888686.49   2.235434   0.000315   0.002226  173.868
  471901.42  5888684.27   2.235721   0.000314   0.002217  173.908
  471901.65  5888682.04   2.236008   0.000312   0.002207  173.949
  471901.89  5888679.82   2.236294   0.000311   0.002198  173.989
  471902.12  5888677.59   2.236580   0.000309   0.002188  174.028
  471902.35  5888675.37   2.236865   0.000308   0.002179  174.068
  471902.58  5888673.15   2.237150   0.000307   0.002169  174.107
  471902.81  5888670.92   2.237434   0.000305   0.002160  174.147
  471903.04  5888668.69   2.237718   0.000304   0.002151  174.186
  471903.26  5888666.47   2.238002   0.000302   0.002141  174.225
  471903.48  5888664.24   2.238285   0.000301   0.002132  174.264
  471903.71  5888662.01   2.238567   0.000299   0.002122  174.302
  471903.93  5888659.78   2.238849   0.000298   0.002113  174.341
  471904.15  5888657.56   2.239131   0.000297   0.002104  174.379
  471904.36  5888655.33   2.239412   0.000295   0.002094  174.417
  471904.58  5888653.10   2.239692   0.000294   0.002085  174.455
  471904.80  5888650.87   2.239971   0.000292   0.002075  174.492
  471905.01  5888648.64   2.240251   0.000291   0.002066  174.530
  471905.22  5888646.41   2.240529   0.000290   0.002057  174.567
  471905.43  5888644.18   2.240807   0.000288   0.002047  174.605
  471905.64  5888641.95   2.241084   0.000287   0.002038  174.642
  471905.85  5888639.72   2.241361   0.000286   0.002028  174.678
  471906.06  5888637.48   2.241637   0.000284   0.002019  174.715
  471906.26  5888635.25   2.241912   0.000283   0.002010  174.752
  471906.46  5888633.02   2.242186   0.000281   0.002000  174.788
  471906.67  5888630.79   2.242460   0.000280   0.001991  174.824
  471906.87  5888628.55   2.242733   0.000279   0.001982  174.860
  471907.07  5888626.32   2.243006   0.000277   0.001972  174.896
  471907.27  5888624.08   2.243277   0.000276   0.001963  174.931
  471907.46  5888621.85   2.243548   0.000274   0.001954  174.967
  471907.66  5888619.61   2.243818   0.000273   0.001944  175.002
  471907.85  5888617.38   2.244088   0.000272   0.001935  175.037
  471908.04  5888615.14   2.244356   0.000270   0.001926  175.072
  471908.24  5888612.91   2.244624   0.000269   0.001916  175.107
  471908.43  5888610.67   2.244891   0.000268   0.001907  175.142
  471908.61  5888608.43   2.245157   0.000266   0.001897  175.176
  471908.80  5888606.19   2.245422   0.000265   0.001888  175.210
  471908.99  5888603.96   2.245687   0.000263   0.001879  175.244
  471909.17  5888601.72   2.245951   0.000262   0.001870  175.278
  471909.36  5888599.48   2.246213   0.000261   0.001860  175.312
  471909.54  5888597.24   2.246475   0.000259   0.001851  175.345
  471909.72  5888595.00   2.246736   0.000258   0.001842  175.379
  471909.90  5888592.76   2.246996   0.000257   0.001832  175.412
  471910.08  5888590.52   2.247255   0.000255   0.001823  175.445
  471910.26  5888588.28   2.247514   0.000254   0.001814  175.478
  471910.43  5888586.04   2.247771   0.000253   0.001804  175.511
  471910.61  5888583.80   2.248027   0.000251   0.001795  175.543
  471910.78  5888581.56   2.248282   0.000250   0.001786  175.575
  471910.95  5888579.32   2.248537   0.000248   0.001776  175.608
  471911.12  5888577.07   2.248790   0.000247   0.001767  175.640
  471911.29  5888574.83   2.249043   0.000246   0.001757  175.672
  471911.46  5888572.59   2.249293   0.000244   0.001747  175.703
  471911.63  5888570.35   2.249542   0.000243   0.001739  175.735
  471911.79  5888568.10   2.249793   0.000242   0.001734  175.766
  471911.96  5888565.86   2.250045   0.000241   0.001728  175.797
  471912.12  5888563.61   2.250298   0.000241   0.001722  175.828
  471912.29  5888561.37   2.250552   0.000240   0.001717  175.859
  471912.45  5888559.12   2.250808   0.000239   0.001711  175.890
  471912.61  5888556.88   2.251065   0.000238   0.001706  175.921
  471912.77  5888554.63   2.251323   0.000237   0.001700  175.952
  471912.92  5888552.39   2.251582   0.000236   0.001694  175.982
  471913.08  5888550.14   2.251843   0.000235   0.001689  176.013
  471913.24  5888547.90   2.252105   0.000235   0.001683  176.043
  471913.39  5888545.65   2.252368   0.000234   0.001677  176.073
  471913.54  5888543.40   2.252632   0.000233   0.001671  176.104
  471913.69  5888541.15   2.252897   0.000232   0.001665  176.134
  471913.85  5888538.91   2.253163   0.000231   0.001661  176.164
  471914.00  5888536.66   2.253432   0.000231   0.001657  176.193
  471914.14  5888534.41   2.253704   0.000230   0.001653  176.223
  471914.29  5888532.16   2.253978   0.000230   0.001649  176.253
  471914.44  5888529.91   2.254255   0.000229   0.001645  176.283
  471914.58  5888527.66   2.254535   0.000228   0.001641  176.312
  471914.73  5888525.41   2.254818   0.000228   0.001638  176.342
  471914.87  5888523.16   2.255104   0.000227   0.001634  176.371
  471915.01  5888520.91   2.255392   0.000227   0.001630  176.400
  471915.15  5888518.66   2.255683   0.000226   0.001626  176.430
  471915.29  5888516.41   2.255977   0.000225   0.001622  176.459
  471915.43  5888514.15   2.256274   0.000225   0.001618  176.488
  471915.57  5888511.90   2.256573   0.000224   0.001615  176.517
  471915.70  5888509.65   2.256876   0.000224   0.001611  176.546
  471915.84  5888507.40   2.257181   0.000223   0.001607  176.575
  471915.97  5888505.14   2.257488   0.000222   0.001603  176.604
  471916.10  5888502.89   2.257799   0.000222   0.001599  176.633
  471916.23  5888500.64   2.258112   0.000221   0.001595  176.661
  471916.36  5888498.38   2.258428   0.000221   0.001591  176.690
  471916.49  5888496.13   2.258747   0.000220   0.001587  176.718
  471916.62  5888493.87   2.259068   0.000219   0.001584  176.747
  471916.75  5888491.61   2.259393   0.000219   0.001580  176.775
  471916.87  5888489.36   2.259720   0.000218   0.001576  176.804
  471917.00  5888487.10   2.260049   0.000218   0.001572  176.832
  471917.12  5888484.85   2.260382   0.000217   0.001568  176.860
  471917.25  5888482.59   2.260717   0.000216   0.001564  176.888
  471917.37  5888480.33   2.261054   0.000216   0.001560  176.916
  471917.49  5888478.07   2.261395   0.000215   0.001556  176.944
  471917.61  5888475.81   2.261738   0.000215   0.001552  176.972
  471917.73  5888473.56   2.262084   0.000214   0.001548  177.000
  471917.84  5888471.30   2.262433   0.000213   0.001545  177.028
  471917.96  5888469.04   2.262784   0.000213   0.001540  177.055
  471918.08  5888466.78   2.263137   0.000212   0.001535  177.083
  471918.19  5888464.52   2.263493   0.000212   0.001533  177.110
  471918.30  5888462.26   2.263853   0.000211   0.001531  177.138
  471918.41  5888459.99   2.264218   0.000211   0.001530  177.165
  471918.53  5888457.73   2.264588   0.000211   0.001529  177.193
  471918.63  5888455.47   2.264962   0.000211   0.001527  177.220
  471918.74  5888453.21   2.265341   0.000210   0.001526  177.247
  471918.85  5888450.94   2.265725   0.000210   0.001525  177.275
  471918.96  5888448.68   2.266113   0.000210   0.001523  177.302
  471919.06  5888446.42   2.266506   0.000209   0.001522  177.329
  471919.17  5888444.15   2.266904   0.000209   0.001520  177.356
  471919.27  5888441.89   2.267306   0.000209   0.001519  177.383
  471919.37  5888439.62   2.267714   0.000209   0.001518  177.411
  471919.48  5888437.36   2.268125   0.000208   0.001516  177.438
  471919.58  5888435.09   2.268542   0.000208   0.001515  177.465
  471919.68  5888432.82   2.268963   0.000208   0.001513  177.492
  471919.77  5888430.56   2.269389   0.000208   0.001512  177.519
  471919.87  5888428.29   2.269819   0.000207   0.001511  177.546
  471919.97  5888426.02   2.270254   0.000207   0.001509  177.573
  471920.06  5888423.75   2.270694   0.000207   0.001507  177.600
  471920.16  5888421.48   2.271138   0.000206   0.001506  177.627
  471920.25  5888419.22   2.271586   0.000206   0.001505  177.653
  471920.34  5888416.95   2.272040   0.000206   0.001504  177.680
  471920.43  5888414.68   2.272501   0.000206   0.001503  177.707
  471920.52  5888412.40   2.272968   0.000206   0.001502  177.734
  471920.61  5888410.13   2.273441   0.000205   0.001501  177.761
  471920.70  5888407.86   2.273920   0.000205   0.001500  177.787
  471920.78  5888405.59   2.274406   0.000205   0.001499  177.814
  471920.87  5888403.32   2.274897   0.000205   0.001498  177.841
  471920.96  5888401.04   2.275395   0.000204   0.001497  177.867
  471921.04  5888398.77   2.275899   0.000204   0.001496  177.894
  471921.12  5888396.49   2.276409   0.000204   0.001495  177.921
  471921.20  5888394.22   2.276925   0.000204   0.001494  177.947
  471921.28  5888391.94   2.277447   0.000204   0.001493  177.974
  471921.36  5888389.67   2.277976   0.000203   0.001492  178.001
  471921.44  5888387.39   2.278510   0.000203   0.001491  178.027
  471921.52  5888385.11   2.279051   0.000203   0.001490  178.054
  471921.60  5888382.83   2.279598   0.000203   0.001489  178.080
  471921.67  5888380.55   2.280151   0.000202   0.001488  178.107
  471921.74  5888378.28   2.280711   0.000202   0.001487  178.133
  471921.82  5888376.00   2.281276   0.000202   0.001486  178.159
  471921.89  5888373.72   2.281848   0.000202   0.001484  178.186
  471921.96  5888371.43   2.282426   0.000201   0.001483  178.212
  471922.03  5888369.15   2.283010   0.000201   0.001482  178.238
  471922.10  5888366.87   2.283600   0.000201   0.001481  178.265
  471922.17  5888364.59   2.284196   0.000201   0.001480  178.291
  471922.24  5888362.30   2.284798   0.000200   0.001479  178.317
  471922.30  5888360.02   2.285407   0.000200   0.001478  178.343
  471922.37  5888357.73   2.286022   0.000200   0.001477  178.370
  471922.43  5888355.45   2.286642   0.000200   0.001476  178.396
  471922.49  5888353.16   2.287269   0.000199   0.001474  178.422
  471922.56  5888350.88   2.287903   0.000199   0.001473  178.448
  471922.62  5888348.59   2.288542   0.000199   0.001472  178.474
  471922.68  5888346.30   2.289187   0.000198   0.001471  178.500
  471922.74  5888344.01   2.289839   0.000198   0.001470  178.526
  471922.79  5888341.72   2.290496   0.000198   0.001469  178.552
  471922.85  5888339.43   2.291160   0.000198   0.001467  178.578
  471922.91  5888337.14   2.291830   0.000197   0.001466  178.604
  471922.96  5888334.85   2.292506   0.000197   0.001465  178.630
  471923.01  5888332.56   2.293189   0.000197   0.001464  178.656
  471923.07  5888330.27   2.293877   0.000197   0.001463  178.682
  471923.12  5888327.97   2.294572   0.000196   0.001461  178.708
  471923.17  5888325.68   2.295272   0.000196   0.001460  178.734
  471923.22  5888323.38   2.295979   0.000196   0.001459  178.759
  471923.27  5888321.09   2.296692   0.000195   0.001458  178.785
  471923.32  5888318.79   2.297411   0.000195   0.001456  178.811
  471923.36  5888316.49   2.298136   0.000195   0.001455  178.836
  471923.41  5888314.19   2.298867   0.000195   0.001454  178.862
  471923.45  5888311.90   2.299605   0.000194   0.001452  178.888
  471923.50  5888309.60   2.300348   0.000194   0.001451  178.913
  471923.54  5888307.30   2.301098   0.000194   0.001450  178.939
  471923.58  5888304.99   2.301854   0.000193   0.001449  178.964
  471923.62  5888302.69   2.302616   0.000193   0.001447  178.990
  471923.66  5888300.39   2.303384   0.000193   0.001446  179.015
  471923.70  5888298.09   2.304158   0.000192   0.001445  179.041
  471923.74  5888295.78   2.304938   0.000192   0.001443  179.066
  471923.77  5888293.48   2.305724   0.000192   0.001442  179.092
  471923.81  5888291.17   2.306517   0.000191   0.001441  179.117
  471923.84  5888288.86   2.307316   0.000191   0.001439  179.142
  471923.88  5888286.56   2.308120   0.000191   0.001438  179.167
  471923.91  5888284.25   2.308931   0.000191   0.001437  179.193
  471923.94  5888281.94   2.309748   0.000190   0.001435  179.218
  471923.97  5888279.63   2.310571   0.000190   0.001434  179.243
  471924.00  5888277.32   2.311400   0.000190   0.001433  179.268
  471924.03  5888275.01   2.312235   0.000189   0.001431  179.293
  471924.06  5888272.70   2.313077   0.000189   0.001430  179.318
  471924.08  5888270.38   2.313924   0.000189   0.001428  179.343
  471924.11  5888268.07   2.314778   0.000188   0.001427  179.368
  471924.13  5888265.75   2.315638   0.000188   0.001426  179.393
  471924.16  5888263.44   2.316503   0.000188   0.001424  179.418
  471924.18  5888261.12   2.317375   0.000187   0.001423  179.443
  471924.20  5888258.80   2.318253   0.000187   0.001421  179.468
  471924.22  5888256.48   2.319137   0.000187   0.001420  179.493
  471924.24  5888254.16   2.320027   0.000186   0.001418  179.518
  471924.26  5888251.84   2.320924   0.000186   0.001417  179.543
  471924.28  5888249.52   2.321826   0.000186   0.001416  179.567
  471924.29  5888247.20   2.322734   0.000185   0.001414  179.592
  471924.31  5888244.88   2.323649   0.000185   0.001413  179.617
  471924.32  5888242.55   2.324569   0.000185   0.001411  179.641
  471924.34  5888240.23   2.325496   0.000184   0.001410  179.666
  471924.35  5888237.90   2.326429   0.000184   0.001408  179.690
  471924.36  5888235.58   2.327368   0.000184   0.001407  179.715
  471924.37  5888233.25   2.328313   0.000183   0.001405  179.739
  471924.38  5888230.92   2.329264   0.000183   0.001404  179.764
  471924.39  5888228.59   2.330221   0.000183   0.001402  179.788
  471924.40  5888226.26   2.331184   0.000182   0.001401  179.813
  471924.41  5888223.93   2.332153   0.000182   0.001399  179.837
  471924.41  5888221.59   2.333128   0.000182   0.001398  179.861
  471924.42  5888219.26   2.334110   0.000181   0.001396  179.886
  471924.42  5888216.93   2.335097   0.000181   0.001395  179.910
  471924.42  5888214.59   2.336091   0.000180   0.001393  179.934
  471924.42  5888212.25   2.337090   0.000180   0.001391  179.958
  471924.42  5888209.92   2.338096   0.000180   0.001390  179.982
  471924.42  5888207.58   2.339108   0.000179   0.001388 -179.994
  471924.42  5888205.24   2.340125   0.000179   0.001387 -179.970
  471924.42  5888202.90   2.341149   0.000179   0.001385 -179.946
  471924.42  5888200.56   2.342179   0.000178   0.001384 -179.922
  471924.41  5888198.21   2.343215   0.000178   0.001382 -179.898
  471924.41  5888195.87   2.344257   0.000178   0.001380 -179.874
  471924.40  5888193.52   2.345305   0.000177   0.001379 -179.850
  471924.39  5888191.18   2.346360   0.000177   0.001377 -179.826
  471924.39  5888188.83   2.347420   0.000177   0.001376 -179.802
  471924.38  5888186.48   2.348486   0.000176   0.001374 -179.779
  471924.37  5888184.13   2.349558   0.000176   0.001372 -179.755
  471924.36  5888181.78   2.350637   0.000175   0.001371 -179.731
  471924.34  5888179.43   2.351721   0.000175   0.001369 -179.708
  471924.33  5888177.08   2.352812   0.000175   0.001367 -179.684
  471924.32  5888174.73   2.353908   0.000174   0.001366 -179.660
  471924.30  5888172.37   2.355011   0.000174   0.001364 -179.637
  471924.29  5888170.02   2.356119   0.000174   0.001362 -179.613
  471924.27  5888167.66   2.357234   0.000173   0.001361 -179.590
  471924.25  5888165.30   2.358355   0.000173   0.001359 -179.567
  471924.23  5888162.94   2.359481   0.000172   0.001357 -179.543
  471924.21  5888160.58   2.360614   0.000172   0.001356 -179.520
  471924.19  5888158.22   2.361753   0.000172   0.001354 -179.497
  471924.17  5888155.86   2.362898   0.000171   0.001352 -179.473
  471924.15  5888153.50   2.364048   0.000171   0.001351 -179.450
  471924.12  5888151.13   2.365205   0.000171   0.001349 -179.427
  471924.10  5888148.77   2.366372   0.000170   0.001348 -179.404
  471924.07  5888146.40   2.367544   0.000170   0.001346 -179.381
  471924.05  5888144.03   2.368715   0.000169   0.001342 -179.358
  471924.02  5888141.66   2.369887   0.000169   0.001339 -179.335
  471923.99  5888139.29   2.371057   0.000168   0.001336 -179.312
  471923.96  5888136.92   2.372228   0.000167   0.001333 -179.289
  471923.93  5888134.55   2.373397   0.000167   0.001330 -179.266
  471923.90  5888132.18   2.374567   0.000166   0.001327 -179.244
  471923.87  5888129.80   2.375735   0.000166   0.001324 -179.221
  471923.84  5888127.42   2.376903   0.000165   0.001321 -179.199
  471923.80  5888125.05   2.378071   0.000165   0.001317 -179.176
  471923.77  5888122.67   2.379238   0.000164   0.001314 -179.154
  471923.73  5888120.29   2.380405   0.000164   0.001311 -179.131
  471923.69  5888117.91   2.381571   0.000163   0.001308 -179.109
  471923.65  5888115.53   2.382736   0.000163   0.001305 -179.087
  471923.62  5888113.14   2.383901   0.000162   0.001302 -179.064
  471923.58  5888110.76   2.385066   0.000161   0.001299 -179.042
  471923.54  5888108.37   2.386230   0.000161   0.001296 -179.020
  471923.49  5888105.99   2.387393   0.000160   0.001293 -178.998
  471923.45  5888103.60   2.388556   0.000160   0.001290 -178.976
  471923.41  5888101.21   2.389718   0.000159   0.001286 -178.954
  471923.36  5888098.82   2.390880   0.000159   0.001283 -178.933
  471923.32  5888096.43   2.392041   0.000158   0.001280 -178.911
  471923.27  5888094.04   2.393202   0.000158   0.001277 -178.889
  471923.22  5888091.65   2.394362   0.000157   0.001274 -178.868
  471923.18  5888089.25   2.395522   0.000157   0.001271 -178.846
  471923.13  5888086.86   2.396681   0.000156   0.001268 -178.825
  471923.08  5888084.46   2.397839   0.000156   0.001265 -178.803
  471923.03  5888082.06   2.398997   0.000155   0.001262 -178.782
  471922.97  5888079.66   2.400154   0.000155   0.001259 -178.760
  471922.92  5888077.26   2.401311   0.000154   0.001256 -178.739
  471922.87  5888074.86   2.402467   0.000153   0.001253 -178.718
  471922.81  5888072.46   2.403623   0.000153   0.001250 -178.697
  471922.76  5888070.05   2.404778   0.000152   0.001247 -178.676
  471922.70  5888067.65   2.405932   0.000152   0.001244 -178.655
  471922.64  5888065.24   2.407086   0.000151   0.001241 -178.634
  471922.58  5888062.84   2.408240   0.000151   0.001238 -178.613
  471922.53  5888060.43   2.409392   0.000150   0.001234 -178.592
  471922.47  5888058.02   2.410544   0.000150   0.001231 -178.571
  471922.40  5888055.61   2.411696   0.000149   0.001228 -178.551
  471922.34  5888053.20   2.412847   0.000149   0.001225 -178.530
  471922.28  5888050.78   2.413997   0.000148   0.001222 -178.510
  471922.22  5888048.37   2.415147   0.000148   0.001219 -178.489
  471922.15  5888045.96   2.416296   0.000147   0.001216 -178.469
  471922.09  5888043.54   2.417445   0.000147   0.001213 -178.448
  471922.02  5888041.12   2.418593   0.000146   0.001210 -178.428
  471921.95  5888038.71   2.419740   0.000146   0.001207 -178.408
  471921.88  5888036.29   2.420887   0.000145   0.001204 -178.387
  471921.82  5888033.87   2.422033   0.000145   0.001201 -178.367
  471921.75  5888031.44   2.423178   0.000144   0.001198 -178.347
  471921.67  5888029.02   2.424323   0.000144   0.001195 -178.327
  471921.60  5888026.60   2.425467   0.000143   0.001192 -178.307
  471921.53  5888024.17   2.426611   0.000143   0.001189 -178.287
  471921.46  5888021.75   2.427754   0.000142   0.001186 -178.267
  471921.38  5888019.32   2.428897   0.000142   0.001183 -178.248
  471921.31  5888016.89   2.430038   0.000141   0.001180 -178.228
  471921.23  5888014.46   2.431179   0.000141   0.001177 -178.208
  471921.15  5888012.03   2.432320   0.000140   0.001174 -178.188
  471921.08  5888009.60   2.433460   0.000140   0.001171 -178.169
  471921.00  5888007.17   2.434599   0.000139   0.001168 -178.149
  471920.92  5888004.73   2.435738   0.000139   0.001165 -178.130
  471920.84  5888002.30   2.436876   0.000138   0.001162 -178.111
  471920.76  5887999.86   2.438013   0.000138   0.001159 -178.091
  471920.68  5887997.42   2.439150   0.000137   0.001156 -178.072
  471920.59  5887994.99   2.440286   0.000137   0.001153 -178.053
  471920.51  5887992.55   2.441421   0.000136   0.001150 -178.034
  471920.42  5887990.11   2.442556   0.000136   0.001147 -178.015
  471920.34  5887987.66   2.443690   0.000136   0.001144 -177.996
  471920.25  5887985.22   2.444824   0.000135   0.001141 -177.977
  471920.17  5887982.78   2.445956   0.000135   0.001138 -177.958
  471920.08  5887980.33   2.447088   0.000134   0.001136 -177.939
  471919.99  5887977.89   2.448220   0.000134   0.001133 -177.920
  471919.90  5887975.44   2.449351   0.000133   0.001130 -177.901
  471919.81  5887972.99   2.450481   0.000133   0.001127 -177.883
  471919.72  5887970.54   2.451610   0.000132   0.001124 -177.864
  471919.62  5887968.09   2.452739   0.000132   0.001121 -177.845
  471919.53  5887965.64   2.453867   0.000131   0.001118 -177.827
  471919.44  5887963.19   2.454995   0.000131   0.001115 -177.808
  471919.34  5887960.73   2.456122   0.000130   0.001112 -177.790
  471919.25  5887958.28   2.457248   0.000130   0.001109 -177.772
  471919.15  5887955.82   2.458373   0.000129   0.001106 -177.753
  471919.05  5887953.37   2.459498   0.000129   0.001103 -177.735
  471918.96  5887950.91   2.460622   0.000128   0.001100 -177.717
  471918.86  5887948.45   2.461746   0.000128   0.001097 -177.699
  471918.76  5887945.99   2.462868   0.000128   0.001094 -177.681
  471918.66  5887943.53   2.463990   0.000127   0.001091 -177.663
  471918.56  5887941.06   2.465112   0.000127   0.001088 -177.645
  471918.45  5887938.60   2.466232   0.000126   0.001086 -177.627
  471918.35  5887936.14   2.467352   0.000126   0.001083 -177.609
  471918.25  5887933.67   2.468471   0.000125   0.001080 -177.591
  471918.14  5887931.20   2.469590   0.000125   0.001077 -177.574
  471918.04  5887928.74   2.470708   0.000124   0.001074 -177.556
  471917.93  5887926.27   2.471825   0.000124   0.001071 -177.538
  471917.82  5887923.80   2.472942   0.000124   0.001068 -177.521
  471917.72  5887921.33   2.474057   0.000123   0.001065 -177.503
  471917.61  5887918.85   2.475172   0.000123   0.001062 -177.486
  471917.50  5887916.38   2.476287   0.000122   0.001059 -177.468
  471917.39  5887913.91   2.477400   0.000122   0.001056 -177.451
  471917.28  5887911.43   2.478513   0.000121   0.001054 -177.434
  471917.17  5887908.95   2.479625   0.000121   0.001051 -177.417
  471917.05  5887906.48   2.480737   0.000120   0.001048 -177.399
  471916.94  5887904.00   2.481848   0.000120   0.001045 -177.382
  471916.83  5887901.52   2.482958   0.000119   0.001041 -177.365
  471916.71  5887899.04   2.484061   0.000119   0.001038 -177.348
  471916.60  5887896.55   2.485164   0.000119   0.001036 -177.331
  471916.48  5887894.07   2.486278   0.000119   0.001037 -177.315
  471916.36  5887891.59   2.487402   0.000119   0.001037 -177.298
  471916.24  5887889.10   2.488537   0.000118   0.001037 -177.281
  471916.12  5887886.62   2.489683   0.000118   0.001038 -177.264
  471916.00  5887884.13   2.490840   0.000118   0.001038 -177.247
  471915.88  5887881.64   2.492008   0.000118   0.001038 -177.230
  471915.76  5887879.15   2.493186   0.000118   0.001038 -177.213
  471915.64  5887876.66   2.494376   0.000118   0.001039 -177.196
  471915.52  5887874.17   2.495576   0.000118   0.001039 -177.179
  471915.39  5887871.67   2.496787   0.000118   0.001039 -177.163
  471915.27  5887869.18   2.498008   0.000118   0.001039 -177.146
  471915.15  5887866.68   2.499241   0.000118   0.001040 -177.129
  471915.02  5887864.19   2.500484   0.000118   0.001040 -177.112
  471914.89  5887861.69   2.501738   0.000118   0.001040 -177.095
  471914.77  5887859.19   2.503003   0.000117   0.001040 -177.078
  471914.64  5887856.69   2.504279   0.000117   0.001040 -177.061
  471914.51  5887854.19   2.505565   0.000117   0.001041 -177.045
  471914.38  5887851.69   2.506863   0.000117   0.001041 -177.028
  471914.25  5887849.18   2.508171   0.000117   0.001041 -177.011
  471914.12  5887846.68   2.509490   0.000117   0.001041 -176.994
  471913.98  5887844.17   2.510819   0.000117   0.001041 -176.977
  471913.85  5887841.66   2.512160   0.000117   0.001041 -176.961
  471913.72  5887839.15   2.513511   0.000117   0.001042 -176.944
  471913.58  5887836.64   2.514873   0.000116   0.001042 -176.927
  471913.45  5887834.13   2.516246   0.000116   0.001042 -176.910
  471913.31  5887831.62   2.517630   0.000116   0.001042 -176.893
  471913.17  5887829.10   2.519025   0.000116   0.001042 -176.877
  471913.03  5887826.59   2.520430   0.000116   0.001042 -176.860
  471912.90  5887824.07   2.521846   0.000116   0.001042 -176.843
  471912.76  5887821.55   2.523273   0.000116   0.001042 -176.826
  471912.61  5887819.03   2.524711   0.000116   0.001042 -176.810
  471912.47  5887816.51   2.526159   0.000116   0.001042 -176.793
  471912.33  5887813.99   2.527619   0.000115   0.001043 -176.776
  471912.19  5887811.46   2.529089   0.000115   0.001043 -176.760
  471912.04  5887808.94   2.530570   0.000115   0.001043 -176.743
  471911.90  5887806.41   2.532062   0.000115   0.001043 -176.726
  471911.75  5887803.88   2.533564   0.000115   0.001043 -176.709
  471911.61  5887801.35   2.535078   0.000115   0.001043 -176.693
  471911.46  5887798.82   2.536602   0.000115   0.001043 -176.676
  471911.31  5887796.29   2.538137   0.000114   0.001043 -176.659
  471911.17  5887793.75   2.539683   0.000114   0.001043 -176.643
  471911.02  5887791.22   2.541240   0.000114   0.001043 -176.626
  471910.87  5887788.68   2.542807   0.000114   0.001043 -176.610
  471910.71  5887786.14   2.544385   0.000114   0.001043 -176.593
  471910.56  5887783.60   2.545974   0.000114   0.001042 -176.576
  471910.41  5887781.06   2.547574   0.000114   0.001042 -176.560
  471910.26  5887778.51   2.549185   0.000113   0.001042 -176.543
  471910.10  5887775.97   2.550807   0.000113   0.001042 -176.527
  471909.95  5887773.42   2.552439   0.000113   0.001042 -176.510
  471909.79  5887770.87   2.554082   0.000113   0.001042 -176.494
  471909.63  5887768.32   2.555736   0.000113   0.001042 -176.477
  471909.47  5887765.77   2.557401   0.000113   0.001042 -176.460
  471909.32  5887763.22   2.559076   0.000112   0.001042 -176.444
  471909.16  5887760.66   2.560762   0.000112   0.001042 -176.427
  471909.00  5887758.10   2.562460   0.000112   0.001042 -176.411
  471908.84  5887755.55   2.564167   0.000112   0.001041 -176.395
  471908.67  5887752.99   2.565886   0.000112   0.001041 -176.378
  471908.51  5887750.43   2.567616   0.000112   0.001041 -176.362
  471908.35  5887747.86   2.569356   0.000111   0.001041 -176.345
  471908.18  5887745.30   2.571107   0.000111   0.001041 -176.329
  471908.02  5887742.73   2.572869   0.000111   0.001041 -176.312
  471907.85  5887740.16   2.574642   0.000111   0.001040 -176.296
  471907.68  5887737.59   2.576426   0.000111   0.001040 -176.280
  471907.52  5887735.02   2.578220   0.000111   0.001040 -176.263
  471907.35  5887732.45   2.580025   0.000110   0.001040 -176.247
  471907.18  5887729.87   2.581841   0.000110   0.001040 -176.231
  471907.01  5887727.29   2.583668   0.000110   0.001039 -176.214
  471906.83  5887724.71   2.585505   0.000110   0.001039 -176.198
  471906.66  5887722.13   2.587354   0.000110   0.001039 -176.182
  471906.49  5887719.55   2.589213   0.000110   0.001039 -176.165
  471906.32  5887716.97   2.591083   0.000109   0.001038 -176.149
  471906.14  5887714.38   2.592964   0.000109   0.001038 -176.133
  471905.96  5887711.79   2.594856   0.000109   0.001038 -176.117
  471905.79  5887709.20   2.596758   0.000109   0.001037 -176.101
  471905.61  5887706.61   2.598671   0.000109   0.001037 -176.084
  471905.43  5887704.02   2.600595   0.000108   0.001037 -176.068
  471905.25  5887701.42   2.602530   0.000108   0.001037 -176.052
  471905.07  5887698.83   2.604476   0.000108   0.001036 -176.036
  471904.89  5887696.23   2.606432   0.000108   0.001036 -176.020
  471904.71  5887693.63   2.608399   0.000108   0.001036 -176.004
  471904.53  5887691.02   2.610377   0.000107   0.001035 -175.988
  471904.35  5887688.42   2.612366   0.000107   0.001035 -175.972
  471904.16  5887685.81   2.614366   0.000107   0.001035 -175.955
  471903.98  5887683.20   2.616376   0.000107   0.001034 -175.939
  471903.79  5887680.59   2.618398   0.000107   0.001034 -175.923
  471903.60  5887677.98   2.620430   0.000106   0.001033 -175.907
  471903.41  5887675.36   2.622472   0.000106   0.001033 -175.891
  471903.23  5887672.75   2.624526   0.000106   0.001033 -175.875
  471903.04  5887670.13   2.626590   0.000106   0.001032 -175.860
  471902.85  5887667.51   2.628666   0.000106   0.001032 -175.844
  471902.65  5887664.88   2.630752   0.000106   0.001034 -175.828
  471902.46  5887662.26   2.632863   0.000106   0.001036 -175.812
  471902.27  5887659.63   2.634986   0.000105   0.001031 -175.796
  471902.08  5887657.00   2.637089   0.000104   0.001020 -175.780
  471901.88  5887654.37   2.639175   0.000102   0.001010 -175.764
  471901.68  5887651.74   2.641241   0.000101   0.000999 -175.749
  471901.49  5887649.11   2.643290   0.000100   0.000989 -175.733
  471901.29  5887646.47   2.645319   0.000099   0.000978 -175.718
  471901.09  5887643.83   2.647331   0.000098   0.000968 -175.703
  471900.89  5887641.19   2.649323   0.000096   0.000958 -175.689
  471900.69  5887638.55   2.651297   0.000095   0.000947 -175.674
  471900.49  5887635.90   2.653253   0.000094   0.000937 -175.659
  471900.29  5887633.25   2.655190   0.000093   0.000927 -175.645
  471900.09  5887630.61   2.657108   0.000092   0.000916 -175.631
  471899.89  5887627.96   2.659008   0.000091   0.000906 -175.617
  471899.68  5887625.30   2.660889   0.000089   0.000896 -175.603
  471899.48  5887622.65   2.662752   0.000088   0.000886 -175.590
  471899.27  5887619.99   2.664596   0.000087   0.000875 -175.576
  471899.07  5887617.34   2.666422   0.000086   0.000865 -175.563
  471898.86  5887614.68   2.668229   0.000085   0.000855 -175.550
  471898.65  5887612.02   2.670017   0.000084   0.000845 -175.537
  471898.44  5887609.35   2.671787   0.000083   0.000835 -175.524
  471898.23  5887606.69   2.673538   0.000082   0.000825 -175.511
  471898.02  5887604.02   2.675270   0.000080   0.000815 -175.499
  471897.81  5887601.36   2.676984   0.000079   0.000805 -175.486
  471897.60  5887598.69   2.678679   0.000078   0.000795 -175.474
  471897.39  5887596.01   2.680356   0.000077   0.000785 -175.462
  471897.18  5887593.34   2.682014   0.000076   0.000775 -175.450
  471896.96  5887590.67   2.683653   0.000075   0.000765 -175.439
  471896.75  5887587.99   2.685274   0.000074   0.000755 -175.427
  471896.53  5887585.31   2.686876   0.000073   0.000745 -175.416
  471896.32  5887582.64   2.688460   0.000072   0.000735 -175.404
  471896.10  5887579.95   2.690024   0.000071   0.000725 -175.393
  471895.89  5887577.27   2.691571   0.000070   0.000715 -175.382
  471895.67  5887574.59   2.693098   0.000069   0.000705 -175.372
  471895.45  5887571.90   2.694607   0.000068   0.000695 -175.361
  471895.23  5887569.22   2.696097   0.000067   0.000685 -175.351
  471895.01  5887566.53   2.697568   0.000066   0.000675 -175.340
  471894.79  5887563.84   2.699021   0.000065   0.000666 -175.330
  471894.57  5887561.15   2.700455   0.000064   0.000656 -175.320
  471894.35  5887558.46   2.701871   0.000063   0.000646 -175.310
  471894.13  5887555.76   2.703267   0.000062   0.000636 -175.301
  471893.91  5887553.07   2.704646   0.000061   0.000626 -175.291
  471893.69  5887550.37   2.706005   0.000060   0.000617 -175.282
  471893.46  5887547.68   2.707346   0.000059   0.000607 -175.272
  471893.24  5887544.98   2.708667   0.000058   0.000597 -175.263
  471893.02  5887542.28   2.709971   0.000057   0.000587 -175.254
  471892.79  5887539.58   2.711255   0.000056   0.000578 -175.246
  471892.57  5887536.87   2.712521   0.000055   0.000568 -175.237
  471892.34  5887534.17   2.713768   0.000054   0.000558 -175.229
  471892.11  5887531.46   2.714997   0.000053   0.000549 -175.220
  471891.89  5887528.76   2.716206   0.000052   0.000539 -175.212
  471891.66  5887526.05   2.717397   0.000051   0.000529 -175.204
  471891.43  5887523.34   2.718570   0.000050   0.000520 -175.196
  471891.21  5887520.63   2.719723   0.000049   0.000510 -175.188
  471890.98  5887517.92   2.720858   0.000048   0.000500 -175.181
  471890.75  5887515.21   2.721974   0.000047   0.000491 -175.173
  471890.52  5887512.50   2.723071   0.000046   0.000481 -175.166
  471890.29  5887509.78   2.724150   0.000045   0.000472 -175.159
  471890.06  5887507.07   2.725210   0.000044   0.000462 -175.152
  471889.83  5887504.35   2.726251   0.000043   0.000453 -175.145
  471889.60  5887501.64   2.727273   0.000042   0.000443 -175.138
  471889.36  5887498.92   2.728277   0.000041   0.000433 -175.132
  471889.13  5887496.20   2.729262   0.000040   0.000424 -175.125
  471888.90  5887493.48   2.730228   0.000039   0.000414 -175.119
  471888.67  5887490.76   2.731175   0.000038   0.000405 -175.113
  471888.43  5887488.04   2.732104   0.000037   0.000395 -175.107
  471888.20  5887485.31   2.733013   0.000037   0.000386 -175.101
  471887.97  5887482.59   2.733904   0.000036   0.000376 -175.095
  471887.73  5887479.87   2.734777   0.000035   0.000367 -175.090
  471887.50  5887477.14   2.735630   0.000034   0.000357 -175.084
  471887.26  5887474.41   2.736465   0.000033   0.000348 -175.079
  471887.03  5887471.69   2.737281   0.000032   0.000339 -175.074
  471886.79  5887468.96   2.738078   0.000031   0.000329 -175.069
  471886.56  5887466.23   2.738857   0.000030   0.000320 -175.064
  471886.32  5887463.50   2.739616   0.000029   0.000310 -175.059
  471886.09  5887460.77   2.740357   0.000028   0.000301 -175.055
  471885.85  5887458.04   2.741080   0.000027   0.000291 -175.050
  471885.61  5887455.31   2.741783   0.000027   0.000282 -175.046
  471885.38  5887452.58   2.742467   0.000026   0.000273 -175.042
  471885.14  5887449.85   2.743133   0.000025   0.000263 -175.038
  471884.90  5887447.11   2.743780   0.000024   0.000254 -175.034
  471884.66  5887444.38   2.744409   0.000023   0.000244 -175.030
  471884.43  5887441.65   2.745018   0.000022   0.000235 -175.026
  471884.19  5887438.91   2.745609   0.000021   0.000226 -175.023
  471883.95  5887436.18   2.746181   0.000020   0.000216 -175.020
  471883.71  5887433.44   2.746734   0.000019   0.000207 -175.016
  471883.47  5887430.70   2.747268   0.000019   0.000197 -175.013
  471883.23  5887427.97   2.747783   0.000018   0.000188 -175.010
  471882.99  5887425.23   2.748280   0.000017   0.000179 -175.008
  471882.75  5887422.49   2.748758   0.000016   0.000169 -175.005
  471882.52  5887419.75   2.749217   0.000015   0.000160 -175.002
  471882.28  5887417.01   2.749658   0.000014   0.000151 -175.000
  471882.04  5887414.27   2.750079   0.000013   0.000141 -174.998
  471881.80  5887411.53   2.750482   0.000012   0.000132 -174.996
  471881.56  5887408.79   2.750866   0.000011   0.000123 -174.994
  471881.32  5887406.05   2.751231   0.000011   0.000113 -174.992
  471881.08  5887403.31   2.751577   0.000010   0.000104 -174.990
  471880.84  5887400.57   2.751905   0.000009   0.000095 -174.989
  471880.59  5887397.83   2.752214   0.000008   0.000085 -174.987
  471880.35  5887395.09   2.752503   0.000007   0.000076 -174.986
  471880.11  5887392.34   2.752775   0.000006   0.000067 -174.985
  471879.87  5887389.60   2.753027   0.000005   0.000057 -174.984
  471879.63  5887386.86   2.753261   0.000004   0.000046 -174.983
  471879.39  5887384.12   2.753472   0.000003   0.000035 -174.983
  471879.15  5887381.37   2.753665   0.000003   0.000029 -174.982
  471878.91  5887378.63   2.753845   0.000003   0.000028 -174.982
  471878.67  5887375.89   2.754013   0.000002   0.000026 -174.981
  471878.43  5887373.14   2.754169   0.000002   0.000024 -174.981
  471878.19  5887370.40   2.754312   0.000002   0.000022 -174.981
  471877.95  5887367.66   2.754442   0.000002   0.000020 -174.980
  471877.70  5887364.91   2.754560   0.000002   0.000018 -174.980
  471877.46  5887362.17   2.754666   0.000001   0.000016 -174.980
  471877.22  5887359.42   2.754759   0.000001   0.000014 -174.979
  471876.98  5887356.68   2.754840   0.000001   0.000012 -174.979
  471876.74  5887353.94   2.754909   0.000001   0.000010 -174.979
  471876.50  5887351.19   2.754965   0.000001   0.000008 -174.979
  471876.26  5887348.45   2.755008   0.000001   0.000006 -174.979
  471876.02  5887345.70   2.755039   0.000000   0.000003 -174.979
  471875.78  5887342.96   2.755052   0.000000   0.000002 -174.979
