  474210.99  5894143.49   1.335751   0.000001   0.000003    0.000
  474210.52  5894142.24   1.336916   0.000003   0.000007 -159.547
  474210.05  5894140.98   1.339237   0.000006   0.000014 -159.547
  474209.59  5894139.73   1.341542   0.000008   0.000021 -159.548
  474209.12  5894138.47   1.343833   0.000011   0.000028 -159.548
  474208.65  5894137.21   1.346109   0.000014   0.000035 -159.549
  474208.18  5894135.95   1.348370   0.000016   0.000042 -159.550
  474207.71  5894134.68   1.350616   0.000019   0.000049 -159.551
  474207.23  5894133.42   1.352846   0.000022   0.000056 -159.553
  474206.76  5894132.15   1.355062   0.000024   0.000063 -159.554
  474206.29  5894130.88   1.357263   0.000027   0.000070 -159.556
  474205.81  5894129.60   1.359449   0.000029   0.000076 -159.558
  474205.34  5894128.33   1.361619   0.000032   0.000083 -159.561
  474204.86  5894127.05   1.363775   0.000034   0.000090 -159.563
  474204.38  5894125.77   1.365916   0.000037   0.000097 -159.566
  474203.91  5894124.49   1.368041   0.000039   0.000104 -159.569
  474203.43  5894123.21   1.370152   0.000042   0.000111 -159.572
  474202.95  5894121.92   1.372247   0.000044   0.000118 -159.575
  474202.47  5894120.64   1.374328   0.000047   0.000124 -159.579
  474201.99  5894119.35   1.376394   0.000049   0.000131 -159.582
  474201.51  5894118.06   1.378444   0.000051   0.000138 -159.586
  474201.03  5894116.76   1.380480   0.000054   0.000145 -159.590
  474200.55  5894115.47   1.382500   0.000056   0.000152 -159.594
  474200.07  5894114.17   1.384506   0.000058   0.000159 -159.599
  474199.58  5894112.87   1.386496   0.000061   0.000165 -159.603
  474199.10  5894111.57   1.388472   0.000063   0.000172 -159.608
  474198.62  5894110.27   1.390432   0.000065   0.000179 -159.613
  474198.13  5894108.97   1.392378   0.000068   0.000186 -159.619
  474197.65  5894107.66   1.394308   0.000070   0.000192 -159.624
  474197.16  5894106.35   1.396223   0.000072   0.000199 -159.630
  474196.67  5894105.04   1.398124   0.000075   0.000206 -159.635
  474196.19  5894103.73   1.400009   0.000077   0.000213 -159.641
  474195.70  5894102.42   1.401880   0.000079   0.000220 -159.647
  474195.21  5894101.10   1.403735   0.000081   0.000226 -159.654
  474194.72  5894099.79   1.405576   0.000083   0.000233 -159.660
  474194.24  5894098.47   1.407401   0.000086   0.000240 -159.667
  474193.75  5894097.15   1.409212   0.000088   0.000247 -159.674
  474193.26  5894095.82   1.411007   0.000090   0.000253 -159.681
  474192.77  5894094.50   1.412788   0.000092   0.000260 -159.688
  474192.28  5894093.17   1.414553   0.000094   0.000267 -159.696
  474191.79  5894091.85   1.416304   0.000096   0.000273 -159.703
  474191.29  5894090.52   1.418039   0.000099   0.000280 -159.711
  474190.80  5894089.19   1.419760   0.000101   0.000287 -159.719
  474190.31  5894087.85   1.421466   0.000103   0.000294 -159.727
  474189.82  5894086.52   1.423156   0.000105   0.000300 -159.736
  474189.32  5894085.18   1.424832   0.000107   0.000307 -159.744
  474188.83  5894083.85   1.426493   0.000109   0.000314 -159.753
  474188.34  5894082.51   1.428138   0.000111   0.000321 -159.762
  474187.84  5894081.17   1.429769   0.000113   0.000327 -159.771
  474187.35  5894079.82   1.431385   0.000115   0.000334 -159.780
  474186.85  5894078.48   1.432986   0.000117   0.000341 -159.790
  474186.36  5894077.13   1.434571   0.000119   0.000347 -159.799
  474185.86  5894075.79   1.436142   0.000121   0.000354 -159.809
  474185.37  5894074.44   1.437698   0.000123   0.000361 -159.819
  474184.87  5894073.09   1.439239   0.000126   0.000368 -159.829
  474184.38  5894071.74   1.440765   0.000128   0.000374 -159.840
  474183.88  5894070.38   1.442276   0.000130   0.000381 -159.850
  474183.38  5894069.03   1.443772   0.000132   0.000388 -159.861
  474182.88  5894067.67   1.445254   0.000134   0.000395 -159.872
  474182.39  5894066.31   1.446720   0.000135   0.000401 -159.883
  474181.89  5894064.95   1.448172   0.000137   0.000407 -159.894
  474181.39  5894063.59   1.449609   0.000140   0.000415 -159.906
  474180.89  5894062.23   1.451030   0.000142   0.000424 -159.917
  474180.40  5894060.87   1.452433   0.000145   0.000433 -159.929
  474179.90  5894059.50   1.453820   0.000148   0.000442 -159.941
  474179.40  5894058.14   1.455190   0.000151   0.000451 -159.953
  474178.90  5894056.77   1.456543   0.000153   0.000460 -159.966
  474178.40  5894055.40   1.457879   0.000156   0.000469 -159.979
  474177.90  5894054.03   1.459198   0.000159   0.000478 -159.992
  474177.40  5894052.66   1.460500   0.000162   0.000487 -160.005
  474176.90  5894051.28   1.461786   0.000164   0.000497 -160.019
  474176.40  5894049.91   1.463054   0.000167   0.000506 -160.032
  474175.90  5894048.53   1.464306   0.000170   0.000515 -160.046
  474175.41  5894047.16   1.465541   0.000172   0.000524 -160.061
  474174.91  5894045.78   1.466759   0.000175   0.000533 -160.075
  474174.41  5894044.40   1.467960   0.000178   0.000542 -160.090
  474173.91  5894043.02   1.469144   0.000181   0.000551 -160.105
  474173.41  5894041.64   1.470311   0.000183   0.000560 -160.120
  474172.91  5894040.25   1.471462   0.000186   0.000570 -160.135
  474172.41  5894038.87   1.472596   0.000189   0.000579 -160.151
  474171.91  5894037.48   1.473711   0.000192   0.000589 -160.167
  474171.41  5894036.09   1.474809   0.000194   0.000597 -160.183
  474170.91  5894034.71   1.475894   0.000196   0.000603 -160.200
  474170.41  5894033.32   1.476967   0.000197   0.000609 -160.216
  474169.91  5894031.93   1.478028   0.000199   0.000615 -160.233
  474169.41  5894030.54   1.479076   0.000201   0.000621 -160.250
  474168.91  5894029.14   1.480111   0.000202   0.000627 -160.267
  474168.41  5894027.75   1.481134   0.000204   0.000633 -160.284
  474167.91  5894026.35   1.482144   0.000206   0.000639 -160.301
  474167.41  5894024.96   1.483141   0.000207   0.000645 -160.319
  474166.91  5894023.56   1.484127   0.000209   0.000652 -160.336
  474166.41  5894022.16   1.485099   0.000211   0.000658 -160.354
  474165.91  5894020.76   1.486059   0.000213   0.000664 -160.372
  474165.41  5894019.36   1.487007   0.000214   0.000670 -160.390
  474164.92  5894017.96   1.487942   0.000216   0.000676 -160.408
  474164.42  5894016.56   1.488865   0.000218   0.000682 -160.427
  474163.92  5894015.16   1.489775   0.000219   0.000688 -160.445
  474163.42  5894013.75   1.490672   0.000221   0.000694 -160.464
  474162.92  5894012.35   1.491557   0.000223   0.000700 -160.483
  474162.42  5894010.94   1.492430   0.000224   0.000707 -160.502
  474161.93  5894009.53   1.493290   0.000226   0.000713 -160.521
  474161.43  5894008.12   1.494137   0.000228   0.000719 -160.541
  474160.93  5894006.71   1.494973   0.000229   0.000725 -160.560
  474160.43  5894005.30   1.495795   0.000231   0.000731 -160.580
  474159.94  5894003.89   1.496605   0.000233   0.000738 -160.600
  474159.44  5894002.48   1.497403   0.000235   0.000744 -160.619
  474158.94  5894001.07   1.498188   0.000236   0.000750 -160.640
  474158.45  5893999.65   1.498961   0.000238   0.000756 -160.660
  474157.95  5893998.24   1.499721   0.000240   0.000762 -160.680
  474157.46  5893996.82   1.500469   0.000241   0.000769 -160.701
  474156.96  5893995.41   1.501205   0.000243   0.000775 -160.722
  474156.46  5893993.99   1.501928   0.000245   0.000781 -160.743
  474155.97  5893992.57   1.502638   0.000247   0.000787 -160.764
  474155.47  5893991.15   1.503336   0.000248   0.000794 -160.785
  474154.98  5893989.73   1.504022   0.000250   0.000800 -160.806
  474154.49  5893988.31   1.504695   0.000252   0.000806 -160.828
  474153.99  5893986.89   1.505356   0.000254   0.000813 -160.850
  474153.50  5893985.47   1.506005   0.000256   0.000820 -160.871
  474153.01  5893984.04   1.506639   0.000258   0.000827 -160.893
  474152.51  5893982.62   1.507260   0.000259   0.000832 -160.916
  474152.02  5893981.19   1.507874   0.000260   0.000835 -160.938
  474151.53  5893979.77   1.508479   0.000260   0.000838 -160.961
  474151.04  5893978.34   1.509077   0.000261   0.000841 -160.983
  474150.55  5893976.91   1.509666   0.000262   0.000844 -161.006
  474150.06  5893975.49   1.510247   0.000262   0.000847 -161.028
  474149.57  5893974.06   1.510821   0.000263   0.000850 -161.051
  474149.07  5893972.63   1.511386   0.000264   0.000853 -161.074
  474148.59  5893971.20   1.511944   0.000265   0.000856 -161.097
  474148.10  5893969.77   1.512493   0.000265   0.000859 -161.120
  474147.61  5893968.34   1.513034   0.000266   0.000862 -161.143
  474147.12  5893966.90   1.513568   0.000267   0.000865 -161.166
  474146.63  5893965.47   1.514093   0.000268   0.000868 -161.189
  474146.14  5893964.04   1.514611   0.000268   0.000871 -161.212
  474145.66  5893962.60   1.515120   0.000269   0.000874 -161.235
  474145.17  5893961.17   1.515622   0.000270   0.000877 -161.259
  474144.68  5893959.73   1.516115   0.000271   0.000880 -161.282
  474144.20  5893958.30   1.516601   0.000272   0.000884 -161.306
  474143.71  5893956.86   1.517076   0.000273   0.000889 -161.329
  474143.23  5893955.42   1.517543   0.000273   0.000889 -161.353
  474142.74  5893953.98   1.518007   0.000272   0.000888 -161.377
  474142.26  5893952.54   1.518467   0.000272   0.000886 -161.400
  474141.77  5893951.10   1.518925   0.000271   0.000884 -161.424
  474141.29  5893949.66   1.519379   0.000270   0.000883 -161.448
  474140.81  5893948.22   1.519830   0.000270   0.000881 -161.471
  474140.32  5893946.78   1.520277   0.000269   0.000880 -161.495
  474139.84  5893945.34   1.520722   0.000268   0.000878 -161.518
  474139.36  5893943.90   1.521163   0.000268   0.000876 -161.541
  474138.88  5893942.45   1.521601   0.000267   0.000875 -161.565
  474138.40  5893941.01   1.522035   0.000267   0.000873 -161.588
  474137.92  5893939.56   1.522466   0.000266   0.000872 -161.611
  474137.44  5893938.12   1.522894   0.000265   0.000870 -161.635
  474136.96  5893936.67   1.523319   0.000265   0.000869 -161.658
  474136.48  5893935.23   1.523740   0.000264   0.000867 -161.681
  474136.00  5893933.78   1.524158   0.000263   0.000865 -161.704
  474135.52  5893932.33   1.524573   0.000263   0.000864 -161.727
  474135.05  5893930.88   1.524985   0.000262   0.000862 -161.750
  474134.57  5893929.44   1.525393   0.000262   0.000861 -161.773
  474134.09  5893927.99   1.525798   0.000261   0.000860 -161.796
  474133.62  5893926.54   1.526198   0.000261   0.000860 -161.818
  474133.14  5893925.09   1.526594   0.000260   0.000856 -161.841
  474132.67  5893923.64   1.526991   0.000258   0.000851 -161.864
  474132.19  5893922.18   1.527388   0.000256   0.000846 -161.887
  474131.72  5893920.73   1.527786   0.000255   0.000840 -161.909
  474131.24  5893919.28   1.528185   0.000253   0.000835 -161.931
  474130.77  5893917.83   1.528584   0.000251   0.000830 -161.953
  474130.30  5893916.37   1.528983   0.000249   0.000824 -161.975
  474129.82  5893914.92   1.529383   0.000248   0.000819 -161.997
  474129.35  5893913.46   1.529783   0.000246   0.000814 -162.019
  474128.88  5893912.01   1.530183   0.000244   0.000808 -162.041
  474128.41  5893910.55   1.530584   0.000242   0.000803 -162.062
  474127.94  5893909.10   1.530986   0.000241   0.000798 -162.083
  474127.47  5893907.64   1.531388   0.000239   0.000793 -162.104
  474127.00  5893906.18   1.531790   0.000237   0.000787 -162.125
  474126.53  5893904.72   1.532193   0.000236   0.000782 -162.146
  474126.06  5893903.26   1.532596   0.000234   0.000777 -162.167
  474125.59  5893901.80   1.532999   0.000232   0.000771 -162.187
  474125.12  5893900.34   1.533403   0.000230   0.000766 -162.208
  474124.65  5893898.88   1.533808   0.000229   0.000761 -162.228
  474124.18  5893897.42   1.534212   0.000227   0.000755 -162.248
  474123.72  5893895.96   1.534617   0.000225   0.000750 -162.268
  474123.25  5893894.50   1.535023   0.000224   0.000745 -162.288
  474122.78  5893893.04   1.535429   0.000222   0.000740 -162.307
  474122.32  5893891.57   1.535835   0.000220   0.000734 -162.327
  474121.85  5893890.11   1.536242   0.000218   0.000729 -162.346
  474121.39  5893888.65   1.536649   0.000217   0.000724 -162.366
  474120.92  5893887.18   1.537056   0.000215   0.000718 -162.385
  474120.46  5893885.72   1.537464   0.000213   0.000713 -162.404
  474119.99  5893884.25   1.537872   0.000212   0.000708 -162.422
  474119.53  5893882.78   1.538281   0.000210   0.000703 -162.441
  474119.06  5893881.32   1.538690   0.000208   0.000697 -162.459
  474118.60  5893879.85   1.539099   0.000207   0.000692 -162.478
  474118.14  5893878.38   1.539508   0.000205   0.000687 -162.496
  474117.68  5893876.91   1.539918   0.000203   0.000682 -162.514
  474117.21  5893875.44   1.540329   0.000202   0.000676 -162.532
  474116.75  5893873.97   1.540739   0.000200   0.000671 -162.550
  474116.29  5893872.50   1.541150   0.000198   0.000666 -162.568
  474115.83  5893871.03   1.541561   0.000197   0.000660 -162.585
  474115.37  5893869.56   1.541973   0.000195   0.000655 -162.602
  474114.91  5893868.09   1.542385   0.000193   0.000650 -162.620
  474114.45  5893866.62   1.542797   0.000191   0.000645 -162.637
  474113.99  5893865.14   1.543210   0.000190   0.000639 -162.654
  474113.53  5893863.67   1.543623   0.000188   0.000634 -162.670
  474113.07  5893862.20   1.544036   0.000187   0.000629 -162.687
  474112.61  5893860.72   1.544449   0.000185   0.000624 -162.704
  474112.15  5893859.25   1.544863   0.000183   0.000618 -162.720
  474111.69  5893857.77   1.545277   0.000182   0.000613 -162.736
  474111.23  5893856.30   1.545692   0.000180   0.000608 -162.752
  474110.77  5893854.82   1.546106   0.000178   0.000603 -162.768
  474110.32  5893853.34   1.546521   0.000177   0.000597 -162.784
  474109.86  5893851.87   1.546937   0.000175   0.000592 -162.800
  474109.40  5893850.39   1.547352   0.000173   0.000587 -162.815
  474108.94  5893848.91   1.547768   0.000172   0.000582 -162.830
  474108.49  5893847.43   1.548184   0.000170   0.000576 -162.846
  474108.03  5893845.95   1.548601   0.000168   0.000571 -162.861
  474107.58  5893844.47   1.549017   0.000167   0.000566 -162.876
  474107.12  5893842.99   1.549434   0.000165   0.000561 -162.890
  474106.66  5893841.51   1.549851   0.000163   0.000555 -162.905
  474106.21  5893840.03   1.550270   0.000161   0.000549 -162.920
  474105.75  5893838.54   1.550688   0.000160   0.000545 -162.934
  474105.30  5893837.06   1.551105   0.000159   0.000542 -162.948
  474104.85  5893835.58   1.551521   0.000159   0.000540 -162.962
  474104.39  5893834.09   1.551936   0.000158   0.000537 -162.976
  474103.94  5893832.61   1.552349   0.000157   0.000535 -162.990
  474103.48  5893831.13   1.552760   0.000156   0.000532 -163.004
  474103.03  5893829.64   1.553170   0.000155   0.000530 -163.018
  474102.58  5893828.15   1.553579   0.000154   0.000527 -163.032
  474102.12  5893826.67   1.553986   0.000154   0.000525 -163.046
  474101.67  5893825.18   1.554392   0.000153   0.000522 -163.059
  474101.22  5893823.69   1.554796   0.000152   0.000520 -163.073
  474100.77  5893822.21   1.555199   0.000151   0.000517 -163.087
  474100.31  5893820.72   1.555601   0.000150   0.000515 -163.100
  474099.86  5893819.23   1.556001   0.000150   0.000512 -163.114
  474099.41  5893817.74   1.556399   0.000149   0.000510 -163.127
  474098.96  5893816.25   1.556797   0.000148   0.000507 -163.140
  474098.51  5893814.76   1.557192   0.000147   0.000505 -163.153
  474098.06  5893813.27   1.557587   0.000146   0.000502 -163.166
  474097.60  5893811.78   1.557980   0.000146   0.000500 -163.179
  474097.15  5893810.29   1.558371   0.000145   0.000497 -163.192
  474096.70  5893808.80   1.558761   0.000144   0.000495 -163.205
  474096.25  5893807.30   1.559150   0.000143   0.000492 -163.218
  474095.80  5893805.81   1.559537   0.000142   0.000490 -163.231
  474095.35  5893804.32   1.559923   0.000142   0.000487 -163.244
  474094.90  5893802.82   1.560307   0.000141   0.000485 -163.256
  474094.46  5893801.33   1.560690   0.000140   0.000482 -163.269
  474094.01  5893799.83   1.561071   0.000139   0.000480 -163.281
  474093.56  5893798.34   1.561451   0.000138   0.000477 -163.294
  474093.11  5893796.84   1.561830   0.000138   0.000475 -163.306
  474092.66  5893795.35   1.562207   0.000137   0.000472 -163.319
  474092.21  5893793.85   1.562582   0.000136   0.000470 -163.331
  474091.76  5893792.35   1.562957   0.000135   0.000467 -163.343
  474091.32  5893790.85   1.563329   0.000134   0.000465 -163.355
  474090.87  5893789.36   1.563701   0.000134   0.000462 -163.367
  474090.42  5893787.86   1.564070   0.000133   0.000460 -163.379
  474089.97  5893786.36   1.564439   0.000132   0.000457 -163.391
  474089.53  5893784.86   1.564806   0.000131   0.000455 -163.403
  474089.08  5893783.36   1.565171   0.000131   0.000452 -163.415
  474088.63  5893781.86   1.565535   0.000130   0.000450 -163.426
  474088.19  5893780.36   1.565897   0.000129   0.000447 -163.438
  474087.74  5893778.86   1.566259   0.000128   0.000445 -163.450
  474087.30  5893777.35   1.566618   0.000127   0.000442 -163.461
  474086.85  5893775.85   1.566976   0.000127   0.000440 -163.473
  474086.41  5893774.35   1.567333   0.000126   0.000437 -163.484
  474085.96  5893772.85   1.567688   0.000125   0.000435 -163.495
  474085.51  5893771.34   1.568042   0.000124   0.000433 -163.506
  474085.07  5893769.84   1.568394   0.000124   0.000430 -163.518
  474084.63  5893768.34   1.568745   0.000123   0.000428 -163.529
  474084.18  5893766.83   1.569094   0.000122   0.000425 -163.540
  474083.74  5893765.33   1.569442   0.000121   0.000423 -163.551
  474083.29  5893763.82   1.569788   0.000121   0.000420 -163.562
  474082.85  5893762.32   1.570133   0.000120   0.000418 -163.573
  474082.40  5893760.81   1.570477   0.000119   0.000415 -163.583
  474081.96  5893759.30   1.570819   0.000118   0.000413 -163.594
  474081.52  5893757.79   1.571159   0.000118   0.000410 -163.605
  474081.07  5893756.29   1.571498   0.000117   0.000408 -163.615
  474080.63  5893754.78   1.571836   0.000116   0.000406 -163.626
  474080.19  5893753.27   1.572172   0.000115   0.000402 -163.636
  474079.75  5893751.76   1.572506   0.000114   0.000399 -163.647
  474079.30  5893750.25   1.572839   0.000114   0.000398 -163.657
  474078.86  5893748.74   1.573171   0.000114   0.000399 -163.667
  474078.42  5893747.23   1.573501   0.000114   0.000400 -163.677
  474077.98  5893745.72   1.573830   0.000114   0.000400 -163.688
  474077.53  5893744.21   1.574157   0.000114   0.000401 -163.698
  474077.09  5893742.70   1.574482   0.000115   0.000401 -163.708
  474076.65  5893741.19   1.574806   0.000115   0.000402 -163.719
  474076.21  5893739.68   1.575129   0.000115   0.000403 -163.729
  474075.77  5893738.17   1.575450   0.000115   0.000403 -163.739
  474075.33  5893736.65   1.575769   0.000115   0.000404 -163.750
  474074.89  5893735.14   1.576087   0.000115   0.000405 -163.760
  474074.45  5893733.63   1.576404   0.000115   0.000405 -163.771
  474074.01  5893732.11   1.576719   0.000116   0.000406 -163.781
  474073.57  5893730.60   1.577032   0.000116   0.000407 -163.791
  474073.13  5893729.08   1.577344   0.000116   0.000407 -163.802
  474072.69  5893727.57   1.577655   0.000116   0.000408 -163.812
  474072.25  5893726.05   1.577964   0.000116   0.000409 -163.823
  474071.81  5893724.54   1.578271   0.000116   0.000409 -163.833
  474071.37  5893723.02   1.578577   0.000116   0.000410 -163.844
  474070.93  5893721.51   1.578882   0.000117   0.000411 -163.854
  474070.49  5893719.99   1.579185   0.000117   0.000411 -163.865
  474070.05  5893718.47   1.579486   0.000117   0.000412 -163.875
  474069.61  5893716.95   1.579786   0.000117   0.000413 -163.886
  474069.18  5893715.44   1.580085   0.000117   0.000413 -163.897
  474068.74  5893713.92   1.580381   0.000117   0.000414 -163.907
  474068.30  5893712.40   1.580677   0.000117   0.000415 -163.918
  474067.86  5893710.88   1.580971   0.000118   0.000415 -163.928
  474067.42  5893709.36   1.581263   0.000118   0.000416 -163.939
  474066.99  5893707.84   1.581554   0.000118   0.000417 -163.950
  474066.55  5893706.32   1.581844   0.000118   0.000417 -163.960
  474066.11  5893704.80   1.582132   0.000118   0.000418 -163.971
  474065.68  5893703.28   1.582418   0.000118   0.000419 -163.982
  474065.24  5893701.76   1.582703   0.000118   0.000419 -163.992
  474064.80  5893700.24   1.582986   0.000119   0.000420 -164.003
  474064.37  5893698.71   1.583268   0.000119   0.000421 -164.014
  474063.93  5893697.19   1.583549   0.000119   0.000421 -164.025
  474063.50  5893695.67   1.583828   0.000119   0.000422 -164.036
  474063.06  5893694.15   1.584105   0.000119   0.000423 -164.046
  474062.63  5893692.62   1.584381   0.000119   0.000423 -164.057
  474062.19  5893691.10   1.584655   0.000119   0.000424 -164.068
  474061.76  5893689.58   1.584928   0.000120   0.000425 -164.079
  474061.32  5893688.05   1.585200   0.000120   0.000426 -164.090
  474060.89  5893686.53   1.585470   0.000120   0.000426 -164.101
  474060.45  5893685.00   1.585738   0.000120   0.000427 -164.111
  474060.02  5893683.48   1.586005   0.000120   0.000428 -164.122
  474059.59  5893681.95   1.586270   0.000120   0.000428 -164.133
  474059.15  5893680.43   1.586534   0.000120   0.000429 -164.144
  474058.72  5893678.90   1.586797   0.000121   0.000429 -164.155
  474058.29  5893677.37   1.587060   0.000121   0.000430 -164.166
  474057.85  5893675.84   1.587321   0.000121   0.000431 -164.177
  474057.42  5893674.32   1.587577   0.000121   0.000433 -164.188
  474056.99  5893672.79   1.587827   0.000122   0.000434 -164.199
  474056.56  5893671.26   1.588071   0.000122   0.000436 -164.210
  474056.12  5893669.73   1.588310   0.000123   0.000438 -164.221
  474055.69  5893668.20   1.588542   0.000123   0.000439 -164.232
  474055.26  5893666.68   1.588769   0.000123   0.000441 -164.244
  474054.83  5893665.15   1.588990   0.000124   0.000442 -164.255
  474054.40  5893663.62   1.589205   0.000124   0.000444 -164.266
  474053.97  5893662.09   1.589415   0.000125   0.000446 -164.278
  474053.54  5893660.56   1.589618   0.000125   0.000447 -164.289
  474053.11  5893659.03   1.589816   0.000126   0.000449 -164.300
  474052.68  5893657.50   1.590008   0.000126   0.000451 -164.312
  474052.25  5893655.96   1.590194   0.000126   0.000452 -164.323
  474051.82  5893654.43   1.590375   0.000127   0.000454 -164.335
  474051.39  5893652.90   1.590549   0.000127   0.000456 -164.346
  474050.96  5893651.37   1.590718   0.000128   0.000457 -164.358
  474050.53  5893649.84   1.590881   0.000128   0.000459 -164.370
  474050.10  5893648.31   1.591039   0.000129   0.000461 -164.381
  474049.68  5893646.77   1.591190   0.000129   0.000462 -164.393
  474049.25  5893645.24   1.591336   0.000130   0.000464 -164.405
  474048.82  5893643.71   1.591476   0.000130   0.000466 -164.417
  474048.39  5893642.18   1.591610   0.000130   0.000467 -164.428
  474047.97  5893640.64   1.591738   0.000131   0.000469 -164.440
  474047.54  5893639.11   1.591861   0.000131   0.000471 -164.452
  474047.11  5893637.57   1.591977   0.000132   0.000472 -164.464
  474046.69  5893636.04   1.592088   0.000132   0.000474 -164.476
  474046.26  5893634.51   1.592193   0.000133   0.000476 -164.488
  474045.84  5893632.97   1.592293   0.000133   0.000478 -164.500
  474045.41  5893631.44   1.592386   0.000134   0.000479 -164.513
  474044.99  5893629.90   1.592474   0.000134   0.000481 -164.525
  474044.56  5893628.37   1.592556   0.000135   0.000483 -164.537
  474044.14  5893626.83   1.592632   0.000135   0.000484 -164.549
  474043.71  5893625.30   1.592703   0.000136   0.000486 -164.562
  474043.29  5893623.76   1.592768   0.000136   0.000488 -164.574
  474042.87  5893622.23   1.592827   0.000136   0.000490 -164.586
  474042.44  5893620.69   1.592880   0.000137   0.000491 -164.599
  474042.02  5893619.16   1.592927   0.000137   0.000493 -164.611
  474041.60  5893617.62   1.592969   0.000138   0.000495 -164.624
  474041.18  5893616.08   1.593005   0.000138   0.000497 -164.636
  474040.75  5893614.55   1.593035   0.000139   0.000498 -164.649
  474040.33  5893613.01   1.593059   0.000139   0.000500 -164.662
  474039.91  5893611.47   1.593077   0.000140   0.000502 -164.675
  474039.49  5893609.94   1.593090   0.000140   0.000504 -164.687
  474039.07  5893608.40   1.593097   0.000141   0.000505 -164.700
  474038.65  5893606.86   1.593098   0.000141   0.000507 -164.713
  474038.23  5893605.33   1.593094   0.000142   0.000509 -164.726
  474037.81  5893603.79   1.593083   0.000142   0.000511 -164.739
  474037.39  5893602.25   1.593067   0.000143   0.000513 -164.752
  474036.97  5893600.72   1.593045   0.000143   0.000514 -164.765
  474036.56  5893599.18   1.593018   0.000144   0.000516 -164.778
  474036.14  5893597.64   1.592984   0.000144   0.000518 -164.791
  474035.72  5893596.11   1.592945   0.000145   0.000520 -164.804
  474035.30  5893594.57   1.592900   0.000145   0.000521 -164.817
  474034.89  5893593.03   1.592850   0.000146   0.000523 -164.831
  474034.47  5893591.49   1.592793   0.000146   0.000525 -164.844
  474034.05  5893589.96   1.592731   0.000147   0.000527 -164.857
  474033.64  5893588.42   1.592663   0.000147   0.000529 -164.871
  474033.22  5893586.88   1.592589   0.000148   0.000531 -164.884
  474032.81  5893585.34   1.592510   0.000148   0.000532 -164.898
  474032.39  5893583.81   1.592424   0.000149   0.000534 -164.911
  474031.98  5893582.27   1.592333   0.000149   0.000536 -164.925
  474031.57  5893580.73   1.592237   0.000150   0.000538 -164.938
  474031.15  5893579.19   1.592134   0.000151   0.000540 -164.952
  474030.74  5893577.66   1.592026   0.000151   0.000542 -164.966
  474030.33  5893576.12   1.591912   0.000152   0.000543 -164.980
  474029.91  5893574.58   1.591792   0.000152   0.000545 -164.993
  474029.50  5893573.04   1.591667   0.000153   0.000547 -165.007
  474029.09  5893571.50   1.591535   0.000153   0.000549 -165.021
  474028.68  5893569.97   1.591398   0.000154   0.000551 -165.035
  474028.27  5893568.43   1.591256   0.000154   0.000553 -165.049
  474027.86  5893566.89   1.591107   0.000155   0.000555 -165.063
  474027.45  5893565.36   1.590953   0.000155   0.000556 -165.077
  474027.04  5893563.82   1.590793   0.000156   0.000558 -165.092
  474026.63  5893562.28   1.590627   0.000157   0.000560 -165.106
  474026.22  5893560.74   1.590456   0.000157   0.000562 -165.120
  474025.82  5893559.21   1.590278   0.000158   0.000564 -165.134
  474025.41  5893557.67   1.590095   0.000158   0.000566 -165.149
  474025.00  5893556.13   1.589907   0.000159   0.000568 -165.163
  474024.59  5893554.60   1.589712   0.000159   0.000570 -165.178
  474024.19  5893553.06   1.589512   0.000160   0.000572 -165.192
  474023.78  5893551.52   1.589306   0.000161   0.000573 -165.207
  474023.38  5893549.99   1.589095   0.000161   0.000575 -165.221
  474022.97  5893548.45   1.588877   0.000162   0.000577 -165.236
  474022.57  5893546.91   1.588654   0.000162   0.000579 -165.251
  474022.16  5893545.38   1.588425   0.000163   0.000581 -165.266
  474021.76  5893543.84   1.588191   0.000163   0.000583 -165.280
  474021.36  5893542.30   1.587950   0.000164   0.000585 -165.295
  474020.95  5893540.77   1.587704   0.000165   0.000587 -165.310
  474020.55  5893539.23   1.587453   0.000165   0.000589 -165.325
  474020.15  5893537.70   1.587195   0.000166   0.000591 -165.340
  474019.75  5893536.16   1.586932   0.000166   0.000593 -165.355
  474019.35  5893534.63   1.586663   0.000167   0.000595 -165.370
  474018.95  5893533.09   1.586388   0.000168   0.000597 -165.386
  474018.55  5893531.56   1.586108   0.000168   0.000599 -165.401
  474018.15  5893530.02   1.585822   0.000169   0.000601 -165.416
  474017.75  5893528.49   1.585530   0.000169   0.000601 -165.431
  474017.35  5893526.95   1.585230   0.000169   0.000602 -165.447
  474016.95  5893525.42   1.584925   0.000171   0.000607 -165.462
  474016.56  5893523.88   1.584618   0.000173   0.000614 -165.478
  474016.16  5893522.35   1.584309   0.000175   0.000621 -165.493
  474015.76  5893520.81   1.583999   0.000177   0.000628 -165.509
  474015.37  5893519.28   1.583686   0.000179   0.000635 -165.525
  474014.97  5893517.75   1.583372   0.000181   0.000642 -165.542
  474014.58  5893516.21   1.583056   0.000183   0.000649 -165.558
  474014.18  5893514.68   1.582738   0.000185   0.000656 -165.575
  474013.79  5893513.15   1.582419   0.000187   0.000663 -165.591
  474013.40  5893511.62   1.582097   0.000189   0.000670 -165.608
  474013.00  5893510.08   1.581774   0.000191   0.000677 -165.626
  474012.61  5893508.55   1.581449   0.000193   0.000684 -165.643
  474012.22  5893507.02   1.581122   0.000196   0.000691 -165.660
  474011.83  5893505.49   1.580794   0.000198   0.000698 -165.678
  474011.44  5893503.96   1.580464   0.000200   0.000705 -165.696
  474011.05  5893502.42   1.580132   0.000202   0.000712 -165.714
  474010.66  5893500.89   1.579798   0.000204   0.000720 -165.732
  474010.27  5893499.36   1.579460   0.000206   0.000727 -165.751
  474009.88  5893497.83   1.579120   0.000208   0.000734 -165.769
  474009.49  5893496.30   1.578784   0.000210   0.000740 -165.788
  474009.11  5893494.77   1.578451   0.000212   0.000746 -165.807
  474008.72  5893493.24   1.578123   0.000214   0.000753 -165.826
  474008.33  5893491.71   1.577799   0.000216   0.000759 -165.846
  474007.95  5893490.18   1.577479   0.000217   0.000765 -165.865
  474007.56  5893488.65   1.577162   0.000219   0.000772 -165.885
  474007.18  5893487.12   1.576850   0.000221   0.000778 -165.905
  474006.80  5893485.59   1.576541   0.000223   0.000784 -165.925
  474006.41  5893484.06   1.576236   0.000225   0.000791 -165.945
  474006.03  5893482.53   1.575936   0.000227   0.000797 -165.965
  474005.65  5893481.00   1.575639   0.000229   0.000803 -165.986
  474005.27  5893479.48   1.575347   0.000231   0.000809 -166.006
  474004.89  5893477.95   1.575058   0.000233   0.000816 -166.027
  474004.51  5893476.42   1.574773   0.000234   0.000822 -166.048
  474004.13  5893474.89   1.574492   0.000236   0.000828 -166.069
  474003.75  5893473.36   1.574216   0.000238   0.000835 -166.091
  474003.37  5893471.83   1.573943   0.000241   0.000843 -166.112
  474003.00  5893470.31   1.573677   0.000243   0.000852 -166.134
  474002.62  5893468.78   1.573415   0.000244   0.000854 -166.156
  474002.24  5893467.25   1.573151   0.000243   0.000851 -166.178
  474001.87  5893465.72   1.572886   0.000243   0.000849 -166.200
  474001.49  5893464.20   1.572620   0.000242   0.000846 -166.222
  474001.12  5893462.67   1.572352   0.000241   0.000844 -166.243
  474000.75  5893461.14   1.572083   0.000241   0.000841 -166.265
  474000.37  5893459.61   1.571812   0.000240   0.000839 -166.287
  474000.00  5893458.09   1.571539   0.000240   0.000837 -166.308
  473999.63  5893456.56   1.571266   0.000239   0.000834 -166.330
  473999.26  5893455.03   1.570990   0.000238   0.000832 -166.351
  473998.89  5893453.51   1.570713   0.000238   0.000829 -166.373
  473998.52  5893451.98   1.570435   0.000237   0.000827 -166.394
  473998.15  5893450.45   1.570155   0.000236   0.000825 -166.416
  473997.78  5893448.93   1.569874   0.000236   0.000822 -166.437
  473997.42  5893447.40   1.569591   0.000235   0.000820 -166.458
  473997.05  5893445.88   1.569307   0.000235   0.000817 -166.479
  473996.68  5893444.35   1.569021   0.000234   0.000815 -166.500
  473996.32  5893442.82   1.568734   0.000233   0.000813 -166.521
  473995.95  5893441.30   1.568445   0.000233   0.000810 -166.542
  473995.59  5893439.77   1.568155   0.000232   0.000808 -166.563
  473995.22  5893438.25   1.567863   0.000232   0.000805 -166.584
  473994.86  5893436.72   1.567569   0.000231   0.000803 -166.605
  473994.50  5893435.20   1.567275   0.000230   0.000801 -166.626
  473994.14  5893433.67   1.566978   0.000230   0.000798 -166.646
  473993.77  5893432.15   1.566680   0.000229   0.000796 -166.667
  473993.41  5893430.62   1.566381   0.000229   0.000793 -166.688
  473993.05  5893429.10   1.566080   0.000228   0.000791 -166.708
  473992.69  5893427.58   1.565778   0.000227   0.000789 -166.729
  473992.34  5893426.05   1.565474   0.000227   0.000786 -166.749
  473991.98  5893424.53   1.565168   0.000226   0.000784 -166.769
  473991.62  5893423.00   1.564861   0.000226   0.000781 -166.790
  473991.26  5893421.48   1.564553   0.000225   0.000779 -166.810
  473990.91  5893419.96   1.564243   0.000224   0.000777 -166.830
  473990.55  5893418.43   1.563931   0.000224   0.000774 -166.850
  473990.19  5893416.91   1.563618   0.000223   0.000772 -166.870
  473989.84  5893415.39   1.563303   0.000223   0.000769 -166.890
  473989.49  5893413.87   1.562987   0.000222   0.000767 -166.910
  473989.13  5893412.34   1.562669   0.000221   0.000765 -166.930
  473988.78  5893410.82   1.562350   0.000221   0.000762 -166.950
  473988.43  5893409.30   1.562029   0.000220   0.000760 -166.970
  473988.08  5893407.78   1.561707   0.000220   0.000758 -166.989
  473987.73  5893406.26   1.561383   0.000219   0.000755 -167.009
  473987.37  5893404.74   1.561057   0.000218   0.000753 -167.029
  473987.02  5893403.21   1.560730   0.000218   0.000750 -167.048
  473986.68  5893401.69   1.560402   0.000217   0.000748 -167.068
  473986.33  5893400.17   1.560071   0.000217   0.000746 -167.087
  473985.98  5893398.65   1.559740   0.000216   0.000743 -167.106
  473985.63  5893397.13   1.559407   0.000215   0.000741 -167.126
  473985.28  5893395.61   1.559072   0.000215   0.000739 -167.145
  473984.94  5893394.09   1.558735   0.000214   0.000736 -167.164
  473984.59  5893392.57   1.558397   0.000214   0.000734 -167.183
  473984.25  5893391.05   1.558058   0.000213   0.000732 -167.202
  473983.90  5893389.53   1.557717   0.000212   0.000729 -167.221
  473983.56  5893388.01   1.557374   0.000212   0.000727 -167.240
  473983.22  5893386.50   1.557030   0.000211   0.000724 -167.259
  473982.87  5893384.98   1.556684   0.000211   0.000722 -167.278
  473982.53  5893383.46   1.556337   0.000210   0.000720 -167.297
  473982.19  5893381.94   1.555988   0.000210   0.000717 -167.316
  473981.85  5893380.42   1.555638   0.000209   0.000715 -167.334
  473981.51  5893378.90   1.555286   0.000208   0.000713 -167.353
  473981.17  5893377.39   1.554932   0.000208   0.000710 -167.372
  473980.83  5893375.87   1.554577   0.000207   0.000708 -167.390
  473980.49  5893374.35   1.554220   0.000207   0.000706 -167.409
  473980.15  5893372.84   1.553862   0.000206   0.000703 -167.427
  473979.81  5893371.32   1.553502   0.000205   0.000701 -167.445
  473979.48  5893369.80   1.553140   0.000205   0.000699 -167.464
  473979.14  5893368.29   1.552777   0.000204   0.000696 -167.482
  473978.80  5893366.77   1.552412   0.000204   0.000694 -167.500
  473978.47  5893365.26   1.552046   0.000203   0.000692 -167.518
  473978.13  5893363.74   1.551678   0.000202   0.000689 -167.536
  473977.80  5893362.23   1.551308   0.000202   0.000687 -167.554
  473977.46  5893360.71   1.550937   0.000201   0.000685 -167.572
  473977.13  5893359.20   1.550565   0.000201   0.000682 -167.590
  473976.80  5893357.68   1.550190   0.000200   0.000680 -167.608
  473976.47  5893356.17   1.549814   0.000199   0.000677 -167.625
  473976.13  5893354.65   1.549437   0.000199   0.000675 -167.643
  473975.80  5893353.14   1.549058   0.000198   0.000673 -167.661
  473975.47  5893351.63   1.548677   0.000198   0.000670 -167.678
  473975.14  5893350.11   1.548295   0.000197   0.000668 -167.696
  473974.81  5893348.60   1.547911   0.000196   0.000666 -167.713
  473974.48  5893347.09   1.547525   0.000196   0.000663 -167.731
  473974.16  5893345.58   1.547138   0.000195   0.000662 -167.748
  473973.83  5893344.07   1.546750   0.000195   0.000660 -167.766
  473973.50  5893342.55   1.546360   0.000195   0.000658 -167.783
  473973.17  5893341.04   1.545969   0.000194   0.000656 -167.800
  473972.85  5893339.53   1.545577   0.000194   0.000654 -167.817
  473972.52  5893338.02   1.545184   0.000193   0.000652 -167.834
  473972.20  5893336.51   1.544789   0.000193   0.000651 -167.852
  473971.87  5893335.00   1.544393   0.000192   0.000649 -167.869
  473971.55  5893333.49   1.543995   0.000192   0.000647 -167.886
  473971.22  5893331.98   1.543597   0.000191   0.000645 -167.903
  473970.90  5893330.47   1.543197   0.000191   0.000643 -167.920
  473970.58  5893328.96   1.542795   0.000191   0.000641 -167.936
  473970.26  5893327.45   1.542393   0.000190   0.000639 -167.953
  473969.94  5893325.95   1.541989   0.000190   0.000638 -167.970
  473969.61  5893324.44   1.541583   0.000189   0.000636 -167.987
  473969.29  5893322.93   1.541177   0.000189   0.000634 -168.003
  473968.97  5893321.42   1.540769   0.000188   0.000632 -168.020
  473968.66  5893319.92   1.540360   0.000188   0.000630 -168.037
  473968.34  5893318.41   1.539949   0.000187   0.000628 -168.053
  473968.02  5893316.90   1.539537   0.000187   0.000627 -168.070
  473967.70  5893315.40   1.539124   0.000186   0.000625 -168.086
  473967.38  5893313.89   1.538709   0.000186   0.000623 -168.103
  473967.07  5893312.38   1.538294   0.000186   0.000621 -168.119
  473966.75  5893310.88   1.537876   0.000185   0.000619 -168.136
  473966.43  5893309.37   1.537458   0.000185   0.000617 -168.152
  473966.12  5893307.87   1.537038   0.000184   0.000615 -168.168
  473965.80  5893306.37   1.536617   0.000184   0.000614 -168.184
  473965.49  5893304.86   1.536194   0.000183   0.000612 -168.201
  473965.18  5893303.36   1.535771   0.000183   0.000610 -168.217
  473964.86  5893301.86   1.535346   0.000182   0.000608 -168.233
  473964.55  5893300.35   1.534919   0.000182   0.000606 -168.249
  473964.24  5893298.85   1.534491   0.000182   0.000604 -168.265
  473963.93  5893297.35   1.534062   0.000181   0.000603 -168.281
  473963.62  5893295.85   1.533632   0.000181   0.000601 -168.297
  473963.31  5893294.34   1.533200   0.000180   0.000599 -168.313
  473963.00  5893292.84   1.532767   0.000180   0.000597 -168.328
  473962.69  5893291.34   1.532332   0.000179   0.000595 -168.344
  473962.38  5893289.84   1.531896   0.000179   0.000594 -168.360
  473962.07  5893288.34   1.531459   0.000179   0.000593 -168.376
  473961.76  5893286.84   1.531021   0.000178   0.000591 -168.391
  473961.45  5893285.34   1.530581   0.000178   0.000590 -168.407
  473961.15  5893283.84   1.530140   0.000178   0.000588 -168.423
  473960.84  5893282.34   1.529698   0.000177   0.000587 -168.438
  473960.53  5893280.84   1.529255   0.000177   0.000586 -168.454
  473960.23  5893279.35   1.528810   0.000177   0.000584 -168.469
  473959.92  5893277.85   1.528364   0.000176   0.000583 -168.485
  473959.62  5893276.35   1.527917   0.000176   0.000581 -168.500
  473959.31  5893274.85   1.527468   0.000176   0.000580 -168.516
  473959.01  5893273.36   1.527018   0.000175   0.000579 -168.531
  473958.71  5893271.86   1.526567   0.000175   0.000577 -168.546
  473958.40  5893270.36   1.526114   0.000175   0.000576 -168.562
  473958.10  5893268.87   1.525661   0.000175   0.000575 -168.577
  473957.80  5893267.37   1.525206   0.000174   0.000573 -168.592
  473957.50  5893265.88   1.524749   0.000174   0.000572 -168.607
  473957.20  5893264.38   1.524292   0.000174   0.000570 -168.623
  473956.90  5893262.89   1.523833   0.000173   0.000569 -168.638
  473956.60  5893261.40   1.523373   0.000173   0.000568 -168.653
  473956.30  5893259.90   1.522911   0.000173   0.000566 -168.668
  473956.00  5893258.41   1.522448   0.000172   0.000565 -168.683
  473955.70  5893256.92   1.521984   0.000172   0.000564 -168.698
  473955.40  5893255.42   1.521519   0.000172   0.000562 -168.713
  473955.11  5893253.93   1.521052   0.000171   0.000561 -168.728
  473954.81  5893252.44   1.520584   0.000171   0.000559 -168.743
  473954.51  5893250.95   1.520115   0.000171   0.000558 -168.758
  473954.22  5893249.46   1.519645   0.000170   0.000557 -168.773
  473953.92  5893247.97   1.519173   0.000170   0.000555 -168.788
  473953.63  5893246.48   1.518700   0.000170   0.000554 -168.802
  473953.33  5893244.99   1.518225   0.000170   0.000553 -168.817
  473953.04  5893243.50   1.517749   0.000169   0.000551 -168.832
  473952.74  5893242.01   1.517272   0.000169   0.000550 -168.847
  473952.45  5893240.52   1.516794   0.000169   0.000549 -168.861
  473952.16  5893239.03   1.516314   0.000168   0.000547 -168.876
  473951.87  5893237.55   1.515833   0.000168   0.000546 -168.891
  473951.57  5893236.06   1.515351   0.000168   0.000544 -168.905
  473951.28  5893234.57   1.514867   0.000167   0.000543 -168.920
  473950.99  5893233.09   1.514383   0.000167   0.000542 -168.934
  473950.70  5893231.60   1.513896   0.000167   0.000540 -168.949
  473950.41  5893230.11   1.513409   0.000166   0.000539 -168.963
  473950.12  5893228.63   1.512920   0.000166   0.000538 -168.978
  473949.83  5893227.14   1.512430   0.000166   0.000536 -168.992
  473949.55  5893225.66   1.511939   0.000165   0.000535 -169.006
  473949.26  5893224.18   1.511446   0.000165   0.000534 -169.021
  473948.97  5893222.69   1.510952   0.000165   0.000532 -169.035
  473948.68  5893221.21   1.510456   0.000165   0.000531 -169.049
  473948.40  5893219.73   1.509960   0.000164   0.000529 -169.064
  473948.11  5893218.24   1.509462   0.000164   0.000528 -169.078
  473947.83  5893216.76   1.508963   0.000164   0.000527 -169.092
  473947.54  5893215.28   1.508462   0.000163   0.000525 -169.106
  473947.26  5893213.80   1.507960   0.000163   0.000524 -169.120
  473946.97  5893212.32   1.507457   0.000163   0.000523 -169.134
  473946.69  5893210.84   1.506952   0.000162   0.000521 -169.148
  473946.40  5893209.36   1.506446   0.000162   0.000520 -169.162
  473946.12  5893207.88   1.505939   0.000162   0.000519 -169.176
  473945.84  5893206.40   1.505431   0.000161   0.000517 -169.190
  473945.56  5893204.92   1.504921   0.000161   0.000516 -169.204
  473945.28  5893203.44   1.504410   0.000161   0.000515 -169.218
  473944.99  5893201.97   1.503897   0.000160   0.000513 -169.232
  473944.71  5893200.49   1.503384   0.000160   0.000512 -169.246
  473944.43  5893199.01   1.502868   0.000160   0.000510 -169.260
  473944.15  5893197.54   1.502352   0.000160   0.000509 -169.273
  473943.88  5893196.06   1.501834   0.000159   0.000508 -169.287
  473943.60  5893194.58   1.501315   0.000159   0.000506 -169.301
  473943.32  5893193.11   1.500795   0.000159   0.000505 -169.314
  473943.04  5893191.63   1.500273   0.000158   0.000504 -169.328
  473942.76  5893190.16   1.499750   0.000158   0.000502 -169.342
  473942.49  5893188.69   1.499226   0.000158   0.000501 -169.355
  473942.21  5893187.21   1.498700   0.000157   0.000500 -169.369
  473941.93  5893185.74   1.498173   0.000157   0.000498 -169.382
  473941.66  5893184.27   1.497645   0.000157   0.000497 -169.396
  473941.38  5893182.80   1.497115   0.000156   0.000496 -169.409
  473941.11  5893181.33   1.496584   0.000156   0.000494 -169.423
  473940.83  5893179.85   1.496051   0.000156   0.000493 -169.436
  473940.56  5893178.38   1.495518   0.000155   0.000492 -169.449
  473940.29  5893176.91   1.494983   0.000155   0.000490 -169.463
  473940.01  5893175.44   1.494446   0.000155   0.000489 -169.476
  473939.74  5893173.98   1.493909   0.000154   0.000488 -169.489
  473939.47  5893172.51   1.493370   0.000154   0.000486 -169.502
  473939.20  5893171.04   1.492829   0.000154   0.000485 -169.516
  473938.93  5893169.57   1.492288   0.000154   0.000484 -169.529
  473938.65  5893168.10   1.491745   0.000153   0.000483 -169.542
  473938.38  5893166.64   1.491200   0.000153   0.000481 -169.555
  473938.11  5893165.17   1.490655   0.000152   0.000478 -169.568
  473937.84  5893163.70   1.490107   0.000151   0.000476 -169.581
  473937.58  5893162.24   1.489559   0.000151   0.000473 -169.594
  473937.31  5893160.77   1.489009   0.000150   0.000470 -169.607
  473937.04  5893159.31   1.488457   0.000149   0.000467 -169.620
  473936.77  5893157.85   1.487904   0.000148   0.000465 -169.632
  473936.50  5893156.38   1.487350   0.000148   0.000462 -169.645
  473936.24  5893154.92   1.486794   0.000147   0.000459 -169.658
  473935.97  5893153.46   1.486237   0.000146   0.000457 -169.670
  473935.70  5893152.00   1.485678   0.000145   0.000454 -169.683
  473935.44  5893150.53   1.485118   0.000145   0.000451 -169.695
  473935.17  5893149.07   1.484556   0.000144   0.000449 -169.707
  473934.91  5893147.61   1.483993   0.000143   0.000446 -169.720
  473934.64  5893146.15   1.483429   0.000142   0.000443 -169.732
  473934.38  5893144.69   1.482863   0.000142   0.000441 -169.744
  473934.12  5893143.23   1.482295   0.000141   0.000438 -169.756
  473933.85  5893141.78   1.481726   0.000140   0.000435 -169.768
  473933.59  5893140.32   1.481156   0.000139   0.000433 -169.780
  473933.33  5893138.86   1.480584   0.000139   0.000430 -169.792
  473933.06  5893137.40   1.480011   0.000138   0.000427 -169.803
  473932.80  5893135.95   1.479436   0.000137   0.000425 -169.815
  473932.54  5893134.49   1.478860   0.000136   0.000422 -169.827
  473932.28  5893133.04   1.478282   0.000136   0.000419 -169.838
  473932.02  5893131.58   1.477703   0.000135   0.000416 -169.850
  473931.76  5893130.13   1.477123   0.000134   0.000414 -169.861
  473931.50  5893128.67   1.476541   0.000133   0.000411 -169.872
  473931.24  5893127.22   1.475957   0.000133   0.000408 -169.884
  473930.98  5893125.77   1.475372   0.000132   0.000406 -169.895
  473930.72  5893124.31   1.474786   0.000131   0.000403 -169.906
  473930.47  5893122.86   1.474198   0.000130   0.000400 -169.917
  473930.21  5893121.41   1.473608   0.000129   0.000398 -169.928
  473929.95  5893119.96   1.473017   0.000129   0.000395 -169.939
  473929.69  5893118.51   1.472425   0.000128   0.000392 -169.950
  473929.44  5893117.06   1.471831   0.000127   0.000390 -169.961
  473929.18  5893115.61   1.471236   0.000126   0.000387 -169.971
  473928.93  5893114.16   1.470639   0.000126   0.000384 -169.982
  473928.67  5893112.72   1.470041   0.000125   0.000382 -169.993
  473928.41  5893111.27   1.469441   0.000124   0.000379 -170.003
  473928.16  5893109.82   1.468840   0.000123   0.000376 -170.014
  473927.91  5893108.37   1.468237   0.000122   0.000373 -170.024
  473927.65  5893106.93   1.467633   0.000122   0.000371 -170.034
  473927.40  5893105.48   1.467027   0.000121   0.000368 -170.045
  473927.14  5893104.04   1.466420   0.000120   0.000365 -170.055
  473926.89  5893102.60   1.465812   0.000119   0.000363 -170.065
  473926.64  5893101.15   1.465201   0.000119   0.000360 -170.075
  473926.39  5893099.71   1.464590   0.000118   0.000357 -170.085
  473926.13  5893098.27   1.463977   0.000117   0.000355 -170.095
  473925.88  5893096.82   1.463362   0.000116   0.000352 -170.105
  473925.63  5893095.38   1.462746   0.000115   0.000349 -170.114
  473925.38  5893093.94   1.462128   0.000115   0.000347 -170.124
  473925.13  5893092.50   1.461509   0.000114   0.000344 -170.134
  473924.88  5893091.06   1.460889   0.000113   0.000341 -170.143
  473924.63  5893089.62   1.460267   0.000112   0.000338 -170.153
  473924.38  5893088.18   1.459643   0.000111   0.000336 -170.162
  473924.13  5893086.75   1.459018   0.000111   0.000333 -170.171
  473923.88  5893085.31   1.458392   0.000110   0.000330 -170.181
  473923.63  5893083.87   1.457764   0.000109   0.000328 -170.190
  473923.39  5893082.44   1.457134   0.000108   0.000325 -170.199
  473923.14  5893081.00   1.456503   0.000107   0.000322 -170.208
  473922.89  5893079.57   1.455870   0.000107   0.000320 -170.217
  473922.64  5893078.13   1.455236   0.000106   0.000317 -170.226
  473922.40  5893076.70   1.454601   0.000105   0.000314 -170.235
  473922.15  5893075.26   1.453964   0.000104   0.000311 -170.243
  473921.91  5893073.83   1.453325   0.000103   0.000309 -170.252
  473921.66  5893072.40   1.452685   0.000103   0.000306 -170.261
  473921.41  5893070.97   1.452044   0.000102   0.000303 -170.269
  473921.17  5893069.54   1.451400   0.000101   0.000301 -170.278
  473920.92  5893068.11   1.450756   0.000100   0.000298 -170.286
  473920.68  5893066.68   1.450110   0.000099   0.000295 -170.294
  473920.44  5893065.25   1.449462   0.000098   0.000293 -170.303
  473920.19  5893063.82   1.448813   0.000098   0.000290 -170.311
  473919.95  5893062.39   1.448162   0.000097   0.000287 -170.319
  473919.70  5893060.96   1.447510   0.000096   0.000284 -170.327
  473919.46  5893059.54   1.446857   0.000095   0.000282 -170.335
  473919.22  5893058.11   1.446201   0.000094   0.000279 -170.343
  473918.98  5893056.69   1.445545   0.000094   0.000276 -170.351
  473918.73  5893055.26   1.444887   0.000093   0.000274 -170.358
  473918.49  5893053.84   1.444227   0.000092   0.000271 -170.366
  473918.25  5893052.41   1.443566   0.000091   0.000268 -170.374
  473918.01  5893050.99   1.442903   0.000090   0.000266 -170.381
  473917.77  5893049.57   1.442239   0.000089   0.000263 -170.389
  473917.53  5893048.15   1.441573   0.000089   0.000260 -170.396
  473917.29  5893046.73   1.440906   0.000088   0.000257 -170.403
  473917.05  5893045.31   1.440237   0.000087   0.000255 -170.410
  473916.81  5893043.89   1.439566   0.000086   0.000252 -170.418
  473916.57  5893042.47   1.438895   0.000085   0.000249 -170.425
  473916.33  5893041.05   1.438221   0.000084   0.000247 -170.432
  473916.09  5893039.63   1.437546   0.000083   0.000244 -170.439
  473915.85  5893038.21   1.436870   0.000083   0.000241 -170.446
  473915.61  5893036.80   1.436192   0.000082   0.000238 -170.452
  473915.38  5893035.38   1.435512   0.000081   0.000236 -170.459
  473915.14  5893033.96   1.434831   0.000080   0.000233 -170.466
  473914.90  5893032.55   1.434149   0.000079   0.000230 -170.472
  473914.66  5893031.14   1.433465   0.000078   0.000228 -170.479
  473914.43  5893029.72   1.432779   0.000077   0.000225 -170.485
  473914.19  5893028.31   1.432092   0.000077   0.000222 -170.492
  473913.95  5893026.90   1.431403   0.000076   0.000219 -170.498
  473913.72  5893025.49   1.430713   0.000075   0.000217 -170.504
  473913.48  5893024.08   1.430021   0.000074   0.000214 -170.510
  473913.25  5893022.67   1.429328   0.000073   0.000211 -170.516
  473913.01  5893021.26   1.428633   0.000072   0.000209 -170.522
  473912.78  5893019.85   1.427937   0.000071   0.000206 -170.528
  473912.54  5893018.44   1.427239   0.000070   0.000203 -170.534
  473912.31  5893017.03   1.426540   0.000070   0.000200 -170.540
  473912.07  5893015.62   1.425839   0.000069   0.000198 -170.545
  473911.84  5893014.22   1.425136   0.000068   0.000195 -170.551
  473911.60  5893012.81   1.424432   0.000067   0.000192 -170.557
  473911.37  5893011.41   1.423727   0.000066   0.000189 -170.562
  473911.14  5893010.00   1.423020   0.000065   0.000187 -170.567
  473910.91  5893008.60   1.422311   0.000064   0.000184 -170.573
  473910.67  5893007.20   1.421601   0.000063   0.000181 -170.578
  473910.44  5893005.80   1.420890   0.000063   0.000179 -170.583
  473910.21  5893004.39   1.420176   0.000062   0.000176 -170.588
  473909.98  5893002.99   1.419462   0.000061   0.000173 -170.593
  473909.74  5893001.59   1.418745   0.000060   0.000170 -170.598
  473909.51  5893000.19   1.418027   0.000059   0.000168 -170.603
  473909.28  5892998.80   1.417308   0.000058   0.000165 -170.608
  473909.05  5892997.40   1.416587   0.000057   0.000162 -170.613
  473908.82  5892996.00   1.415865   0.000056   0.000159 -170.617
  473908.59  5892994.60   1.415141   0.000055   0.000157 -170.622
  473908.36  5892993.21   1.414415   0.000054   0.000154 -170.626
  473908.13  5892991.81   1.413688   0.000053   0.000151 -170.631
  473907.90  5892990.42   1.412960   0.000053   0.000148 -170.635
  473907.67  5892989.02   1.412229   0.000052   0.000146 -170.639
  473907.44  5892987.63   1.411498   0.000051   0.000143 -170.643
  473907.21  5892986.24   1.410764   0.000050   0.000140 -170.648
  473906.98  5892984.85   1.410030   0.000049   0.000137 -170.652
  473906.75  5892983.46   1.409293   0.000048   0.000135 -170.656
  473906.52  5892982.07   1.408555   0.000047   0.000132 -170.659
  473906.29  5892980.68   1.407816   0.000046   0.000129 -170.663
  473906.07  5892979.29   1.407075   0.000045   0.000126 -170.667
  473905.84  5892977.90   1.406332   0.000044   0.000124 -170.671
  473905.61  5892976.51   1.405588   0.000043   0.000121 -170.674
  473905.38  5892975.13   1.404843   0.000042   0.000118 -170.678
  473905.15  5892973.74   1.404096   0.000041   0.000115 -170.681
  473904.93  5892972.35   1.403347   0.000040   0.000113 -170.684
  473904.70  5892970.97   1.402597   0.000039   0.000110 -170.688
  473904.47  5892969.59   1.401845   0.000039   0.000107 -170.691
  473904.25  5892968.20   1.401091   0.000038   0.000104 -170.694
  473904.02  5892966.82   1.400336   0.000037   0.000102 -170.697
  473903.79  5892965.44   1.399580   0.000036   0.000099 -170.700
  473903.57  5892964.06   1.398822   0.000035   0.000096 -170.703
  473903.34  5892962.68   1.398062   0.000034   0.000093 -170.705
  473903.12  5892961.30   1.397301   0.000033   0.000091 -170.708
  473902.89  5892959.92   1.396539   0.000032   0.000088 -170.711
  473902.67  5892958.54   1.395774   0.000031   0.000085 -170.713
  473902.44  5892957.17   1.395009   0.000030   0.000082 -170.716
  473902.22  5892955.79   1.394241   0.000029   0.000079 -170.718
  473901.99  5892954.41   1.393472   0.000028   0.000077 -170.720
  473901.77  5892953.04   1.392702   0.000027   0.000074 -170.723
  473901.54  5892951.66   1.391930   0.000026   0.000071 -170.725
  473901.32  5892950.29   1.391156   0.000025   0.000068 -170.727
  473901.09  5892948.92   1.390381   0.000024   0.000066 -170.729
  473900.87  5892947.55   1.389605   0.000023   0.000062 -170.731
  473900.65  5892946.18   1.388825   0.000022   0.000059 -170.733
  473900.42  5892944.81   1.388043   0.000021   0.000057 -170.734
  473900.20  5892943.44   1.387264   0.000021   0.000056 -170.736
  473899.98  5892942.07   1.386486   0.000020   0.000055 -170.738
  473899.75  5892940.70   1.385711   0.000020   0.000054 -170.739
  473899.53  5892939.33   1.384938   0.000020   0.000053 -170.741
  473899.31  5892937.97   1.384167   0.000019   0.000052 -170.742
  473899.08  5892936.60   1.383399   0.000019   0.000051 -170.744
  473898.86  5892935.23   1.382632   0.000019   0.000050 -170.745
  473898.64  5892933.87   1.381868   0.000018   0.000049 -170.747
  473898.42  5892932.51   1.381105   0.000018   0.000048 -170.748
  473898.20  5892931.14   1.380345   0.000018   0.000047 -170.750
  473897.97  5892929.78   1.379587   0.000017   0.000046 -170.751
  473897.75  5892928.42   1.378832   0.000017   0.000045 -170.753
  473897.53  5892927.06   1.378078   0.000016   0.000044 -170.754
  473897.31  5892925.70   1.377327   0.000016   0.000043 -170.755
  473897.09  5892924.34   1.376577   0.000016   0.000042 -170.756
  473896.87  5892922.98   1.375830   0.000015   0.000041 -170.758
  473896.65  5892921.63   1.375085   0.000015   0.000040 -170.759
  473896.43  5892920.27   1.374342   0.000015   0.000039 -170.760
  473896.21  5892918.91   1.373601   0.000014   0.000038 -170.761
  473895.98  5892917.56   1.372863   0.000014   0.000037 -170.762
  473895.76  5892916.20   1.372126   0.000014   0.000036 -170.763
  473895.54  5892914.85   1.371392   0.000013   0.000035 -170.764
  473895.32  5892913.50   1.370660   0.000013   0.000034 -170.766
  473895.10  5892912.14   1.369930   0.000012   0.000033 -170.767
  473894.88  5892910.79   1.369202   0.000012   0.000032 -170.767
  473894.67  5892909.44   1.368477   0.000012   0.000031 -170.768
  473894.45  5892908.09   1.367753   0.000011   0.000030 -170.769
  473894.23  5892906.74   1.367032   0.000011   0.000029 -170.770
  473894.01  5892905.39   1.366313   0.000011   0.000028 -170.771
  473893.79  5892904.04   1.365596   0.000010   0.000027 -170.772
  473893.57  5892902.69   1.364881   0.000010   0.000026 -170.773
  473893.35  5892901.35   1.364168   0.000009   0.000025 -170.773
  473893.13  5892900.00   1.363457   0.000009   0.000024 -170.774
  473892.91  5892898.66   1.362749   0.000009   0.000023 -170.775
  473892.69  5892897.31   1.362042   0.000008   0.000022 -170.776
  473892.48  5892895.97   1.361338   0.000008   0.000021 -170.776
  473892.26  5892894.62   1.360636   0.000008   0.000020 -170.777
  473892.04  5892893.28   1.359936   0.000007   0.000019 -170.777
  473891.82  5892891.94   1.359239   0.000007   0.000018 -170.778
  473891.60  5892890.60   1.358543   0.000006   0.000017 -170.779
  473891.39  5892889.26   1.357850   0.000006   0.000016 -170.779
  473891.17  5892887.92   1.357159   0.000006   0.000015 -170.780
  473890.95  5892886.58   1.356469   0.000005   0.000014 -170.780
  473890.73  5892885.24   1.355783   0.000005   0.000013 -170.780
  473890.52  5892883.90   1.355098   0.000004   0.000012 -170.781
  473890.30  5892882.56   1.354415   0.000004   0.000011 -170.781
  473890.08  5892881.23   1.353735   0.000004   0.000009 -170.781
  473889.87  5892879.89   1.353056   0.000003   0.000008 -170.782
  473889.65  5892878.56   1.352380   0.000003   0.000007 -170.782
  473889.43  5892877.22   1.351706   0.000002   0.000006 -170.782
  473889.22  5892875.89   1.351034   0.000002   0.000004 -170.782
  473889.00  5892874.55   1.350364   0.000001   0.000002 -170.783
  473888.78  5892873.22   1.349697   0.000001   0.000003 -170.783
  473888.57  5892871.89   1.349031   0.000003   0.000007 -170.783
  473888.35  5892870.56   1.348368   0.000004   0.000010 -170.783
  473888.14  5892869.23   1.347706   0.000005   0.000014 -170.783
  473887.92  5892867.90   1.347046   0.000007   0.000018 -170.784
  473887.71  5892866.57   1.346389   0.000008   0.000021 -170.784
  473887.49  5892865.24   1.345733   0.000010   0.000025 -170.785
  473887.27  5892863.91   1.345079   0.000011   0.000028 -170.785
  473887.06  5892862.58   1.344427   0.000012   0.000032 -170.786
  473886.84  5892861.26   1.343777   0.000014   0.000035 -170.787
  473886.63  5892859.93   1.343129   0.000015   0.000039 -170.788
  473886.41  5892858.61   1.342483   0.000017   0.000043 -170.790
  473886.20  5892857.28   1.341839   0.000018   0.000046 -170.791
  473885.98  5892855.96   1.341196   0.000020   0.000050 -170.792
  473885.77  5892854.63   1.340556   0.000021   0.000053 -170.794
  473885.56  5892853.31   1.339918   0.000022   0.000057 -170.795
  473885.34  5892851.99   1.339281   0.000024   0.000060 -170.797
  473885.13  5892850.67   1.338647   0.000025   0.000064 -170.799
  473884.91  5892849.35   1.338014   0.000027   0.000068 -170.801
  473884.70  5892848.02   1.337384   0.000028   0.000071 -170.803
  473884.49  5892846.71   1.336755   0.000030   0.000075 -170.805
  473884.27  5892845.39   1.336129   0.000031   0.000078 -170.807
  473884.06  5892844.07   1.335504   0.000032   0.000082 -170.810
  473883.85  5892842.75   1.334881   0.000034   0.000086 -170.812
  473883.63  5892841.43   1.334260   0.000035   0.000089 -170.815
  473883.42  5892840.11   1.333642   0.000037   0.000093 -170.817
  473883.21  5892838.80   1.333025   0.000038   0.000096 -170.820
  473882.99  5892837.48   1.332410   0.000040   0.000100 -170.823
  473882.78  5892836.17   1.331797   0.000041   0.000104 -170.826
  473882.57  5892834.85   1.331186   0.000043   0.000107 -170.829
  473882.36  5892833.54   1.330576   0.000044   0.000111 -170.833
  473882.15  5892832.23   1.329969   0.000046   0.000114 -170.836
  473881.93  5892830.91   1.329364   0.000047   0.000118 -170.839
  473881.72  5892829.60   1.328761   0.000049   0.000122 -170.843
  473881.51  5892828.29   1.328159   0.000050   0.000125 -170.847
  473881.30  5892826.98   1.327560   0.000052   0.000129 -170.851
  473881.09  5892825.67   1.326963   0.000053   0.000132 -170.855
  473880.88  5892824.36   1.326367   0.000055   0.000136 -170.859
  473880.67  5892823.05   1.325773   0.000056   0.000140 -170.863
  473880.46  5892821.74   1.325181   0.000058   0.000143 -170.867
  473880.25  5892820.43   1.324592   0.000059   0.000146 -170.871
  473880.04  5892819.13   1.324006   0.000060   0.000150 -170.876
  473879.83  5892817.82   1.323424   0.000062   0.000153 -170.880
  473879.62  5892816.51   1.322845   0.000063   0.000156 -170.885
  473879.41  5892815.21   1.322269   0.000064   0.000159 -170.890
  473879.20  5892813.90   1.321696   0.000066   0.000163 -170.895
  473878.99  5892812.60   1.321127   0.000067   0.000166 -170.900
  473878.78  5892811.29   1.320561   0.000069   0.000169 -170.905
  473878.57  5892809.99   1.319998   0.000070   0.000172 -170.910
  473878.36  5892808.68   1.319439   0.000071   0.000176 -170.915
  473878.16  5892807.38   1.318882   0.000073   0.000179 -170.921
  473877.95  5892806.08   1.318329   0.000074   0.000182 -170.926
  473877.74  5892804.78   1.317780   0.000075   0.000185 -170.932
  473877.53  5892803.48   1.317233   0.000077   0.000189 -170.937
  473877.33  5892802.18   1.316690   0.000078   0.000192 -170.943
  473877.12  5892800.88   1.316150   0.000080   0.000195 -170.949
  473876.91  5892799.58   1.315614   0.000081   0.000198 -170.955
  473876.71  5892798.28   1.315080   0.000082   0.000202 -170.961
  473876.50  5892796.98   1.314550   0.000084   0.000205 -170.967
  473876.29  5892795.68   1.314023   0.000085   0.000208 -170.974
  473876.09  5892794.38   1.313500   0.000087   0.000211 -170.980
  473875.88  5892793.09   1.312980   0.000088   0.000215 -170.987
  473875.68  5892791.79   1.312463   0.000089   0.000218 -170.993
  473875.47  5892790.49   1.311949   0.000091   0.000221 -171.000
  473875.26  5892789.20   1.311439   0.000092   0.000224 -171.007
  473875.06  5892787.90   1.310932   0.000094   0.000228 -171.014
  473874.86  5892786.61   1.310428   0.000095   0.000231 -171.021
  473874.65  5892785.31   1.309927   0.000096   0.000234 -171.028
  473874.45  5892784.02   1.309430   0.000098   0.000237 -171.035
  473874.24  5892782.73   1.308936   0.000099   0.000241 -171.043
  473874.04  5892781.44   1.308446   0.000101   0.000244 -171.050
  473873.84  5892780.14   1.307958   0.000102   0.000247 -171.058
  473873.63  5892778.85   1.307474   0.000104   0.000250 -171.065
  473873.43  5892777.56   1.306993   0.000105   0.000254 -171.073
  473873.23  5892776.27   1.306516   0.000106   0.000257 -171.081
  473873.03  5892774.98   1.306042   0.000108   0.000260 -171.089
  473872.82  5892773.69   1.305571   0.000109   0.000263 -171.097
  473872.62  5892772.40   1.305103   0.000111   0.000267 -171.105
  473872.42  5892771.11   1.304639   0.000112   0.000270 -171.113
  473872.22  5892769.82   1.304178   0.000113   0.000273 -171.122
  473872.02  5892768.53   1.303720   0.000115   0.000276 -171.130
  473871.82  5892767.24   1.303266   0.000116   0.000280 -171.139
  473871.62  5892765.96   1.302814   0.000118   0.000283 -171.147
  473871.42  5892764.67   1.302367   0.000119   0.000286 -171.156
  473871.22  5892763.38   1.301922   0.000121   0.000289 -171.165
  473871.02  5892762.10   1.301481   0.000122   0.000292 -171.174
  473870.82  5892760.81   1.301043   0.000124   0.000296 -171.183
  473870.62  5892759.53   1.300608   0.000125   0.000299 -171.192
  473870.42  5892758.24   1.300177   0.000126   0.000302 -171.202
  473870.22  5892756.96   1.299749   0.000128   0.000305 -171.211
  473870.02  5892755.67   1.299324   0.000129   0.000309 -171.221
  473869.82  5892754.39   1.298903   0.000131   0.000312 -171.230
  473869.63  5892753.10   1.298485   0.000132   0.000315 -171.240
  473869.43  5892751.82   1.298070   0.000134   0.000318 -171.250
  473869.23  5892750.54   1.297659   0.000135   0.000322 -171.260
  473869.03  5892749.26   1.297250   0.000137   0.000325 -171.270
  473868.84  5892747.97   1.296846   0.000138   0.000328 -171.280
  473868.64  5892746.69   1.296444   0.000139   0.000331 -171.290
  473868.45  5892745.41   1.296046   0.000141   0.000335 -171.301
  473868.25  5892744.13   1.295651   0.000142   0.000338 -171.311
  473868.05  5892742.85   1.295259   0.000144   0.000343 -171.322
  473867.86  5892741.57   1.294871   0.000147   0.000347 -171.332
  473867.66  5892740.29   1.294487   0.000147   0.000348 -171.343
  473867.47  5892739.01   1.294105   0.000146   0.000345 -171.354
  473867.28  5892737.73   1.293726   0.000144   0.000342 -171.365
  473867.08  5892736.45   1.293350   0.000143   0.000339 -171.376
  473866.89  5892735.17   1.292977   0.000142   0.000336 -171.386
  473866.69  5892733.89   1.292607   0.000141   0.000333 -171.397
  473866.50  5892732.62   1.292240   0.000140   0.000330 -171.407
  473866.31  5892731.34   1.291876   0.000139   0.000327 -171.418
  473866.12  5892730.06   1.291515   0.000137   0.000324 -171.428
  473865.92  5892728.78   1.291157   0.000136   0.000321 -171.438
  473865.73  5892727.51   1.290802   0.000135   0.000318 -171.448
  473865.54  5892726.23   1.290450   0.000134   0.000315 -171.458
  473865.35  5892724.96   1.290101   0.000133   0.000312 -171.468
  473865.16  5892723.68   1.289754   0.000131   0.000309 -171.478
  473864.97  5892722.40   1.289411   0.000130   0.000306 -171.487
  473864.78  5892721.13   1.289071   0.000129   0.000303 -171.497
  473864.59  5892719.85   1.288733   0.000128   0.000300 -171.507
  473864.40  5892718.58   1.288399   0.000127   0.000297 -171.516
  473864.21  5892717.31   1.288067   0.000125   0.000294 -171.525
  473864.02  5892716.03   1.287739   0.000124   0.000291 -171.535
  473863.83  5892714.76   1.287413   0.000123   0.000288 -171.544
  473863.64  5892713.49   1.287090   0.000122   0.000285 -171.553
  473863.45  5892712.21   1.286771   0.000121   0.000282 -171.562
  473863.26  5892710.94   1.286454   0.000119   0.000279 -171.571
  473863.07  5892709.67   1.286140   0.000118   0.000276 -171.580
  473862.88  5892708.39   1.285829   0.000117   0.000273 -171.588
  473862.70  5892707.12   1.285521   0.000116   0.000270 -171.597
  473862.51  5892705.85   1.285216   0.000114   0.000267 -171.605
  473862.32  5892704.58   1.284914   0.000113   0.000264 -171.614
  473862.13  5892703.31   1.284614   0.000112   0.000261 -171.622
  473861.95  5892702.04   1.284318   0.000111   0.000258 -171.630
  473861.76  5892700.77   1.284025   0.000109   0.000255 -171.639
  473861.57  5892699.50   1.283735   0.000108   0.000252 -171.647
  473861.39  5892698.23   1.283447   0.000107   0.000249 -171.655
  473861.20  5892696.96   1.283163   0.000106   0.000246 -171.662
  473861.01  5892695.69   1.282881   0.000105   0.000243 -171.670
  473860.83  5892694.42   1.282602   0.000103   0.000240 -171.678
  473860.64  5892693.15   1.282327   0.000102   0.000237 -171.685
  473860.46  5892691.88   1.282054   0.000101   0.000234 -171.693
  473860.27  5892690.61   1.281784   0.000099   0.000231 -171.700
  473860.09  5892689.34   1.281517   0.000098   0.000228 -171.708
  473859.90  5892688.08   1.281253   0.000097   0.000225 -171.715
  473859.72  5892686.81   1.280992   0.000096   0.000222 -171.722
  473859.54  5892685.54   1.280734   0.000094   0.000219 -171.729
  473859.35  5892684.27   1.280478   0.000093   0.000216 -171.736
  473859.17  5892683.01   1.280226   0.000092   0.000213 -171.743
  473858.98  5892681.74   1.279977   0.000091   0.000210 -171.750
  473858.80  5892680.47   1.279730   0.000089   0.000207 -171.756
  473858.62  5892679.21   1.279486   0.000088   0.000204 -171.763
  473858.43  5892677.94   1.279246   0.000087   0.000201 -171.769
  473858.25  5892676.67   1.279008   0.000086   0.000198 -171.776
  473858.07  5892675.41   1.278773   0.000084   0.000195 -171.782
  473857.89  5892674.14   1.278541   0.000083   0.000192 -171.788
  473857.70  5892672.88   1.278312   0.000082   0.000189 -171.794
  473857.52  5892671.61   1.278086   0.000080   0.000186 -171.800
  473857.34  5892670.35   1.277863   0.000079   0.000183 -171.806
  473857.16  5892669.08   1.277643   0.000078   0.000180 -171.812
  473856.97  5892667.82   1.277426   0.000076   0.000176 -171.817
  473856.79  5892666.55   1.277211   0.000075   0.000173 -171.823
  473856.61  5892665.29   1.277000   0.000074   0.000170 -171.828
  473856.43  5892664.03   1.276791   0.000073   0.000167 -171.834
  473856.25  5892662.76   1.276585   0.000071   0.000164 -171.839
  473856.07  5892661.50   1.276383   0.000070   0.000161 -171.844
  473855.89  5892660.24   1.276183   0.000069   0.000158 -171.850
  473855.71  5892658.97   1.275986   0.000067   0.000155 -171.855
  473855.53  5892657.71   1.275792   0.000066   0.000152 -171.859
  473855.34  5892656.45   1.275601   0.000065   0.000149 -171.864
  473855.16  5892655.18   1.275412   0.000063   0.000146 -171.869
  473854.98  5892653.92   1.275227   0.000062   0.000143 -171.874
  473854.80  5892652.66   1.275045   0.000061   0.000140 -171.878
  473854.62  5892651.40   1.274865   0.000059   0.000137 -171.883
  473854.44  5892650.13   1.274689   0.000058   0.000134 -171.887
  473854.26  5892648.87   1.274515   0.000057   0.000131 -171.891
  473854.08  5892647.61   1.274344   0.000056   0.000128 -171.895
  473853.90  5892646.35   1.274176   0.000054   0.000124 -171.899
  473853.73  5892645.09   1.274011   0.000053   0.000121 -171.903
  473853.55  5892643.83   1.273849   0.000052   0.000118 -171.907
  473853.37  5892642.57   1.273690   0.000050   0.000115 -171.911
  473853.19  5892641.30   1.273534   0.000049   0.000112 -171.915
  473853.01  5892640.04   1.273380   0.000048   0.000109 -171.918
  473852.83  5892638.78   1.273230   0.000046   0.000106 -171.922
  473852.65  5892637.52   1.273082   0.000045   0.000103 -171.925
  473852.47  5892636.26   1.272938   0.000044   0.000100 -171.928
  473852.29  5892635.00   1.272796   0.000042   0.000097 -171.932
  473852.11  5892633.74   1.272657   0.000041   0.000094 -171.935
  473851.94  5892632.48   1.272521   0.000040   0.000091 -171.938
  473851.76  5892631.22   1.272388   0.000038   0.000088 -171.941
  473851.58  5892629.96   1.272258   0.000037   0.000084 -171.943
  473851.40  5892628.70   1.272131   0.000036   0.000081 -171.946
  473851.22  5892627.44   1.272006   0.000034   0.000078 -171.949
  473851.05  5892626.18   1.271885   0.000033   0.000075 -171.951
  473850.87  5892624.92   1.271766   0.000032   0.000072 -171.953
  473850.69  5892623.67   1.271651   0.000030   0.000069 -171.956
  473850.51  5892622.41   1.271538   0.000029   0.000066 -171.958
  473850.33  5892621.15   1.271428   0.000028   0.000063 -171.960
  473850.16  5892619.89   1.271321   0.000026   0.000060 -171.962
  473849.98  5892618.63   1.271217   0.000025   0.000057 -171.964
  473849.80  5892617.37   1.271116   0.000023   0.000053 -171.966
  473849.62  5892616.11   1.271018   0.000022   0.000050 -171.968
  473849.45  5892614.85   1.270923   0.000021   0.000047 -171.969
  473849.27  5892613.60   1.270830   0.000020   0.000046 -171.971
  473849.09  5892612.34   1.270739   0.000020   0.000045 -171.972
  473848.91  5892611.08   1.270651   0.000019   0.000044 -171.973
  473848.74  5892609.82   1.270565   0.000019   0.000043 -171.975
  473848.56  5892608.56   1.270481   0.000018   0.000042 -171.976
  473848.38  5892607.30   1.270399   0.000018   0.000041 -171.978
  473848.20  5892606.05   1.270320   0.000017   0.000040 -171.979
  473848.03  5892604.79   1.270243   0.000017   0.000038 -171.980
  473847.85  5892603.53   1.270168   0.000016   0.000037 -171.981
  473847.67  5892602.27   1.270095   0.000016   0.000036 -171.983
  473847.49  5892601.02   1.270025   0.000015   0.000035 -171.984
  473847.32  5892599.76   1.269956   0.000015   0.000034 -171.985
  473847.14  5892598.50   1.269890   0.000014   0.000033 -171.986
  473846.96  5892597.24   1.269827   0.000014   0.000032 -171.987
  473846.79  5892595.99   1.269765   0.000013   0.000031 -171.988
  473846.61  5892594.73   1.269706   0.000013   0.000029 -171.989
  473846.43  5892593.47   1.269649   0.000012   0.000028 -171.990
  473846.26  5892592.21   1.269594   0.000012   0.000027 -171.991
  473846.08  5892590.96   1.269542   0.000011   0.000026 -171.992
  473845.90  5892589.70   1.269491   0.000011   0.000025 -171.993
  473845.73  5892588.44   1.269443   0.000010   0.000024 -171.993
  473845.55  5892587.19   1.269397   0.000010   0.000023 -171.994
  473845.37  5892585.93   1.269354   0.000009   0.000021 -171.995
  473845.19  5892584.67   1.269312   0.000009   0.000020 -171.995
  473845.02  5892583.41   1.269273   0.000008   0.000019 -171.996
  473844.84  5892582.16   1.269236   0.000008   0.000018 -171.997
  473844.66  5892580.90   1.269202   0.000007   0.000017 -171.997
  473844.49  5892579.64   1.269169   0.000007   0.000016 -171.998
  473844.31  5892578.39   1.269139   0.000006   0.000015 -171.998
  473844.13  5892577.13   1.269111   0.000006   0.000014 -171.999
  473843.96  5892575.87   1.269085   0.000005   0.000012 -171.999
  473843.78  5892574.62   1.269062   0.000005   0.000011 -172.000
  473843.60  5892573.36   1.269041   0.000004   0.000010 -172.000
  473843.43  5892572.10   1.269022   0.000004   0.000009 -172.000
  473843.25  5892570.85   1.269005   0.000003   0.000008 -172.001
  473843.08  5892569.59   1.268990   0.000003   0.000007 -172.001
  473842.90  5892568.33   1.268978   0.000002   0.000006 -172.001
  473842.72  5892567.08   1.268968   0.000002   0.000005 -172.001
  473842.55  5892565.82   1.268960   0.000001   0.000003 -172.001
  473842.37  5892564.56   1.268954   0.000001   0.000002 -172.002
  473842.19  5892563.31   1.268952   0.000000   0.000001 -172.002
