  469751.00  5890993.50   0.384725   0.000008   0.000002    0.000
  469751.36  5890993.39   0.386297   0.000017   0.000004  107.749
  469751.73  5890993.27   0.389441   0.000033   0.000007  107.749
  469752.11  5890993.15   0.392584   0.000048   0.000010  107.750
  469752.48  5890993.03   0.395727   0.000063   0.000014  107.751
  469752.86  5890992.91   0.398870   0.000077   0.000017  107.753
  469753.24  5890992.78   0.402012   0.000091   0.000021  107.754
  469753.63  5890992.66   0.405154   0.000104   0.000024  107.757
  469754.01  5890992.54   0.408296   0.000116   0.000027  107.759
  469754.40  5890992.41   0.411437   0.000128   0.000031  107.762
  469754.80  5890992.29   0.414578   0.000140   0.000034  107.765
  469755.19  5890992.16   0.417718   0.000151   0.000037  107.768
  469755.59  5890992.03   0.420858   0.000162   0.000041  107.772
  469755.99  5890991.90   0.423998   0.000172   0.000044  107.776
  469756.40  5890991.77   0.427137   0.000182   0.000047  107.780
  469756.81  5890991.64   0.430276   0.000192   0.000050  107.784
  469757.22  5890991.51   0.433414   0.000201   0.000053  107.789
  469757.63  5890991.38   0.436552   0.000209   0.000056  107.794
  469758.05  5890991.24   0.439690   0.000218   0.000060  107.799
  469758.47  5890991.11   0.442827   0.000226   0.000063  107.805
  469758.89  5890990.97   0.445964   0.000234   0.000066  107.810
  469759.32  5890990.83   0.449101   0.000241   0.000069  107.816
  469759.75  5890990.70   0.452237   0.000249   0.000072  107.823
  469760.18  5890990.56   0.455373   0.000255   0.000075  107.829
  469760.62  5890990.42   0.458509   0.000262   0.000078  107.836
  469761.05  5890990.28   0.461644   0.000269   0.000081  107.843
  469761.49  5890990.13   0.464779   0.000275   0.000084  107.850
  469761.94  5890989.99   0.467913   0.000281   0.000087  107.857
  469762.39  5890989.85   0.471047   0.000286   0.000090  107.865
  469762.84  5890989.70   0.474181   0.000292   0.000093  107.872
  469763.29  5890989.56   0.477314   0.000297   0.000096  107.880
  469763.74  5890989.41   0.480447   0.000302   0.000099  107.888
  469764.20  5890989.26   0.483579   0.000307   0.000101  107.897
  469764.66  5890989.11   0.486711   0.000311   0.000104  107.905
  469765.13  5890988.96   0.489843   0.000316   0.000107  107.914
  469765.60  5890988.81   0.492975   0.000320   0.000110  107.923
  469766.07  5890988.66   0.496106   0.000324   0.000113  107.932
  469766.54  5890988.51   0.499237   0.000328   0.000116  107.941
  469767.02  5890988.35   0.502367   0.000332   0.000119  107.950
  469767.50  5890988.20   0.505497   0.000336   0.000121  107.960
  469767.98  5890988.04   0.508627   0.000339   0.000124  107.970
  469768.46  5890987.88   0.511756   0.000343   0.000127  107.979
  469768.95  5890987.72   0.514885   0.000346   0.000130  107.989
  469769.44  5890987.56   0.518013   0.000349   0.000132  108.000
  469769.94  5890987.40   0.521142   0.000352   0.000135  108.010
  469770.43  5890987.24   0.524270   0.000355   0.000138  108.021
  469770.93  5890987.08   0.527397   0.000357   0.000141  108.031
  469771.44  5890986.91   0.530524   0.000360   0.000143  108.042
  469771.94  5890986.75   0.533651   0.000362   0.000146  108.053
  469772.45  5890986.58   0.536778   0.000365   0.000149  108.064
  469772.96  5890986.42   0.539904   0.000367   0.000151  108.075
  469773.48  5890986.25   0.543030   0.000369   0.000154  108.087
  469774.00  5890986.08   0.546155   0.000371   0.000157  108.098
  469774.52  5890985.91   0.549280   0.000373   0.000159  108.110
  469775.04  5890985.74   0.552405   0.000375   0.000162  108.121
  469775.57  5890985.57   0.555529   0.000377   0.000164  108.133
  469776.10  5890985.39   0.558653   0.000379   0.000167  108.145
  469776.63  5890985.22   0.561777   0.000380   0.000170  108.157
  469777.16  5890985.04   0.564901   0.000382   0.000172  108.170
  469777.70  5890984.86   0.568024   0.000383   0.000175  108.182
  469778.24  5890984.69   0.571146   0.000385   0.000177  108.194
  469778.79  5890984.51   0.574269   0.000386   0.000180  108.207
  469779.33  5890984.33   0.577391   0.000387   0.000183  108.220
  469779.88  5890984.15   0.580513   0.000388   0.000185  108.233
  469780.44  5890983.96   0.583634   0.000390   0.000188  108.245
  469780.99  5890983.78   0.586755   0.000391   0.000190  108.259
  469781.55  5890983.60   0.589876   0.000392   0.000193  108.272
  469782.11  5890983.41   0.592996   0.000393   0.000195  108.285
  469782.68  5890983.22   0.596116   0.000393   0.000198  108.298
  469783.24  5890983.04   0.599236   0.000394   0.000200  108.312
  469783.81  5890982.85   0.602355   0.000395   0.000203  108.325
  469784.39  5890982.66   0.605475   0.000396   0.000205  108.339
  469784.96  5890982.47   0.608593   0.000397   0.000208  108.353
  469785.54  5890982.27   0.611712   0.000397   0.000210  108.366
  469786.13  5890982.08   0.614830   0.000398   0.000213  108.380
  469786.71  5890981.89   0.617948   0.000398   0.000215  108.394
  469787.30  5890981.69   0.621065   0.000399   0.000218  108.408
  469787.89  5890981.49   0.624183   0.000399   0.000220  108.423
  469788.48  5890981.30   0.627299   0.000400   0.000222  108.437
  469789.08  5890981.10   0.630416   0.000400   0.000225  108.451
  469789.68  5890980.90   0.633532   0.000401   0.000227  108.466
  469790.28  5890980.70   0.636648   0.000401   0.000230  108.480
  469790.89  5890980.49   0.639764   0.000401   0.000232  108.495
  469791.49  5890980.29   0.642879   0.000401   0.000235  108.510
  469792.10  5890980.09   0.645994   0.000402   0.000237  108.524
  469792.72  5890979.88   0.649109   0.000402   0.000239  108.539
  469793.34  5890979.67   0.652223   0.000402   0.000242  108.554
  469793.96  5890979.46   0.655338   0.000402   0.000244  108.569
  469794.58  5890979.25   0.658451   0.000402   0.000247  108.584
  469795.20  5890979.04   0.661565   0.000402   0.000249  108.599
  469795.83  5890978.83   0.664678   0.000402   0.000251  108.615
  469796.46  5890978.62   0.667791   0.000402   0.000254  108.630
  469797.10  5890978.41   0.670904   0.000402   0.000256  108.645
  469797.73  5890978.19   0.674016   0.000402   0.000258  108.661
  469798.37  5890977.97   0.677128   0.000402   0.000261  108.676
  469799.02  5890977.76   0.680240   0.000402   0.000263  108.692
  469799.66  5890977.54   0.683351   0.000402   0.000265  108.708
  469800.31  5890977.32   0.686463   0.000402   0.000268  108.723
  469800.96  5890977.10   0.689574   0.000402   0.000270  108.739
  469801.62  5890976.87   0.692684   0.000401   0.000272  108.755
  469802.28  5890976.65   0.695795   0.000401   0.000275  108.771
  469802.94  5890976.43   0.698905   0.000401   0.000277  108.787
  469803.60  5890976.20   0.702014   0.000401   0.000279  108.803
  469804.26  5890975.97   0.705124   0.000401   0.000282  108.819
  469804.93  5890975.75   0.708233   0.000400   0.000284  108.835
  469805.61  5890975.52   0.711342   0.000400   0.000286  108.852
  469806.28  5890975.29   0.714451   0.000400   0.000289  108.868
  469806.96  5890975.05   0.717559   0.000399   0.000291  108.884
  469807.64  5890974.82   0.720667   0.000399   0.000293  108.901
  469808.32  5890974.59   0.723775   0.000399   0.000295  108.917
  469809.01  5890974.35   0.726883   0.000398   0.000298  108.934
  469809.70  5890974.12   0.729990   0.000398   0.000300  108.950
  469810.39  5890973.88   0.733097   0.000398   0.000302  108.967
  469811.08  5890973.64   0.736204   0.000397   0.000304  108.984
  469811.78  5890973.40   0.739310   0.000397   0.000307  109.000
  469812.48  5890973.16   0.742416   0.000396   0.000309  109.017
  469813.18  5890972.91   0.745522   0.000396   0.000311  109.034
  469813.89  5890972.67   0.748628   0.000396   0.000314  109.051
  469814.60  5890972.43   0.751734   0.000395   0.000316  109.068
  469815.31  5890972.18   0.754839   0.000395   0.000318  109.085
  469816.03  5890971.93   0.757944   0.000394   0.000320  109.102
  469816.74  5890971.68   0.761049   0.000394   0.000322  109.119
  469817.46  5890971.43   0.764153   0.000393   0.000325  109.136
  469818.19  5890971.18   0.767257   0.000393   0.000327  109.154
  469818.91  5890970.93   0.770361   0.000392   0.000329  109.171
  469819.64  5890970.68   0.773465   0.000392   0.000331  109.188
  469820.37  5890970.42   0.776568   0.000391   0.000334  109.205
  469821.11  5890970.16   0.779671   0.000391   0.000336  109.223
  469821.85  5890969.91   0.782774   0.000390   0.000338  109.240
  469822.59  5890969.65   0.785877   0.000390   0.000340  109.258
  469823.33  5890969.39   0.788980   0.000389   0.000342  109.275
  469824.08  5890969.13   0.792082   0.000388   0.000345  109.293
  469824.82  5890968.86   0.795184   0.000388   0.000347  109.311
  469825.58  5890968.60   0.798286   0.000387   0.000349  109.328
  469826.33  5890968.34   0.801387   0.000387   0.000351  109.346
  469827.09  5890968.07   0.804488   0.000386   0.000353  109.364
  469827.85  5890967.80   0.807589   0.000386   0.000356  109.382
  469828.61  5890967.53   0.810690   0.000385   0.000358  109.399
  469829.38  5890967.26   0.813791   0.000384   0.000360  109.417
  469830.15  5890966.99   0.816891   0.000384   0.000362  109.435
  469830.92  5890966.72   0.819991   0.000383   0.000364  109.453
  469831.69  5890966.45   0.823091   0.000383   0.000367  109.471
  469832.47  5890966.17   0.826191   0.000382   0.000369  109.489
  469833.25  5890965.89   0.829290   0.000381   0.000371  109.507
  469834.03  5890965.62   0.832390   0.000381   0.000373  109.525
  469834.82  5890965.34   0.835489   0.000380   0.000375  109.544
  469835.61  5890965.06   0.838587   0.000379   0.000377  109.562
  469836.40  5890964.78   0.841686   0.000379   0.000379  109.580
  469837.19  5890964.49   0.844784   0.000378   0.000382  109.598
  469837.99  5890964.21   0.847882   0.000378   0.000384  109.617
  469838.79  5890963.92   0.850980   0.000377   0.000386  109.635
  469839.60  5890963.64   0.854078   0.000376   0.000388  109.653
  469840.40  5890963.35   0.857176   0.000376   0.000390  109.672
  469841.21  5890963.06   0.860273   0.000375   0.000392  109.690
  469842.02  5890962.77   0.863370   0.000374   0.000395  109.709
  469842.83  5890962.48   0.866467   0.000374   0.000397  109.727
  469843.65  5890962.18   0.869564   0.000373   0.000399  109.746
  469844.47  5890961.89   0.872660   0.000372   0.000401  109.764
  469845.29  5890961.59   0.875756   0.000372   0.000403  109.783
  469846.12  5890961.30   0.878853   0.000371   0.000405  109.801
  469846.95  5890961.00   0.881948   0.000370   0.000407  109.820
  469847.78  5890960.70   0.885044   0.000370   0.000409  109.839
  469848.61  5890960.40   0.888140   0.000369   0.000412  109.858
  469849.45  5890960.09   0.891235   0.000368   0.000414  109.876
  469850.29  5890959.79   0.894330   0.000368   0.000416  109.895
  469851.13  5890959.48   0.897425   0.000367   0.000418  109.914
  469851.98  5890959.18   0.900520   0.000366   0.000420  109.933
  469852.82  5890958.87   0.903614   0.000366   0.000422  109.952
  469853.68  5890958.56   0.906709   0.000365   0.000424  109.971
  469854.53  5890958.25   0.909803   0.000364   0.000426  109.990
  469855.38  5890957.94   0.912897   0.000364   0.000428  110.009
  469856.24  5890957.63   0.915991   0.000363   0.000431  110.028
  469857.11  5890957.31   0.919084   0.000362   0.000433  110.047
  469857.97  5890957.00   0.922178   0.000361   0.000435  110.066
  469858.84  5890956.68   0.925271   0.000361   0.000437  110.085
  469859.71  5890956.36   0.928364   0.000360   0.000439  110.104
  469860.58  5890956.04   0.931457   0.000359   0.000441  110.123
  469861.46  5890955.72   0.934550   0.000359   0.000443  110.142
  469862.34  5890955.40   0.937642   0.000358   0.000445  110.162
  469863.22  5890955.07   0.940735   0.000357   0.000447  110.181
  469864.10  5890954.75   0.943827   0.000357   0.000449  110.200
  469864.99  5890954.42   0.946919   0.000356   0.000451  110.219
  469865.88  5890954.09   0.950011   0.000355   0.000454  110.239
  469866.77  5890953.76   0.953103   0.000355   0.000456  110.258
  469867.67  5890953.43   0.956194   0.000354   0.000458  110.277
  469868.57  5890953.10   0.959286   0.000353   0.000460  110.297
  469869.47  5890952.77   0.962377   0.000353   0.000462  110.316
  469870.37  5890952.43   0.965468   0.000352   0.000464  110.336
  469871.28  5890952.09   0.968559   0.000351   0.000466  110.355
  469872.19  5890951.76   0.971650   0.000351   0.000468  110.375
  469873.10  5890951.42   0.974740   0.000350   0.000470  110.394
  469874.01  5890951.08   0.977831   0.000349   0.000472  110.414
  469874.93  5890950.73   0.980921   0.000349   0.000474  110.433
  469875.85  5890950.39   0.984011   0.000348   0.000476  110.453
  469876.78  5890950.05   0.987101   0.000347   0.000478  110.472
  469877.70  5890949.70   0.990191   0.000347   0.000480  110.492
  469878.63  5890949.35   0.993281   0.000346   0.000483  110.512
  469879.56  5890949.00   0.996371   0.000345   0.000485  110.531
  469880.50  5890948.65   0.999460   0.000344   0.000487  110.551
  469881.43  5890948.30   1.002549   0.000344   0.000489  110.571
  469882.37  5890947.95   1.005638   0.000343   0.000491  110.591
  469883.32  5890947.59   1.008728   0.000342   0.000493  110.610
  469884.26  5890947.24   1.011816   0.000342   0.000495  110.630
  469885.21  5890946.88   1.014905   0.000341   0.000497  110.650
  469886.16  5890946.52   1.017994   0.000340   0.000499  110.670
  469887.11  5890946.16   1.021082   0.000340   0.000501  110.690
  469888.07  5890945.80   1.024171   0.000339   0.000503  110.710
  469889.03  5890945.44   1.027259   0.000338   0.000505  110.729
  469889.99  5890945.07   1.030347   0.000338   0.000507  110.749
  469890.96  5890944.71   1.033435   0.000337   0.000509  110.769
  469891.93  5890944.34   1.036523   0.000336   0.000511  110.789
  469892.90  5890943.97   1.039611   0.000336   0.000513  110.809
  469893.87  5890943.60   1.042698   0.000335   0.000515  110.829
  469894.84  5890943.23   1.045786   0.000334   0.000517  110.849
  469895.82  5890942.86   1.048873   0.000334   0.000519  110.869
  469896.80  5890942.48   1.051961   0.000333   0.000521  110.889
  469897.79  5890942.11   1.055048   0.000332   0.000523  110.909
  469898.78  5890941.73   1.058135   0.000332   0.000525  110.930
  469899.77  5890941.35   1.061222   0.000331   0.000527  110.950
  469900.76  5890940.97   1.064309   0.000331   0.000530  110.970
  469901.75  5890940.59   1.067395   0.000330   0.000532  110.990
  469902.75  5890940.20   1.070482   0.000329   0.000534  111.010
  469903.75  5890939.82   1.073568   0.000329   0.000536  111.030
  469904.75  5890939.43   1.076655   0.000328   0.000538  111.051
  469905.76  5890939.05   1.079741   0.000327   0.000540  111.071
  469906.77  5890938.66   1.082827   0.000327   0.000542  111.091
  469907.78  5890938.27   1.085913   0.000326   0.000544  111.111
  469908.80  5890937.87   1.088999   0.000325   0.000546  111.132
  469909.81  5890937.48   1.092085   0.000325   0.000548  111.152
  469910.83  5890937.09   1.095171   0.000324   0.000550  111.172
  469911.85  5890936.69   1.098257   0.000323   0.000552  111.193
  469912.88  5890936.29   1.101342   0.000323   0.000554  111.213
  469913.91  5890935.89   1.104428   0.000322   0.000556  111.233
  469914.94  5890935.49   1.107513   0.000322   0.000558  111.254
  469915.97  5890935.09   1.110599   0.000321   0.000560  111.274
  469917.01  5890934.68   1.113684   0.000320   0.000562  111.294
  469918.05  5890934.28   1.116769   0.000320   0.000564  111.315
  469919.09  5890933.87   1.119854   0.000319   0.000566  111.335
  469920.13  5890933.46   1.122939   0.000318   0.000568  111.356
  469921.18  5890933.05   1.126024   0.000318   0.000570  111.376
  469922.23  5890932.64   1.129109   0.000317   0.000572  111.397
  469923.28  5890932.23   1.132194   0.000317   0.000574  111.417
  469924.34  5890931.82   1.135279   0.000316   0.000576  111.438
  469925.40  5890931.40   1.138363   0.000315   0.000578  111.458
  469926.46  5890930.98   1.141448   0.000315   0.000580  111.479
  469927.52  5890930.56   1.144532   0.000314   0.000582  111.500
  469928.59  5890930.14   1.147617   0.000313   0.000584  111.520
  469929.66  5890929.72   1.150701   0.000313   0.000586  111.541
  469930.73  5890929.30   1.153786   0.000312   0.000588  111.561
  469931.80  5890928.87   1.156870   0.000312   0.000590  111.582
  469932.88  5890928.45   1.159954   0.000311   0.000592  111.603
  469933.96  5890928.02   1.163038   0.000310   0.000594  111.623
  469935.04  5890927.59   1.166122   0.000310   0.000596  111.644
  469936.13  5890927.16   1.169206   0.000309   0.000598  111.665
  469937.21  5890926.72   1.172290   0.000309   0.000600  111.685
  469938.30  5890926.29   1.175374   0.000308   0.000602  111.706
  469939.40  5890925.85   1.178458   0.000307   0.000604  111.727
  469940.49  5890925.42   1.181542   0.000307   0.000606  111.748
  469941.59  5890924.98   1.184625   0.000306   0.000608  111.768
  469942.69  5890924.54   1.187709   0.000306   0.000610  111.789
  469943.80  5890924.10   1.190793   0.000305   0.000612  111.810
  469944.91  5890923.65   1.193876   0.000304   0.000614  111.831
  469946.01  5890923.21   1.196960   0.000304   0.000616  111.852
  469947.13  5890922.76   1.200043   0.000303   0.000618  111.872
  469948.24  5890922.31   1.203127   0.000303   0.000620  111.893
  469949.36  5890921.86   1.206210   0.000302   0.000622  111.914
  469950.48  5890921.41   1.209293   0.000301   0.000624  111.935
  469951.60  5890920.96   1.212377   0.000301   0.000626  111.956
  469952.73  5890920.51   1.215460   0.000300   0.000627  111.977
  469953.86  5890920.05   1.218543   0.000300   0.000629  111.998
  469954.99  5890919.59   1.221627   0.000299   0.000631  112.019
  469956.12  5890919.13   1.224710   0.000299   0.000633  112.040
  469957.26  5890918.67   1.227793   0.000298   0.000635  112.061
  469958.40  5890918.21   1.230876   0.000297   0.000637  112.082
  469959.54  5890917.75   1.233959   0.000297   0.000639  112.103
  469960.68  5890917.28   1.237042   0.000296   0.000641  112.124
  469961.83  5890916.82   1.240125   0.000296   0.000643  112.145
  469962.98  5890916.35   1.243208   0.000295   0.000645  112.166
  469964.13  5890915.88   1.246291   0.000295   0.000647  112.187
  469965.29  5890915.40   1.249374   0.000294   0.000649  112.208
  469966.45  5890914.93   1.252457   0.000294   0.000651  112.229
  469967.61  5890914.46   1.255540   0.000293   0.000653  112.250
  469968.77  5890913.98   1.258623   0.000292   0.000655  112.271
  469969.94  5890913.50   1.261706   0.000292   0.000657  112.292
  469971.11  5890913.02   1.264789   0.000291   0.000659  112.313
  469972.28  5890912.54   1.267872   0.000291   0.000661  112.334
  469973.45  5890912.06   1.270955   0.000290   0.000663  112.355
  469974.63  5890911.57   1.274038   0.000290   0.000665  112.376
  469975.81  5890911.09   1.277121   0.000289   0.000667  112.397
  469976.99  5890910.60   1.280204   0.000289   0.000669  112.419
  469978.17  5890910.11   1.283287   0.000288   0.000671  112.440
  469979.36  5890909.62   1.286370   0.000287   0.000673  112.461
  469980.55  5890909.13   1.289453   0.000287   0.000675  112.482
  469981.74  5890908.63   1.292535   0.000286   0.000677  112.503
  469982.94  5890908.14   1.295618   0.000286   0.000679  112.525
  469984.14  5890907.64   1.298701   0.000285   0.000681  112.546
  469985.34  5890907.14   1.301784   0.000285   0.000682  112.567
  469986.54  5890906.64   1.304867   0.000284   0.000684  112.588
  469987.75  5890906.14   1.307950   0.000284   0.000686  112.610
  469988.96  5890905.64   1.311033   0.000283   0.000688  112.631
  469990.17  5890905.13   1.314116   0.000283   0.000690  112.652
  469991.38  5890904.62   1.317199   0.000282   0.000692  112.673
  469992.60  5890904.11   1.320282   0.000282   0.000694  112.695
  469993.82  5890903.60   1.323365   0.000281   0.000696  112.716
  469995.04  5890903.09   1.326448   0.000281   0.000698  112.737
  469996.26  5890902.58   1.329531   0.000280   0.000700  112.759
  469997.49  5890902.06   1.332614   0.000280   0.000702  112.780
  469998.72  5890901.54   1.335697   0.000279   0.000704  112.801
  469999.95  5890901.03   1.338781   0.000278   0.000706  112.823
  470001.19  5890900.51   1.341864   0.000278   0.000708  112.844
  470002.43  5890899.98   1.344947   0.000277   0.000710  112.865
  470003.67  5890899.46   1.348030   0.000277   0.000712  112.887
  470004.91  5890898.93   1.351113   0.000276   0.000714  112.908
  470006.16  5890898.41   1.354197   0.000276   0.000716  112.929
  470007.40  5890897.88   1.357280   0.000275   0.000718  112.951
  470008.65  5890897.35   1.360363   0.000275   0.000719  112.972
  470009.91  5890896.82   1.363447   0.000274   0.000721  112.994
  470011.16  5890896.28   1.366530   0.000274   0.000723  113.015
  470012.42  5890895.75   1.369614   0.000273   0.000725  113.037
  470013.69  5890895.21   1.372697   0.000273   0.000727  113.058
  470014.95  5890894.67   1.375781   0.000272   0.000729  113.080
  470016.22  5890894.13   1.378864   0.000272   0.000731  113.101
  470017.49  5890893.59   1.381948   0.000271   0.000733  113.123
  470018.76  5890893.05   1.385032   0.000271   0.000735  113.144
  470020.03  5890892.50   1.388116   0.000270   0.000737  113.165
  470021.31  5890891.95   1.391199   0.000270   0.000739  113.187
  470022.59  5890891.40   1.394283   0.000269   0.000741  113.209
  470023.87  5890890.85   1.397367   0.000269   0.000743  113.230
  470025.16  5890890.30   1.400451   0.000268   0.000745  113.252
  470026.45  5890889.75   1.403535   0.000268   0.000747  113.273
  470027.74  5890889.19   1.406619   0.000268   0.000749  113.295
  470029.03  5890888.63   1.409703   0.000267   0.000750  113.316
  470030.33  5890888.08   1.412788   0.000267   0.000752  113.338
  470031.62  5890887.51   1.415872   0.000266   0.000754  113.359
  470032.93  5890886.95   1.418956   0.000266   0.000756  113.381
  470034.23  5890886.39   1.422041   0.000265   0.000758  113.403
  470035.54  5890885.82   1.425125   0.000265   0.000760  113.424
  470036.84  5890885.25   1.428210   0.000264   0.000762  113.446
  470038.16  5890884.69   1.431294   0.000264   0.000764  113.467
  470039.47  5890884.11   1.434379   0.000263   0.000766  113.489
  470040.79  5890883.54   1.437464   0.000263   0.000768  113.511
  470042.11  5890882.97   1.440549   0.000262   0.000770  113.532
  470043.43  5890882.39   1.443634   0.000262   0.000772  113.554
  470044.75  5890881.81   1.446719   0.000261   0.000774  113.576
  470046.08  5890881.23   1.449804   0.000261   0.000776  113.597
  470047.41  5890880.65   1.452889   0.000260   0.000777  113.619
  470048.74  5890880.07   1.455974   0.000260   0.000779  113.641
  470050.08  5890879.48   1.459060   0.000260   0.000781  113.662
  470051.41  5890878.90   1.462145   0.000259   0.000783  113.684
  470052.75  5890878.31   1.465231   0.000259   0.000785  113.706
  470054.10  5890877.72   1.468316   0.000258   0.000787  113.727
  470055.44  5890877.13   1.471402   0.000258   0.000789  113.749
  470056.79  5890876.53   1.474488   0.000257   0.000791  113.771
  470058.14  5890875.94   1.477574   0.000257   0.000793  113.793
  470059.49  5890875.34   1.480660   0.000256   0.000795  113.814
  470060.85  5890874.74   1.483746   0.000256   0.000797  113.836
  470062.21  5890874.14   1.486832   0.000255   0.000799  113.858
  470063.57  5890873.54   1.489918   0.000255   0.000800  113.880
  470064.93  5890872.93   1.493005   0.000255   0.000802  113.901
  470066.30  5890872.33   1.496091   0.000254   0.000804  113.923
  470067.67  5890871.72   1.499178   0.000254   0.000806  113.945
  470069.04  5890871.11   1.502264   0.000253   0.000808  113.967
  470070.41  5890870.50   1.505351   0.000253   0.000810  113.988
  470071.79  5890869.88   1.508438   0.000252   0.000812  114.010
  470073.17  5890869.27   1.511525   0.000252   0.000814  114.032
  470074.55  5890868.65   1.514612   0.000251   0.000816  114.054
  470075.93  5890868.03   1.517700   0.000251   0.000818  114.076
  470077.32  5890867.41   1.520787   0.000251   0.000820  114.098
  470078.71  5890866.79   1.523875   0.000250   0.000822  114.119
  470080.10  5890866.17   1.526962   0.000250   0.000823  114.141
  470081.50  5890865.54   1.530050   0.000249   0.000825  114.163
  470082.89  5890864.92   1.533138   0.000249   0.000827  114.185
  470084.29  5890864.29   1.536226   0.000248   0.000829  114.207
  470085.70  5890863.65   1.539314   0.000248   0.000831  114.229
  470087.10  5890863.02   1.542402   0.000248   0.000833  114.251
  470088.51  5890862.39   1.545491   0.000247   0.000835  114.272
  470089.92  5890861.75   1.548579   0.000247   0.000837  114.294
  470091.33  5890861.11   1.551668   0.000246   0.000839  114.316
  470092.75  5890860.47   1.554756   0.000246   0.000841  114.338
  470094.16  5890859.83   1.557845   0.000245   0.000843  114.360
  470095.58  5890859.19   1.560934   0.000245   0.000844  114.382
  470097.01  5890858.54   1.564024   0.000245   0.000846  114.404
  470098.43  5890857.89   1.567113   0.000244   0.000848  114.426
  470099.86  5890857.24   1.570202   0.000244   0.000850  114.448
  470101.29  5890856.59   1.573292   0.000243   0.000852  114.470
  470102.72  5890855.94   1.576382   0.000243   0.000854  114.492
  470104.16  5890855.29   1.579472   0.000243   0.000856  114.513
  470105.60  5890854.63   1.582562   0.000242   0.000858  114.535
  470107.04  5890853.97   1.585652   0.000242   0.000860  114.557
  470108.48  5890853.31   1.588742   0.000241   0.000862  114.579
  470109.93  5890852.65   1.591833   0.000241   0.000863  114.601
  470111.38  5890851.98   1.594924   0.000241   0.000865  114.623
  470112.83  5890851.32   1.598014   0.000240   0.000867  114.645
  470114.28  5890850.65   1.601105   0.000240   0.000869  114.667
  470115.74  5890849.98   1.604197   0.000239   0.000871  114.689
  470117.20  5890849.31   1.607288   0.000239   0.000873  114.711
  470118.66  5890848.64   1.610379   0.000239   0.000875  114.733
  470120.12  5890847.96   1.613471   0.000238   0.000877  114.755
  470121.59  5890847.29   1.616563   0.000238   0.000879  114.777
  470123.06  5890846.61   1.619655   0.000237   0.000881  114.799
  470124.53  5890845.93   1.622747   0.000237   0.000882  114.821
  470126.00  5890845.24   1.625839   0.000237   0.000884  114.843
  470127.48  5890844.56   1.628931   0.000236   0.000886  114.865
  470128.96  5890843.87   1.632024   0.000236   0.000888  114.887
  470130.44  5890843.19   1.635117   0.000235   0.000890  114.910
  470131.92  5890842.50   1.638210   0.000235   0.000892  114.932
  470133.41  5890841.80   1.641303   0.000235   0.000894  114.954
  470134.90  5890841.11   1.644396   0.000234   0.000896  114.976
  470136.39  5890840.41   1.647490   0.000234   0.000898  114.998
  470137.89  5890839.72   1.650584   0.000233   0.000899  115.020
  470139.38  5890839.02   1.653678   0.000233   0.000901  115.042
  470140.88  5890838.32   1.656772   0.000233   0.000903  115.064
  470142.38  5890837.61   1.659866   0.000232   0.000905  115.086
  470143.89  5890836.91   1.662960   0.000232   0.000907  115.108
  470145.40  5890836.20   1.666055   0.000232   0.000909  115.130
  470146.90  5890835.49   1.669150   0.000231   0.000911  115.152
  470148.42  5890834.78   1.672245   0.000231   0.000913  115.174
  470149.93  5890834.07   1.675340   0.000230   0.000915  115.197
  470151.45  5890833.36   1.678435   0.000230   0.000916  115.219
  470152.97  5890832.64   1.681531   0.000230   0.000918  115.241
  470154.49  5890831.92   1.684627   0.000229   0.000920  115.263
  470156.01  5890831.20   1.687723   0.000229   0.000922  115.285
  470157.54  5890830.48   1.690819   0.000229   0.000924  115.307
  470159.07  5890829.75   1.693915   0.000228   0.000926  115.329
  470160.60  5890829.03   1.697012   0.000228   0.000928  115.352
  470162.14  5890828.30   1.700109   0.000227   0.000930  115.374
  470163.68  5890827.57   1.703206   0.000227   0.000932  115.396
  470165.22  5890826.84   1.706303   0.000227   0.000933  115.418
  470166.76  5890826.11   1.709401   0.000226   0.000935  115.440
  470168.30  5890825.37   1.712498   0.000226   0.000937  115.462
  470169.85  5890824.63   1.715596   0.000226   0.000939  115.484
  470171.40  5890823.89   1.718694   0.000225   0.000941  115.507
  470172.95  5890823.15   1.721793   0.000225   0.000943  115.529
  470174.51  5890822.41   1.724891   0.000225   0.000945  115.551
  470176.06  5890821.66   1.727990   0.000224   0.000947  115.573
  470177.62  5890820.92   1.731089   0.000224   0.000948  115.595
  470179.19  5890820.17   1.734188   0.000223   0.000950  115.618
  470180.75  5890819.42   1.737287   0.000223   0.000952  115.640
  470182.32  5890818.66   1.740387   0.000223   0.000954  115.662
  470183.89  5890817.91   1.743487   0.000222   0.000956  115.684
  470185.46  5890817.15   1.746587   0.000222   0.000958  115.706
  470187.04  5890816.39   1.749687   0.000222   0.000960  115.729
  470188.61  5890815.63   1.752788   0.000221   0.000962  115.751
  470190.19  5890814.87   1.755889   0.000221   0.000964  115.773
  470191.77  5890814.10   1.758990   0.000221   0.000965  115.795
  470193.36  5890813.34   1.762091   0.000220   0.000967  115.818
  470194.95  5890812.57   1.765193   0.000220   0.000969  115.840
  470196.54  5890811.80   1.768294   0.000220   0.000971  115.862
  470198.13  5890811.02   1.771396   0.000219   0.000973  115.884
  470199.72  5890810.25   1.774499   0.000219   0.000975  115.907
  470201.32  5890809.47   1.777601   0.000219   0.000977  115.929
  470202.92  5890808.70   1.780704   0.000218   0.000979  115.951
  470204.52  5890807.91   1.783807   0.000218   0.000980  115.973
  470206.13  5890807.13   1.786910   0.000218   0.000982  115.996
  470207.73  5890806.35   1.790014   0.000217   0.000984  116.018
  470209.34  5890805.56   1.793117   0.000217   0.000986  116.040
  470210.96  5890804.77   1.796221   0.000217   0.000988  116.062
  470212.57  5890803.98   1.799325   0.000216   0.000990  116.085
  470214.19  5890803.19   1.802430   0.000216   0.000992  116.107
  470215.81  5890802.40   1.805535   0.000215   0.000993  116.129
  470217.43  5890801.60   1.808640   0.000215   0.000995  116.152
  470219.05  5890800.80   1.811745   0.000215   0.000997  116.174
  470220.68  5890800.00   1.814851   0.000214   0.000999  116.196
  470222.31  5890799.20   1.817956   0.000214   0.001001  116.218
  470223.94  5890798.39   1.821063   0.000214   0.001003  116.241
  470225.58  5890797.59   1.824169   0.000213   0.001005  116.263
  470227.21  5890796.78   1.827275   0.000213   0.001007  116.285
  470228.85  5890795.97   1.830382   0.000213   0.001008  116.308
  470230.50  5890795.15   1.833490   0.000213   0.001010  116.330
  470232.14  5890794.34   1.836597   0.000212   0.001012  116.352
  470233.79  5890793.52   1.839705   0.000212   0.001014  116.375
  470235.44  5890792.70   1.842813   0.000212   0.001016  116.397
  470237.09  5890791.88   1.845921   0.000211   0.001018  116.419
  470238.74  5890791.06   1.849030   0.000211   0.001020  116.442
  470240.40  5890790.24   1.852138   0.000211   0.001021  116.464
  470242.06  5890789.41   1.855247   0.000210   0.001023  116.486
  470243.72  5890788.58   1.858357   0.000210   0.001025  116.509
  470245.38  5890787.75   1.861467   0.000210   0.001027  116.531
  470247.05  5890786.92   1.864577   0.000209   0.001029  116.553
  470248.72  5890786.08   1.867687   0.000209   0.001031  116.576
  470250.39  5890785.25   1.870797   0.000209   0.001033  116.598
  470252.06  5890784.41   1.873908   0.000208   0.001035  116.621
  470253.74  5890783.57   1.877019   0.000208   0.001036  116.643
  470255.42  5890782.72   1.880131   0.000208   0.001038  116.665
  470257.10  5890781.88   1.883243   0.000207   0.001040  116.688
  470258.78  5890781.03   1.886355   0.000207   0.001042  116.710
  470260.47  5890780.18   1.889467   0.000207   0.001044  116.732
  470262.16  5890779.33   1.892580   0.000206   0.001046  116.755
  470263.85  5890778.48   1.895693   0.000206   0.001048  116.777
  470265.54  5890777.62   1.898806   0.000206   0.001049  116.800
  470267.24  5890776.76   1.901919   0.000206   0.001051  116.822
  470268.94  5890775.90   1.905033   0.000205   0.001053  116.844
  470270.64  5890775.04   1.908147   0.000205   0.001055  116.867
  470272.34  5890774.18   1.911262   0.000205   0.001057  116.889
  470274.05  5890773.31   1.914377   0.000204   0.001059  116.912
  470275.76  5890772.45   1.917492   0.000204   0.001061  116.934
  470277.47  5890771.58   1.920607   0.000204   0.001062  116.956
  470279.18  5890770.70   1.923723   0.000203   0.001064  116.979
  470280.89  5890769.83   1.926839   0.000203   0.001066  117.001
  470282.61  5890768.95   1.929956   0.000203   0.001068  117.024
  470284.33  5890768.07   1.933072   0.000202   0.001070  117.046
  470286.06  5890767.19   1.936189   0.000203   0.001075  117.068
  470287.78  5890766.31   1.939302   0.000203   0.001079  117.091
  470289.51  5890765.43   1.942416   0.000202   0.001075  117.114
  470291.24  5890764.54   1.945538   0.000199   0.001065  117.136
  470292.97  5890763.65   1.948669   0.000197   0.001055  117.158
  470294.71  5890762.76   1.951808   0.000194   0.001045  117.180
  470296.44  5890761.87   1.954957   0.000192   0.001036  117.202
  470298.18  5890760.97   1.958113   0.000189   0.001026  117.223
  470299.93  5890760.08   1.961279   0.000187   0.001016  117.244
  470301.67  5890759.18   1.964453   0.000184   0.001006  117.265
  470303.42  5890758.28   1.967635   0.000182   0.000996  117.286
  470305.17  5890757.37   1.970826   0.000179   0.000986  117.307
  470306.92  5890756.47   1.974026   0.000177   0.000976  117.327
  470308.67  5890755.56   1.977234   0.000174   0.000962  117.347
  470310.43  5890754.65   1.980457   0.000171   0.000948  117.367
  470312.19  5890753.74   1.983688   0.000170   0.000946  117.386
  470313.95  5890752.82   1.986916   0.000171   0.000954  117.405
  470315.72  5890751.91   1.990142   0.000172   0.000961  117.425
  470317.49  5890750.99   1.993364   0.000172   0.000969  117.444
  470319.26  5890750.07   1.996583   0.000173   0.000976  117.464
  470321.03  5890749.15   1.999800   0.000174   0.000984  117.484
  470322.80  5890748.22   2.003013   0.000175   0.000991  117.504
  470324.58  5890747.30   2.006224   0.000175   0.000999  117.524
  470326.36  5890746.37   2.009432   0.000176   0.001006  117.544
  470328.15  5890745.44   2.012637   0.000177   0.001014  117.564
  470329.93  5890744.51   2.015838   0.000178   0.001021  117.585
  470331.72  5890743.57   2.019038   0.000178   0.001029  117.605
  470333.51  5890742.63   2.022234   0.000179   0.001036  117.626
  470335.30  5890741.69   2.025427   0.000180   0.001044  117.647
  470337.10  5890740.75   2.028617   0.000181   0.001051  117.668
  470338.89  5890739.81   2.031805   0.000181   0.001058  117.689
  470340.69  5890738.86   2.034990   0.000182   0.001066  117.710
  470342.50  5890737.92   2.038171   0.000183   0.001073  117.731
  470344.30  5890736.97   2.041350   0.000183   0.001081  117.752
  470346.11  5890736.02   2.044526   0.000184   0.001088  117.774
  470347.92  5890735.06   2.047700   0.000185   0.001095  117.795
  470349.73  5890734.10   2.050870   0.000185   0.001103  117.817
  470351.55  5890733.15   2.054038   0.000186   0.001110  117.839
  470353.36  5890732.19   2.057203   0.000187   0.001117  117.861
  470355.18  5890731.22   2.060365   0.000187   0.001125  117.883
  470357.01  5890730.26   2.063524   0.000188   0.001132  117.905
  470358.83  5890729.29   2.066680   0.000189   0.001140  117.927
  470360.66  5890728.32   2.069834   0.000189   0.001146  117.949
  470362.49  5890727.35   2.072985   0.000190   0.001153  117.972
  470364.32  5890726.38   2.076133   0.000191   0.001162  117.994
  470366.15  5890725.40   2.079278   0.000192   0.001172  118.017
  470367.99  5890724.42   2.082420   0.000193   0.001182  118.040
  470369.83  5890723.44   2.085558   0.000194   0.001192  118.063
  470371.67  5890722.46   2.088693   0.000195   0.001202  118.086
  470373.51  5890721.47   2.091825   0.000196   0.001212  118.109
  470375.36  5890720.49   2.094954   0.000197   0.001222  118.133
  470377.21  5890719.50   2.098080   0.000198   0.001232  118.156
  470379.06  5890718.51   2.101202   0.000199   0.001242  118.180
  470380.91  5890717.51   2.104321   0.000200   0.001252  118.204
  470382.77  5890716.52   2.107437   0.000201   0.001262  118.228
  470384.63  5890715.52   2.110550   0.000202   0.001272  118.252
  470386.49  5890714.52   2.113660   0.000203   0.001282  118.277
  470388.35  5890713.51   2.116766   0.000204   0.001292  118.301
  470390.21  5890712.51   2.119870   0.000205   0.001302  118.326
  470392.08  5890711.50   2.122970   0.000206   0.001312  118.351
  470393.95  5890710.49   2.126067   0.000207   0.001322  118.376
  470395.82  5890709.48   2.129161   0.000208   0.001332  118.401
  470397.69  5890708.47   2.132252   0.000209   0.001342  118.426
  470399.57  5890707.45   2.135339   0.000210   0.001352  118.452
  470401.45  5890706.43   2.138423   0.000211   0.001361  118.478
  470403.33  5890705.41   2.141505   0.000211   0.001370  118.503
  470405.21  5890704.39   2.144586   0.000212   0.001379  118.529
  470407.10  5890703.36   2.147666   0.000213   0.001388  118.555
  470408.98  5890702.33   2.150745   0.000214   0.001397  118.582
  470410.87  5890701.30   2.153822   0.000214   0.001406  118.608
  470412.77  5890700.27   2.156899   0.000215   0.001415  118.634
  470414.66  5890699.23   2.159973   0.000216   0.001423  118.661
  470416.56  5890698.20   2.163047   0.000216   0.001432  118.688
  470418.45  5890697.16   2.166120   0.000217   0.001441  118.714
  470420.36  5890696.11   2.169191   0.000218   0.001450  118.741
  470422.26  5890695.07   2.172261   0.000219   0.001459  118.768
  470424.16  5890694.02   2.175330   0.000219   0.001467  118.796
  470426.07  5890692.97   2.178397   0.000220   0.001476  118.823
  470427.98  5890691.92   2.181464   0.000221   0.001485  118.850
  470429.89  5890690.87   2.184529   0.000221   0.001494  118.878
  470431.80  5890689.81   2.187593   0.000222   0.001503  118.906
  470433.72  5890688.75   2.190656   0.000223   0.001511  118.934
  470435.64  5890687.69   2.193717   0.000223   0.001520  118.962
  470437.56  5890686.62   2.196778   0.000224   0.001529  118.990
  470439.48  5890685.56   2.199838   0.000225   0.001538  119.018
  470441.41  5890684.49   2.202896   0.000225   0.001546  119.046
  470443.33  5890683.42   2.205953   0.000226   0.001555  119.075
  470445.26  5890682.34   2.209009   0.000227   0.001564  119.103
  470447.19  5890681.27   2.212064   0.000227   0.001572  119.132
  470449.13  5890680.19   2.215118   0.000228   0.001581  119.161
  470451.06  5890679.11   2.218171   0.000228   0.001590  119.190
  470453.00  5890678.03   2.221223   0.000229   0.001598  119.219
  470454.94  5890676.94   2.224274   0.000230   0.001607  119.248
  470456.88  5890675.85   2.227323   0.000230   0.001616  119.277
  470458.82  5890674.76   2.230372   0.000231   0.001625  119.306
  470460.77  5890673.67   2.233417   0.000232   0.001634  119.336
  470462.72  5890672.57   2.236461   0.000232   0.001642  119.366
  470464.67  5890671.47   2.239509   0.000232   0.001649  119.395
  470466.62  5890670.37   2.242561   0.000233   0.001655  119.425
  470468.57  5890669.27   2.245616   0.000233   0.001662  119.455
  470470.53  5890668.16   2.248675   0.000233   0.001669  119.485
  470472.49  5890667.05   2.251738   0.000234   0.001675  119.515
  470474.45  5890665.94   2.254805   0.000234   0.001682  119.545
  470476.41  5890664.83   2.257875   0.000234   0.001688  119.575
  470478.37  5890663.71   2.260949   0.000234   0.001695  119.606
  470480.34  5890662.59   2.264027   0.000235   0.001702  119.636
  470482.31  5890661.47   2.267108   0.000235   0.001708  119.667
  470484.28  5890660.35   2.270193   0.000235   0.001715  119.697
  470486.25  5890659.22   2.273282   0.000236   0.001721  119.728
  470488.23  5890658.09   2.276375   0.000236   0.001728  119.758
  470490.20  5890656.96   2.279472   0.000236   0.001734  119.789
  470492.18  5890655.83   2.282572   0.000236   0.001741  119.820
  470494.16  5890654.69   2.285676   0.000237   0.001748  119.851
  470496.15  5890653.55   2.288784   0.000237   0.001754  119.882
  470498.13  5890652.41   2.291896   0.000237   0.001761  119.913
  470500.12  5890651.26   2.295012   0.000237   0.001767  119.944
  470502.11  5890650.12   2.298131   0.000237   0.001774  119.975
  470504.10  5890648.97   2.301254   0.000238   0.001780  120.006
  470506.09  5890647.81   2.304382   0.000238   0.001786  120.038
  470508.09  5890646.66   2.307513   0.000238   0.001793  120.069
  470510.09  5890645.50   2.310647   0.000238   0.001799  120.101
  470512.09  5890644.34   2.313786   0.000239   0.001806  120.132
  470514.09  5890643.18   2.316929   0.000239   0.001812  120.164
  470516.09  5890642.01   2.320075   0.000239   0.001819  120.196
  470518.10  5890640.84   2.323226   0.000239   0.001825  120.227
  470520.11  5890639.67   2.326380   0.000239   0.001831  120.259
  470522.12  5890638.49   2.329538   0.000239   0.001838  120.291
  470524.13  5890637.32   2.332700   0.000240   0.001845  120.323
  470526.14  5890636.14   2.335868   0.000240   0.001851  120.355
  470528.16  5890634.96   2.339040   0.000240   0.001857  120.387
  470530.18  5890633.77   2.342212   0.000240   0.001861  120.419
  470532.20  5890632.58   2.345384   0.000240   0.001866  120.451
  470534.22  5890631.39   2.348555   0.000240   0.001870  120.484
  470536.25  5890630.20   2.351725   0.000240   0.001874  120.516
  470538.27  5890629.00   2.354896   0.000240   0.001879  120.548
  470540.30  5890627.80   2.358066   0.000239   0.001883  120.581
  470542.33  5890626.60   2.361236   0.000239   0.001888  120.613
  470544.36  5890625.40   2.364405   0.000239   0.001892  120.645
  470546.40  5890624.19   2.367575   0.000239   0.001896  120.678
  470548.44  5890622.98   2.370744   0.000239   0.001901  120.710
  470550.47  5890621.77   2.373912   0.000239   0.001905  120.743
  470552.52  5890620.55   2.377081   0.000239   0.001910  120.775
  470554.56  5890619.33   2.380249   0.000239   0.001914  120.808
  470556.60  5890618.11   2.383417   0.000239   0.001918  120.840
  470558.65  5890616.89   2.386584   0.000239   0.001923  120.873
  470560.70  5890615.66   2.389751   0.000239   0.001927  120.906
  470562.75  5890614.43   2.392919   0.000239   0.001932  120.938
  470564.80  5890613.20   2.396085   0.000238   0.001936  120.971
  470566.86  5890611.97   2.399252   0.000238   0.001940  121.004
  470568.92  5890610.73   2.402418   0.000238   0.001945  121.036
  470570.98  5890609.49   2.405585   0.000238   0.001949  121.069
  470573.04  5890608.24   2.408750   0.000238   0.001953  121.102
  470575.10  5890607.00   2.411916   0.000238   0.001958  121.135
  470577.17  5890605.75   2.415082   0.000238   0.001962  121.168
  470579.23  5890604.50   2.418247   0.000238   0.001967  121.201
  470581.30  5890603.24   2.421412   0.000238   0.001971  121.234
  470583.37  5890601.98   2.424577   0.000238   0.001975  121.267
  470585.45  5890600.72   2.427742   0.000238   0.001980  121.300
  470587.52  5890599.46   2.430906   0.000237   0.001984  121.333
  470589.60  5890598.19   2.434070   0.000237   0.001988  121.366
  470591.68  5890596.93   2.437234   0.000237   0.001993  121.399
  470593.76  5890595.65   2.440398   0.000237   0.001997  121.432
  470595.84  5890594.38   2.443562   0.000237   0.002002  121.465
  470597.93  5890593.10   2.446726   0.000237   0.002006  121.498
  470600.01  5890591.82   2.449889   0.000237   0.002010  121.532
  470602.10  5890590.54   2.453053   0.000237   0.002015  121.565
  470604.19  5890589.25   2.456216   0.000237   0.002019  121.598
  470606.28  5890587.96   2.459379   0.000237   0.002023  121.631
  470608.38  5890586.67   2.462542   0.000236   0.002028  121.665
  470610.48  5890585.38   2.465705   0.000236   0.002032  121.698
  470612.57  5890584.08   2.468867   0.000236   0.002036  121.731
  470614.67  5890582.78   2.472030   0.000236   0.002041  121.765
  470616.78  5890581.47   2.475192   0.000236   0.002045  121.798
  470618.88  5890580.17   2.478355   0.000236   0.002049  121.832
  470620.99  5890578.86   2.481517   0.000236   0.002054  121.865
  470623.10  5890577.55   2.484679   0.000236   0.002058  121.899
  470625.21  5890576.23   2.487841   0.000236   0.002062  121.932
  470627.32  5890574.91   2.491003   0.000236   0.002067  121.966
  470629.43  5890573.59   2.494165   0.000235   0.002071  122.000
  470631.55  5890572.27   2.497327   0.000235   0.002076  122.033
  470633.66  5890570.94   2.500488   0.000235   0.002080  122.067
  470635.78  5890569.61   2.503650   0.000235   0.002084  122.101
  470637.91  5890568.28   2.506812   0.000235   0.002089  122.134
  470640.03  5890566.95   2.509973   0.000235   0.002093  122.168
  470642.15  5890565.61   2.513135   0.000235   0.002097  122.202
  470644.28  5890564.27   2.516296   0.000235   0.002102  122.236
  470646.41  5890562.92   2.519458   0.000235   0.002106  122.269
  470648.54  5890561.57   2.522619   0.000234   0.002110  122.303
  470650.67  5890560.22   2.525781   0.000234   0.002115  122.337
  470652.81  5890558.87   2.528942   0.000234   0.002119  122.371
  470654.94  5890557.51   2.532103   0.000234   0.002123  122.405
  470657.08  5890556.16   2.535265   0.000234   0.002128  122.439
  470659.22  5890554.79   2.538426   0.000234   0.002132  122.473
  470661.37  5890553.43   2.541587   0.000234   0.002136  122.507
  470663.51  5890552.06   2.544749   0.000234   0.002140  122.541
  470665.65  5890550.69   2.547910   0.000234   0.002145  122.575
  470667.80  5890549.32   2.551071   0.000234   0.002149  122.609
  470669.95  5890547.94   2.554233   0.000233   0.002153  122.643
  470672.10  5890546.56   2.557394   0.000233   0.002158  122.678
  470674.26  5890545.18   2.560556   0.000233   0.002162  122.712
  470676.41  5890543.79   2.563717   0.000233   0.002166  122.746
  470678.57  5890542.40   2.566879   0.000233   0.002171  122.780
  470680.73  5890541.01   2.570040   0.000233   0.002175  122.815
  470682.89  5890539.61   2.573202   0.000233   0.002179  122.849
  470685.05  5890538.22   2.576364   0.000233   0.002184  122.883
  470687.21  5890536.82   2.579526   0.000233   0.002188  122.917
  470689.38  5890535.41   2.582687   0.000233   0.002196  122.952
  470691.55  5890534.00   2.585852   0.000233   0.002204  122.986
  470693.72  5890532.59   2.589017   0.000232   0.002201  123.021
  470695.89  5890531.18   2.592176   0.000231   0.002191  123.055
  470698.06  5890529.77   2.595330   0.000229   0.002181  123.090
  470700.24  5890528.35   2.598480   0.000227   0.002171  123.124
  470702.41  5890526.92   2.601624   0.000226   0.002162  123.157
  470704.59  5890525.50   2.604763   0.000224   0.002152  123.191
  470706.77  5890524.07   2.607896   0.000223   0.002142  123.225
  470708.95  5890522.64   2.611025   0.000221   0.002133  123.258
  470711.14  5890521.21   2.614148   0.000220   0.002123  123.291
  470713.32  5890519.77   2.617266   0.000218   0.002113  123.324
  470715.51  5890518.33   2.620379   0.000217   0.002104  123.357
  470717.70  5890516.89   2.623487   0.000215   0.002094  123.389
  470719.89  5890515.44   2.626589   0.000214   0.002085  123.421
  470722.08  5890513.99   2.629686   0.000212   0.002075  123.454
  470724.28  5890512.54   2.632778   0.000211   0.002066  123.486
  470726.47  5890511.08   2.635865   0.000209   0.002056  123.517
  470728.67  5890509.63   2.638946   0.000208   0.002047  123.549
  470730.87  5890508.17   2.642022   0.000206   0.002037  123.580
  470733.07  5890506.70   2.645092   0.000205   0.002028  123.612
  470735.28  5890505.24   2.648158   0.000204   0.002018  123.643
  470737.48  5890503.77   2.651218   0.000202   0.002009  123.674
  470739.69  5890502.30   2.654272   0.000201   0.002000  123.704
  470741.90  5890500.82   2.657321   0.000199   0.001990  123.735
  470744.11  5890499.34   2.660365   0.000198   0.001981  123.765
  470746.32  5890497.86   2.663404   0.000197   0.001972  123.795
  470748.53  5890496.38   2.666437   0.000195   0.001963  123.825
  470750.75  5890494.89   2.669464   0.000194   0.001953  123.855
  470752.97  5890493.40   2.672487   0.000192   0.001944  123.885
  470755.19  5890491.91   2.675503   0.000191   0.001935  123.914
  470757.41  5890490.42   2.678515   0.000190   0.001926  123.944
  470759.63  5890488.92   2.681521   0.000188   0.001917  123.973
  470761.85  5890487.42   2.684521   0.000187   0.001907  124.002
  470764.08  5890485.92   2.687516   0.000186   0.001898  124.030
  470766.31  5890484.41   2.690506   0.000185   0.001889  124.059
  470768.54  5890482.90   2.693490   0.000183   0.001880  124.087
  470770.77  5890481.39   2.696468   0.000182   0.001871  124.116
  470773.00  5890479.88   2.699441   0.000181   0.001862  124.144
  470775.24  5890478.36   2.702409   0.000179   0.001853  124.172
  470777.47  5890476.84   2.705371   0.000178   0.001844  124.200
  470779.71  5890475.32   2.708327   0.000177   0.001835  124.227
  470781.95  5890473.79   2.711278   0.000176   0.001826  124.255
  470784.19  5890472.26   2.714224   0.000174   0.001817  124.282
  470786.43  5890470.73   2.717164   0.000173   0.001808  124.309
  470788.68  5890469.20   2.720098   0.000172   0.001800  124.336
  470790.93  5890467.66   2.723027   0.000171   0.001791  124.363
  470793.17  5890466.12   2.725950   0.000170   0.001782  124.389
  470795.42  5890464.58   2.728867   0.000168   0.001773  124.416
  470797.68  5890463.04   2.731779   0.000167   0.001764  124.442
  470799.93  5890461.49   2.734685   0.000166   0.001755  124.468
  470802.18  5890459.94   2.737586   0.000165   0.001747  124.494
  470804.44  5890458.39   2.740481   0.000164   0.001738  124.520
  470806.70  5890456.83   2.743371   0.000162   0.001729  124.546
  470808.96  5890455.28   2.746254   0.000161   0.001720  124.572
  470811.22  5890453.72   2.749133   0.000160   0.001712  124.597
  470813.48  5890452.15   2.752005   0.000159   0.001703  124.622
  470815.75  5890450.59   2.754872   0.000158   0.001694  124.647
  470818.02  5890449.02   2.757733   0.000157   0.001686  124.672
  470820.29  5890447.45   2.760588   0.000156   0.001677  124.697
  470822.56  5890445.88   2.763439   0.000154   0.001668  124.721
  470824.83  5890444.30   2.766283   0.000153   0.001660  124.746
  470827.10  5890442.72   2.769121   0.000152   0.001652  124.770
  470829.38  5890441.14   2.771952   0.000151   0.001643  124.794
  470831.65  5890439.56   2.774776   0.000150   0.001635  124.818
  470833.93  5890437.97   2.777593   0.000149   0.001627  124.842
  470836.21  5890436.38   2.780404   0.000148   0.001619  124.866
  470838.49  5890434.79   2.783207   0.000147   0.001610  124.890
  470840.78  5890433.20   2.786004   0.000146   0.001602  124.913
  470843.06  5890431.60   2.788794   0.000145   0.001594  124.936
  470845.35  5890430.00   2.791577   0.000144   0.001586  124.960
  470847.64  5890428.40   2.794353   0.000143   0.001578  124.983
  470849.93  5890426.80   2.797122   0.000142   0.001570  125.005
  470852.22  5890425.19   2.799885   0.000141   0.001562  125.028
  470854.51  5890423.58   2.802640   0.000140   0.001554  125.051
  470856.81  5890421.97   2.805389   0.000139   0.001545  125.073
  470859.10  5890420.36   2.808130   0.000138   0.001537  125.096
  470861.40  5890418.74   2.810865   0.000137   0.001529  125.118
  470863.70  5890417.12   2.813593   0.000136   0.001521  125.140
  470866.00  5890415.50   2.816314   0.000135   0.001513  125.162
  470868.30  5890413.88   2.819028   0.000134   0.001505  125.183
  470870.61  5890412.25   2.821735   0.000133   0.001498  125.205
  470872.92  5890410.62   2.824435   0.000132   0.001490  125.227
  470875.22  5890408.99   2.827128   0.000131   0.001482  125.248
  470877.53  5890407.36   2.829814   0.000130   0.001474  125.269
  470879.84  5890405.72   2.832493   0.000129   0.001466  125.290
  470882.16  5890404.09   2.835165   0.000128   0.001458  125.311
  470884.47  5890402.45   2.837830   0.000127   0.001450  125.332
  470886.79  5890400.80   2.840488   0.000126   0.001442  125.353
  470889.10  5890399.16   2.843140   0.000125   0.001434  125.373
  470891.42  5890397.51   2.845784   0.000125   0.001427  125.394
  470893.74  5890395.86   2.848421   0.000124   0.001419  125.414
  470896.06  5890394.21   2.851051   0.000123   0.001411  125.434
  470898.39  5890392.55   2.853674   0.000122   0.001403  125.454
  470900.71  5890390.90   2.856290   0.000121   0.001396  125.474
  470903.04  5890389.24   2.858900   0.000120   0.001388  125.494
  470905.37  5890387.58   2.861503   0.000119   0.001380  125.514
  470907.70  5890385.91   2.864100   0.000118   0.001372  125.533
  470910.03  5890384.25   2.866686   0.000117   0.001364  125.553
  470912.36  5890382.58   2.869263   0.000117   0.001357  125.572
  470914.70  5890380.91   2.871829   0.000116   0.001349  125.591
  470917.03  5890379.24   2.874385   0.000115   0.001341  125.610
  470919.37  5890377.56   2.876931   0.000114   0.001333  125.629
  470921.71  5890375.88   2.879468   0.000113   0.001325  125.648
  470924.05  5890374.20   2.881994   0.000112   0.001317  125.666
  470926.39  5890372.52   2.884510   0.000111   0.001310  125.685
  470928.73  5890370.84   2.887015   0.000110   0.001302  125.703
  470931.08  5890369.15   2.889511   0.000110   0.001294  125.722
  470933.42  5890367.46   2.891997   0.000109   0.001286  125.740
  470935.77  5890365.77   2.894472   0.000108   0.001279  125.758
  470938.12  5890364.08   2.896938   0.000107   0.001271  125.776
  470940.47  5890362.38   2.899393   0.000106   0.001263  125.793
  470942.82  5890360.69   2.901838   0.000105   0.001255  125.811
  470945.18  5890358.99   2.904274   0.000105   0.001248  125.829
  470947.53  5890357.29   2.906699   0.000104   0.001240  125.846
  470949.89  5890355.58   2.909113   0.000103   0.001232  125.863
  470952.25  5890353.88   2.911518   0.000102   0.001225  125.881
  470954.61  5890352.17   2.913912   0.000101   0.001217  125.898
  470956.97  5890350.46   2.916297   0.000101   0.001210  125.914
  470959.33  5890348.75   2.918671   0.000100   0.001202  125.931
  470961.69  5890347.03   2.921035   0.000099   0.001195  125.948
  470964.06  5890345.32   2.923389   0.000098   0.001187  125.965
  470966.43  5890343.60   2.925733   0.000097   0.001179  125.981
  470968.79  5890341.88   2.928066   0.000097   0.001172  125.997
  470971.16  5890340.16   2.930389   0.000096   0.001164  126.014
  470973.53  5890338.43   2.932703   0.000095   0.001157  126.030
  470975.91  5890336.70   2.935006   0.000094   0.001150  126.046
  470978.28  5890334.98   2.937298   0.000094   0.001142  126.061
  470980.65  5890333.25   2.939581   0.000093   0.001135  126.077
  470983.03  5890331.51   2.941853   0.000092   0.001127  126.093
  470985.41  5890329.78   2.944115   0.000091   0.001120  126.108
  470987.79  5890328.04   2.946367   0.000091   0.001112  126.124
  470990.17  5890326.30   2.948609   0.000090   0.001105  126.139
  470992.55  5890324.56   2.950841   0.000089   0.001098  126.154
  470994.93  5890322.82   2.953062   0.000088   0.001090  126.169
  470997.32  5890321.08   2.955273   0.000088   0.001083  126.184
  470999.70  5890319.33   2.957474   0.000087   0.001076  126.199
  471002.09  5890317.58   2.959664   0.000086   0.001068  126.214
  471004.48  5890315.83   2.961845   0.000086   0.001061  126.229
  471006.87  5890314.08   2.964015   0.000085   0.001054  126.243
  471009.26  5890312.33   2.966175   0.000084   0.001047  126.257
  471011.65  5890310.57   2.968324   0.000083   0.001039  126.272
  471014.04  5890308.82   2.970464   0.000083   0.001032  126.286
  471016.44  5890307.06   2.972593   0.000082   0.001025  126.300
  471018.84  5890305.30   2.974711   0.000081   0.001018  126.314
  471021.23  5890303.53   2.976820   0.000081   0.001010  126.328
  471023.63  5890301.77   2.978918   0.000080   0.001003  126.342
  471026.03  5890300.00   2.981006   0.000079   0.000996  126.355
  471028.43  5890298.23   2.983084   0.000079   0.000989  126.369
  471030.84  5890296.46   2.985151   0.000078   0.000982  126.382
  471033.24  5890294.69   2.987209   0.000077   0.000975  126.396
  471035.64  5890292.92   2.989255   0.000077   0.000967  126.409
  471038.05  5890291.14   2.991292   0.000076   0.000960  126.422
  471040.46  5890289.37   2.993318   0.000075   0.000953  126.435
  471042.87  5890287.59   2.995334   0.000075   0.000946  126.448
  471045.28  5890285.81   2.997340   0.000074   0.000939  126.461
  471047.69  5890284.02   2.999335   0.000073   0.000932  126.473
  471050.10  5890282.24   3.001320   0.000073   0.000925  126.486
  471052.51  5890280.45   3.003295   0.000072   0.000918  126.498
  471054.93  5890278.67   3.005259   0.000071   0.000911  126.511
  471057.34  5890276.88   3.007214   0.000071   0.000904  126.523
  471059.76  5890275.09   3.009157   0.000070   0.000897  126.535
  471062.18  5890273.29   3.011091   0.000069   0.000890  126.547
  471064.60  5890271.50   3.013014   0.000069   0.000883  126.559
  471067.02  5890269.70   3.014927   0.000068   0.000876  126.571
  471069.44  5890267.91   3.016829   0.000067   0.000869  126.583
  471071.86  5890266.11   3.018721   0.000067   0.000862  126.594
  471074.29  5890264.31   3.020603   0.000066   0.000855  126.606
  471076.71  5890262.50   3.022475   0.000066   0.000848  126.618
  471079.14  5890260.70   3.024336   0.000065   0.000841  126.629
  471081.57  5890258.90   3.026186   0.000064   0.000834  126.640
  471084.00  5890257.09   3.028027   0.000064   0.000827  126.651
  471086.42  5890255.28   3.029857   0.000063   0.000820  126.662
  471088.86  5890253.47   3.031677   0.000063   0.000813  126.673
  471091.29  5890251.66   3.033486   0.000062   0.000807  126.684
  471093.72  5890249.84   3.035285   0.000061   0.000800  126.695
  471096.15  5890248.03   3.037073   0.000061   0.000793  126.706
  471098.59  5890246.21   3.038852   0.000060   0.000786  126.716
  471101.03  5890244.40   3.040619   0.000060   0.000779  126.727
  471103.46  5890242.58   3.042377   0.000059   0.000772  126.737
  471105.90  5890240.76   3.044124   0.000058   0.000765  126.747
  471108.34  5890238.93   3.045861   0.000058   0.000759  126.758
  471110.78  5890237.11   3.047587   0.000057   0.000752  126.768
  471113.22  5890235.28   3.049303   0.000057   0.000745  126.778
  471115.67  5890233.46   3.051009   0.000056   0.000738  126.788
  471118.11  5890231.63   3.052704   0.000056   0.000731  126.797
  471120.56  5890229.80   3.054389   0.000055   0.000725  126.807
  471123.00  5890227.97   3.056063   0.000054   0.000718  126.817
  471125.45  5890226.14   3.057727   0.000054   0.000711  126.826
  471127.90  5890224.30   3.059380   0.000053   0.000704  126.836
  471130.35  5890222.47   3.061024   0.000053   0.000698  126.845
  471132.80  5890220.63   3.062656   0.000052   0.000691  126.854
  471135.25  5890218.79   3.064279   0.000052   0.000684  126.863
  471137.70  5890216.96   3.065891   0.000051   0.000678  126.872
  471140.15  5890215.12   3.067492   0.000050   0.000671  126.881
  471142.61  5890213.27   3.069083   0.000050   0.000664  126.890
  471145.06  5890211.43   3.070664   0.000049   0.000658  126.899
  471147.52  5890209.59   3.072235   0.000049   0.000651  126.908
  471149.97  5890207.74   3.073794   0.000048   0.000644  126.916
  471152.43  5890205.89   3.075344   0.000048   0.000638  126.925
  471154.89  5890204.04   3.076883   0.000047   0.000631  126.933
  471157.35  5890202.19   3.078412   0.000047   0.000624  126.941
  471159.81  5890200.34   3.079930   0.000046   0.000618  126.950
  471162.27  5890198.49   3.081438   0.000046   0.000611  126.958
  471164.73  5890196.64   3.082935   0.000045   0.000604  126.966
  471167.20  5890194.78   3.084422   0.000044   0.000598  126.974
  471169.66  5890192.93   3.085898   0.000044   0.000591  126.982
  471172.13  5890191.07   3.087364   0.000043   0.000585  126.989
  471174.59  5890189.21   3.088820   0.000043   0.000578  126.997
  471177.06  5890187.35   3.090265   0.000042   0.000571  127.005
  471179.53  5890185.49   3.091700   0.000042   0.000565  127.012
  471182.00  5890183.63   3.093124   0.000041   0.000558  127.020
  471184.47  5890181.77   3.094538   0.000041   0.000552  127.027
  471186.94  5890179.90   3.095941   0.000040   0.000545  127.034
  471189.41  5890178.04   3.097334   0.000040   0.000539  127.041
  471191.88  5890176.17   3.098716   0.000039   0.000532  127.048
  471194.36  5890174.30   3.100088   0.000039   0.000526  127.055
  471196.83  5890172.43   3.101450   0.000038   0.000519  127.062
  471199.31  5890170.56   3.102801   0.000038   0.000513  127.069
  471201.78  5890168.69   3.104142   0.000037   0.000506  127.076
  471204.26  5890166.82   3.105472   0.000037   0.000500  127.082
  471206.74  5890164.95   3.106792   0.000036   0.000493  127.089
  471209.22  5890163.07   3.108101   0.000036   0.000487  127.095
  471211.70  5890161.20   3.109400   0.000035   0.000480  127.101
  471214.18  5890159.32   3.110688   0.000035   0.000474  127.108
  471216.66  5890157.44   3.111966   0.000034   0.000467  127.114
  471219.14  5890155.57   3.113233   0.000034   0.000461  127.120
  471221.62  5890153.69   3.114490   0.000033   0.000454  127.126
  471224.11  5890151.81   3.115737   0.000033   0.000448  127.132
  471226.59  5890149.93   3.116972   0.000032   0.000441  127.138
  471229.08  5890148.04   3.118198   0.000032   0.000435  127.143
  471231.56  5890146.16   3.119413   0.000031   0.000428  127.149
  471234.05  5890144.27   3.120618   0.000031   0.000422  127.155
  471236.54  5890142.39   3.121812   0.000030   0.000415  127.160
  471239.02  5890140.50   3.122995   0.000030   0.000409  127.165
  471241.51  5890138.62   3.124168   0.000029   0.000403  127.171
  471244.00  5890136.73   3.125331   0.000029   0.000396  127.176
  471246.49  5890134.84   3.126483   0.000028   0.000390  127.181
  471248.98  5890132.95   3.127625   0.000028   0.000383  127.186
  471251.48  5890131.06   3.128756   0.000027   0.000377  127.191
  471253.97  5890129.17   3.129880   0.000027   0.000371  127.196
  471256.46  5890127.27   3.130993   0.000026   0.000364  127.201
  471258.96  5890125.38   3.132090   0.000026   0.000357  127.206
  471261.45  5890123.49   3.133169   0.000025   0.000350  127.210
  471263.95  5890121.59   3.134231   0.000025   0.000344  127.215
  471266.44  5890119.69   3.135276   0.000024   0.000337  127.219
  471268.94  5890117.80   3.136304   0.000024   0.000330  127.223
  471271.44  5890115.90   3.137315   0.000023   0.000323  127.228
  471273.94  5890114.00   3.138309   0.000023   0.000316  127.232
  471276.44  5890112.10   3.139286   0.000022   0.000309  127.236
  471278.93  5890110.20   3.140246   0.000022   0.000303  127.240
  471281.43  5890108.30   3.141188   0.000021   0.000296  127.244
  471283.94  5890106.40   3.142114   0.000021   0.000289  127.248
  471286.44  5890104.50   3.143022   0.000020   0.000282  127.251
  471288.94  5890102.59   3.143913   0.000020   0.000275  127.255
  471291.44  5890100.69   3.144787   0.000019   0.000269  127.259
  471293.95  5890098.79   3.145644   0.000019   0.000262  127.262
  471296.45  5890096.88   3.146484   0.000018   0.000255  127.265
  471298.95  5890094.98   3.147307   0.000018   0.000248  127.269
  471301.46  5890093.07   3.148113   0.000017   0.000241  127.272
  471303.96  5890091.16   3.148902   0.000017   0.000235  127.275
  471306.47  5890089.25   3.149673   0.000016   0.000228  127.278
  471308.98  5890087.35   3.150428   0.000016   0.000221  127.281
  471311.48  5890085.44   3.151165   0.000015   0.000214  127.284
  471313.99  5890083.53   3.151885   0.000015   0.000208  127.287
  471316.50  5890081.62   3.152589   0.000014   0.000201  127.289
  471319.01  5890079.71   3.153275   0.000014   0.000194  127.292
  471321.52  5890077.80   3.153943   0.000013   0.000187  127.294
  471324.02  5890075.89   3.154595   0.000013   0.000181  127.297
  471326.53  5890073.97   3.155230   0.000012   0.000174  127.299
  471329.04  5890072.06   3.155848   0.000012   0.000167  127.301
  471331.55  5890070.15   3.156448   0.000011   0.000160  127.303
  471334.07  5890068.24   3.157031   0.000011   0.000154  127.305
  471336.58  5890066.32   3.157598   0.000010   0.000147  127.307
  471339.09  5890064.41   3.158147   0.000010   0.000140  127.309
  471341.60  5890062.49   3.158679   0.000009   0.000134  127.311
  471344.11  5890060.58   3.159194   0.000009   0.000127  127.313
  471346.63  5890058.66   3.159692   0.000009   0.000120  127.314
  471349.14  5890056.75   3.160172   0.000008   0.000113  127.316
  471351.65  5890054.83   3.160636   0.000008   0.000107  127.317
  471354.17  5890052.92   3.161082   0.000007   0.000100  127.319
  471356.68  5890051.00   3.161512   0.000007   0.000093  127.320
  471359.19  5890049.08   3.161924   0.000006   0.000087  127.321
  471361.71  5890047.17   3.162319   0.000006   0.000080  127.322
  471364.22  5890045.25   3.162697   0.000005   0.000073  127.323
  471366.74  5890043.33   3.163058   0.000005   0.000066  127.324
  471369.25  5890041.41   3.163402   0.000004   0.000060  127.325
  471371.77  5890039.49   3.163728   0.000004   0.000053  127.326
  471374.29  5890037.58   3.164038   0.000003   0.000046  127.327
  471376.80  5890035.66   3.164330   0.000003   0.000040  127.327
  471379.32  5890033.74   3.164606   0.000002   0.000033  127.328
  471381.84  5890031.82   3.164864   0.000002   0.000026  127.328
  471384.35  5890029.90   3.165105   0.000001   0.000020  127.329
  471386.87  5890027.98   3.165329   0.000001   0.000013  127.329
  471389.39  5890026.06   3.165536   0.000000   0.000006  127.329
  471391.90  5890024.14   3.165725   0.000000   0.000000  127.329
  471394.42  5890022.22   3.165898   0.000001   0.000007  127.329
  471396.94  5890020.30   3.166054   0.000001   0.000014  127.329
  471399.46  5890018.38   3.166192   0.000001   0.000021  127.329
  471401.97  5890016.46   3.166313   0.000002   0.000027  127.329
  471404.49  5890014.54   3.166417   0.000002   0.000034  127.328
  471407.01  5890012.62   3.166504   0.000003   0.000041  127.328
  471409.53  5890010.70   3.166574   0.000003   0.000047  127.327
  471412.05  5890008.78   3.166627   0.000004   0.000054  127.327
  471414.56  5890006.86   3.166663   0.000004   0.000061  127.326
  471417.08  5890004.94   3.166681   0.000005   0.000067  127.325
  471419.60  5890003.02   3.166683   0.000005   0.000074  127.324
  471422.12  5890001.10   3.166667   0.000006   0.000081  127.323
  471424.64  5889999.18   3.166634   0.000006   0.000087  127.322
  471427.15  5889997.26   3.166584   0.000007   0.000094  127.321
  471429.67  5889995.34   3.166517   0.000007   0.000101  127.320
  471432.19  5889993.42   3.166433   0.000008   0.000108  127.319
  471434.71  5889991.50   3.166332   0.000008   0.000114  127.317
  471437.23  5889989.58   3.166213   0.000009   0.000121  127.316
  471439.75  5889987.66   3.166078   0.000009   0.000128  127.314
  471442.26  5889985.75   3.165925   0.000009   0.000134  127.313
  471444.78  5889983.83   3.165756   0.000010   0.000143  127.311
  471447.30  5889981.91   3.165560   0.000011   0.000151  127.309
  471449.82  5889979.99   3.165347   0.000011   0.000154  127.307
  471452.33  5889978.07   3.165135   0.000011   0.000154  127.305
  471454.85  5889976.15   3.164924   0.000011   0.000153  127.303
  471457.37  5889974.23   3.164714   0.000011   0.000152  127.301
  471459.89  5889972.32   3.164505   0.000011   0.000152  127.299
  471462.40  5889970.40   3.164297   0.000011   0.000151  127.297
  471464.92  5889968.48   3.164090   0.000011   0.000150  127.295
  471467.44  5889966.57   3.163884   0.000011   0.000149  127.294
  471469.96  5889964.65   3.163679   0.000011   0.000149  127.292
  471472.47  5889962.73   3.163475   0.000010   0.000148  127.290
  471474.99  5889960.82   3.163271   0.000010   0.000147  127.288
  471477.51  5889958.90   3.163069   0.000010   0.000147  127.286
  471480.02  5889956.98   3.162868   0.000010   0.000146  127.284
  471482.54  5889955.07   3.162668   0.000010   0.000145  127.282
  471485.06  5889953.15   3.162469   0.000010   0.000144  127.280
  471487.57  5889951.24   3.162271   0.000010   0.000144  127.278
  471490.09  5889949.32   3.162074   0.000010   0.000143  127.277
  471492.60  5889947.41   3.161878   0.000010   0.000142  127.275
  471495.12  5889945.49   3.161682   0.000010   0.000142  127.273
  471497.64  5889943.58   3.161488   0.000010   0.000141  127.271
  471500.15  5889941.66   3.161295   0.000010   0.000140  127.269
  471502.67  5889939.75   3.161103   0.000010   0.000139  127.268
  471505.18  5889937.83   3.160912   0.000010   0.000139  127.266
  471507.70  5889935.92   3.160721   0.000010   0.000138  127.264
  471510.21  5889934.01   3.160532   0.000010   0.000137  127.262
  471512.73  5889932.09   3.160344   0.000010   0.000137  127.260
  471515.24  5889930.18   3.160157   0.000010   0.000136  127.259
  471517.76  5889928.27   3.159970   0.000010   0.000135  127.257
  471520.28  5889926.35   3.159785   0.000010   0.000135  127.255
  471522.79  5889924.44   3.159601   0.000009   0.000134  127.253
  471525.31  5889922.53   3.159417   0.000009   0.000133  127.252
  471527.82  5889920.62   3.159235   0.000009   0.000132  127.250
  471530.33  5889918.70   3.159054   0.000009   0.000132  127.248
  471532.85  5889916.79   3.158874   0.000009   0.000131  127.247
  471535.36  5889914.88   3.158694   0.000009   0.000130  127.245
  471537.88  5889912.97   3.158516   0.000009   0.000130  127.243
  471540.39  5889911.06   3.158338   0.000009   0.000129  127.242
  471542.91  5889909.15   3.158162   0.000009   0.000128  127.240
  471545.42  5889907.24   3.157987   0.000009   0.000127  127.238
  471547.94  5889905.32   3.157812   0.000009   0.000127  127.237
  471550.45  5889903.41   3.157639   0.000009   0.000126  127.235
  471552.96  5889901.50   3.157466   0.000009   0.000125  127.233
  471555.48  5889899.59   3.157295   0.000009   0.000125  127.232
  471557.99  5889897.68   3.157125   0.000009   0.000124  127.230
  471560.50  5889895.77   3.156955   0.000009   0.000123  127.229
  471563.02  5889893.86   3.156787   0.000009   0.000122  127.227
  471565.53  5889891.95   3.156619   0.000009   0.000122  127.226
  471568.05  5889890.04   3.156453   0.000009   0.000121  127.224
  471570.56  5889888.13   3.156287   0.000009   0.000120  127.222
  471573.07  5889886.23   3.156123   0.000008   0.000119  127.221
  471575.59  5889884.32   3.155959   0.000008   0.000119  127.219
  471578.10  5889882.41   3.155797   0.000008   0.000118  127.218
  471580.61  5889880.50   3.155635   0.000008   0.000117  127.216
  471583.12  5889878.59   3.155474   0.000008   0.000117  127.215
  471585.64  5889876.68   3.155315   0.000008   0.000116  127.213
  471588.15  5889874.77   3.155156   0.000008   0.000115  127.212
  471590.66  5889872.87   3.154999   0.000008   0.000114  127.210
  471593.18  5889870.96   3.154842   0.000008   0.000114  127.209
  471595.69  5889869.05   3.154686   0.000008   0.000113  127.207
  471598.20  5889867.14   3.154532   0.000008   0.000112  127.206
  471600.71  5889865.24   3.154378   0.000008   0.000112  127.205
  471603.23  5889863.33   3.154225   0.000008   0.000111  127.203
  471605.74  5889861.42   3.154074   0.000008   0.000110  127.202
  471608.25  5889859.51   3.153923   0.000008   0.000109  127.200
  471610.76  5889857.61   3.153773   0.000008   0.000109  127.199
  471613.27  5889855.70   3.153625   0.000008   0.000108  127.197
  471615.79  5889853.79   3.153477   0.000008   0.000107  127.196
  471618.30  5889851.89   3.153330   0.000008   0.000107  127.195
  471620.81  5889849.98   3.153184   0.000008   0.000106  127.193
  471623.32  5889848.08   3.153040   0.000007   0.000105  127.192
  471625.83  5889846.17   3.152896   0.000007   0.000104  127.191
  471628.35  5889844.26   3.152753   0.000007   0.000104  127.189
  471630.86  5889842.36   3.152611   0.000007   0.000103  127.188
  471633.37  5889840.45   3.152470   0.000007   0.000102  127.187
  471635.88  5889838.55   3.152331   0.000007   0.000102  127.185
  471638.39  5889836.64   3.152192   0.000007   0.000101  127.184
  471640.90  5889834.74   3.152054   0.000007   0.000100  127.183
  471643.41  5889832.83   3.151917   0.000007   0.000099  127.181
  471645.93  5889830.93   3.151781   0.000007   0.000099  127.180
  471648.44  5889829.02   3.151646   0.000007   0.000098  127.179
  471650.95  5889827.12   3.151512   0.000007   0.000097  127.178
  471653.46  5889825.21   3.151379   0.000007   0.000097  127.176
  471655.97  5889823.31   3.151247   0.000007   0.000096  127.175
  471658.48  5889821.41   3.151117   0.000007   0.000095  127.174
  471660.99  5889819.50   3.150987   0.000007   0.000094  127.173
  471663.50  5889817.60   3.150858   0.000007   0.000094  127.171
  471666.01  5889815.69   3.150730   0.000007   0.000093  127.170
  471668.52  5889813.79   3.150603   0.000007   0.000092  127.169
  471671.03  5889811.89   3.150477   0.000007   0.000091  127.168
  471673.54  5889809.98   3.150352   0.000006   0.000091  127.167
  471676.06  5889808.08   3.150228   0.000006   0.000090  127.166
  471678.57  5889806.18   3.150104   0.000006   0.000089  127.164
  471681.08  5889804.28   3.149982   0.000006   0.000089  127.163
  471683.59  5889802.37   3.149861   0.000006   0.000088  127.162
  471686.10  5889800.47   3.149741   0.000006   0.000087  127.161
  471688.61  5889798.57   3.149622   0.000006   0.000086  127.160
  471691.12  5889796.67   3.149504   0.000006   0.000086  127.159
  471693.63  5889794.76   3.149387   0.000006   0.000085  127.158
  471696.14  5889792.86   3.149271   0.000006   0.000084  127.157
  471698.65  5889790.96   3.149156   0.000006   0.000084  127.155
  471701.16  5889789.06   3.149041   0.000006   0.000083  127.154
  471703.67  5889787.15   3.148928   0.000006   0.000082  127.153
  471706.18  5889785.25   3.148816   0.000006   0.000081  127.152
  471708.69  5889783.35   3.148705   0.000006   0.000081  127.151
  471711.20  5889781.45   3.148595   0.000006   0.000080  127.150
  471713.70  5889779.55   3.148485   0.000006   0.000079  127.149
  471716.21  5889777.65   3.148377   0.000006   0.000079  127.148
  471718.72  5889775.75   3.148270   0.000006   0.000078  127.147
  471721.23  5889773.85   3.148163   0.000005   0.000077  127.146
  471723.74  5889771.94   3.148058   0.000005   0.000076  127.145
  471726.25  5889770.04   3.147954   0.000005   0.000076  127.144
  471728.76  5889768.14   3.147850   0.000005   0.000075  127.143
  471731.27  5889766.24   3.147748   0.000005   0.000074  127.142
  471733.78  5889764.34   3.147647   0.000005   0.000073  127.141
  471736.29  5889762.44   3.147546   0.000005   0.000073  127.140
  471738.80  5889760.54   3.147447   0.000005   0.000072  127.139
  471741.31  5889758.64   3.147349   0.000005   0.000071  127.138
  471743.82  5889756.74   3.147251   0.000005   0.000071  127.137
  471746.32  5889754.84   3.147155   0.000005   0.000070  127.137
  471748.83  5889752.94   3.147059   0.000005   0.000069  127.136
  471751.34  5889751.04   3.146965   0.000005   0.000068  127.135
  471753.85  5889749.14   3.146871   0.000005   0.000068  127.134
  471756.36  5889747.24   3.146779   0.000005   0.000067  127.133
  471758.87  5889745.34   3.146687   0.000005   0.000066  127.132
  471761.38  5889743.44   3.146597   0.000005   0.000066  127.131
  471763.89  5889741.54   3.146507   0.000005   0.000065  127.130
  471766.39  5889739.64   3.146419   0.000005   0.000064  127.130
  471768.90  5889737.74   3.146331   0.000005   0.000063  127.129
  471771.41  5889735.85   3.146245   0.000004   0.000063  127.128
  471773.92  5889733.95   3.146159   0.000004   0.000062  127.127
  471776.43  5889732.05   3.146074   0.000004   0.000061  127.126
  471778.94  5889730.15   3.145991   0.000004   0.000060  127.126
  471781.45  5889728.25   3.145908   0.000004   0.000060  127.125
  471783.95  5889726.35   3.145827   0.000004   0.000059  127.124
  471786.46  5889724.45   3.145746   0.000004   0.000058  127.123
  471788.97  5889722.55   3.145666   0.000004   0.000058  127.123
  471791.48  5889720.66   3.145588   0.000004   0.000057  127.122
  471793.99  5889718.76   3.145510   0.000004   0.000056  127.121
  471796.49  5889716.86   3.145433   0.000004   0.000055  127.120
  471799.00  5889714.96   3.145357   0.000004   0.000055  127.120
  471801.51  5889713.06   3.145283   0.000004   0.000054  127.119
  471804.02  5889711.16   3.145209   0.000004   0.000053  127.118
  471806.53  5889709.27   3.145136   0.000004   0.000053  127.118
  471809.03  5889707.37   3.145064   0.000004   0.000052  127.117
  471811.54  5889705.47   3.144994   0.000004   0.000051  127.116
  471814.05  5889703.57   3.144924   0.000004   0.000050  127.116
  471816.56  5889701.68   3.144855   0.000004   0.000050  127.115
  471819.07  5889699.78   3.144787   0.000003   0.000049  127.114
  471821.57  5889697.88   3.144720   0.000003   0.000048  127.114
  471824.08  5889695.98   3.144654   0.000003   0.000047  127.113
  471826.59  5889694.09   3.144589   0.000003   0.000047  127.112
  471829.10  5889692.19   3.144525   0.000003   0.000046  127.112
  471831.60  5889690.29   3.144463   0.000003   0.000045  127.111
  471834.11  5889688.39   3.144401   0.000003   0.000045  127.111
  471836.62  5889686.50   3.144340   0.000003   0.000044  127.110
  471839.13  5889684.60   3.144280   0.000003   0.000043  127.109
  471841.63  5889682.70   3.144221   0.000003   0.000042  127.109
  471844.14  5889680.81   3.144163   0.000003   0.000042  127.108
  471846.65  5889678.91   3.144106   0.000003   0.000041  127.108
  471849.16  5889677.01   3.144050   0.000003   0.000040  127.107
  471851.66  5889675.12   3.143995   0.000003   0.000039  127.107
  471854.17  5889673.22   3.143941   0.000003   0.000039  127.106
  471856.68  5889671.32   3.143887   0.000003   0.000038  127.106
  471859.19  5889669.43   3.143835   0.000003   0.000037  127.105
  471861.69  5889667.53   3.143784   0.000003   0.000037  127.105
  471864.20  5889665.63   3.143734   0.000003   0.000036  127.104
  471866.71  5889663.74   3.143685   0.000003   0.000035  127.104
  471869.22  5889661.84   3.143637   0.000002   0.000034  127.103
  471871.72  5889659.94   3.143590   0.000002   0.000034  127.103
  471874.23  5889658.05   3.143543   0.000002   0.000033  127.103
  471876.74  5889656.15   3.143498   0.000002   0.000032  127.102
  471879.24  5889654.25   3.143454   0.000002   0.000032  127.102
  471881.75  5889652.36   3.143411   0.000002   0.000031  127.101
  471884.26  5889650.46   3.143369   0.000002   0.000030  127.101
  471886.77  5889648.57   3.143327   0.000002   0.000029  127.101
  471889.27  5889646.67   3.143287   0.000002   0.000029  127.100
  471891.78  5889644.77   3.143248   0.000002   0.000028  127.100
  471894.29  5889642.88   3.143209   0.000002   0.000027  127.099
  471896.79  5889640.98   3.143172   0.000002   0.000026  127.099
  471899.30  5889639.09   3.143136   0.000002   0.000026  127.099
  471901.81  5889637.19   3.143100   0.000002   0.000025  127.098
  471904.31  5889635.29   3.143066   0.000002   0.000024  127.098
  471906.82  5889633.40   3.143033   0.000002   0.000024  127.098
  471909.33  5889631.50   3.143000   0.000002   0.000023  127.097
  471911.84  5889629.61   3.142969   0.000002   0.000022  127.097
  471914.34  5889627.71   3.142938   0.000002   0.000021  127.097
  471916.85  5889625.81   3.142909   0.000001   0.000021  127.097
  471919.36  5889623.92   3.142881   0.000001   0.000020  127.096
  471921.86  5889622.02   3.142853   0.000001   0.000019  127.096
  471924.37  5889620.13   3.142827   0.000001   0.000018  127.096
  471926.88  5889618.23   3.142801   0.000001   0.000018  127.096
  471929.38  5889616.34   3.142777   0.000001   0.000017  127.095
  471931.89  5889614.44   3.142753   0.000001   0.000016  127.095
  471934.40  5889612.55   3.142731   0.000001   0.000016  127.095
  471936.90  5889610.65   3.142709   0.000001   0.000015  127.095
  471939.41  5889608.75   3.142688   0.000001   0.000014  127.095
  471941.92  5889606.86   3.142669   0.000001   0.000013  127.094
  471944.42  5889604.96   3.142650   0.000001   0.000013  127.094
  471946.93  5889603.07   3.142633   0.000001   0.000012  127.094
  471949.44  5889601.17   3.142616   0.000001   0.000011  127.094
  471951.94  5889599.28   3.142600   0.000001   0.000010  127.094
  471954.45  5889597.38   3.142586   0.000001   0.000010  127.094
  471956.96  5889595.49   3.142572   0.000001   0.000009  127.093
  471959.46  5889593.59   3.142559   0.000001   0.000008  127.093
  471961.97  5889591.70   3.142548   0.000001   0.000008  127.093
  471964.48  5889589.80   3.142537   0.000000   0.000007  127.093
  471966.98  5889587.91   3.142527   0.000000   0.000006  127.093
  471969.49  5889586.01   3.142518   0.000000   0.000005  127.093
  471972.00  5889584.12   3.142510   0.000000   0.000005  127.093
  471974.50  5889582.22   3.142504   0.000000   0.000004  127.093
  471977.01  5889580.32   3.142498   0.000000   0.000003  127.093
  471979.52  5889578.43   3.142493   0.000000   0.000003  127.093
  471982.02  5889576.53   3.142489   0.000000   0.000002  127.093
  471984.53  5889574.64   3.142486   0.000000   0.000001  127.093
  471987.04  5889572.74   3.142485   0.000000   0.000000  127.093
  471989.54  5889570.85   3.142485   0.000000   0.000000  127.093
  471992.05  5889568.95   3.142484   0.000000   0.000000  127.093
  471994.56  5889567.06   3.142484   0.000000   0.000000  127.093
  471997.06  5889565.16   3.142483   0.000000   0.000000  127.093
  471999.57  5889563.27   3.142483   0.000000   0.000000  127.093
  472002.08  5889561.37   3.142483   0.000000   0.000000  127.093
  472004.58  5889559.48   3.142482   0.000000   0.000000  127.093
  472007.09  5889557.58   3.142482   0.000000   0.000000  127.093
  472009.60  5889555.69   3.142482   0.000000   0.000000  127.093
  472012.10  5889553.79   3.142482   0.000000   0.000000  127.093
  472014.61  5889551.90   3.142481   0.000000   0.000000  127.093
  472017.12  5889550.00   3.142481   0.000000   0.000000  127.093
  472019.62  5889548.11   3.142481   0.000000   0.000000  127.093
  472022.13  5889546.21   3.142481   0.000000   0.000000  127.093
  472024.64  5889544.32   3.142481   0.000000   0.000000  127.093
  472027.14  5889542.42   3.142480   0.000000   0.000000  127.093
  472029.65  5889540.52   3.142480   0.000000   0.000000  127.093
  472032.16  5889538.63   3.142480   0.000000   0.000000  127.093
  472034.66  5889536.73   3.142480   0.000000   0.000000  127.093
  472037.17  5889534.84   3.142480   0.000000   0.000000  127.093
  472039.68  5889532.94   3.142480   0.000000   0.000000  127.093
  472042.18  5889531.05   3.142480   0.000000   0.000000  127.093
  472044.69  5889529.15   3.142480   0.000000   0.000000  127.093
  472047.20  5889527.26   3.142480   0.000000   0.000000  127.093
  472049.70  5889525.36   3.142480   0.000000   0.000000  127.093
