  472561.00  5893283.50   1.052177   0.000001   0.000001    0.000
  472560.70  5893282.49   1.053525   0.000001   0.000002 -163.542
  472560.40  5893281.48   1.056218   0.000003   0.000004 -163.542
  472560.10  5893280.46   1.058905   0.000004   0.000006 -163.542
  472559.80  5893279.45   1.061585   0.000005   0.000008 -163.541
  472559.50  5893278.43   1.064258   0.000006   0.000010 -163.541
  472559.20  5893277.40   1.066925   0.000008   0.000012 -163.541
  472558.90  5893276.38   1.069585   0.000009   0.000014 -163.540
  472558.59  5893275.35   1.072238   0.000010   0.000016 -163.540
  472558.29  5893274.32   1.074885   0.000011   0.000018 -163.539
  472557.99  5893273.29   1.077525   0.000012   0.000020 -163.538
  472557.68  5893272.26   1.080159   0.000014   0.000022 -163.538
  472557.37  5893271.22   1.082786   0.000015   0.000024 -163.537
  472557.07  5893270.18   1.085406   0.000016   0.000026 -163.536
  472556.76  5893269.14   1.088020   0.000017   0.000028 -163.535
  472556.45  5893268.09   1.090627   0.000018   0.000030 -163.534
  472556.14  5893267.05   1.093227   0.000019   0.000032 -163.533
  472555.83  5893266.00   1.095821   0.000020   0.000034 -163.531
  472555.52  5893264.94   1.098409   0.000021   0.000036 -163.530
  472555.21  5893263.89   1.100989   0.000022   0.000038 -163.529
  472554.89  5893262.83   1.103563   0.000023   0.000040 -163.527
  472554.58  5893261.77   1.106131   0.000024   0.000042 -163.526
  472554.27  5893260.71   1.108691   0.000026   0.000044 -163.524
  472553.95  5893259.65   1.111246   0.000027   0.000046 -163.523
  472553.64  5893258.58   1.113794   0.000027   0.000048 -163.521
  472553.32  5893257.51   1.116334   0.000028   0.000050 -163.519
  472553.00  5893256.44   1.118868   0.000029   0.000052 -163.518
  472552.69  5893255.37   1.121394   0.000030   0.000053 -163.516
  472552.37  5893254.29   1.123914   0.000031   0.000055 -163.514
  472552.05  5893253.21   1.126426   0.000032   0.000057 -163.512
  472551.73  5893252.13   1.128932   0.000033   0.000059 -163.510
  472551.41  5893251.04   1.131430   0.000033   0.000060 -163.508
  472551.08  5893249.96   1.133921   0.000034   0.000062 -163.505
  472550.76  5893248.87   1.136405   0.000035   0.000064 -163.503
  472550.44  5893247.78   1.138882   0.000036   0.000065 -163.501
  472550.12  5893246.69   1.141352   0.000036   0.000067 -163.499
  472549.79  5893245.59   1.143815   0.000037   0.000069 -163.496
  472549.47  5893244.49   1.146271   0.000038   0.000071 -163.494
  472549.14  5893243.39   1.148719   0.000039   0.000072 -163.491
  472548.81  5893242.29   1.151161   0.000039   0.000074 -163.489
  472548.49  5893241.19   1.153596   0.000040   0.000076 -163.486
  472548.16  5893240.08   1.156023   0.000041   0.000077 -163.483
  472547.83  5893238.97   1.158443   0.000042   0.000079 -163.481
  472547.50  5893237.86   1.160857   0.000042   0.000081 -163.478
  472547.17  5893236.74   1.163263   0.000043   0.000083 -163.475
  472546.84  5893235.63   1.165662   0.000044   0.000084 -163.472
  472546.50  5893234.51   1.168054   0.000045   0.000086 -163.469
  472546.17  5893233.39   1.170439   0.000045   0.000088 -163.466
  472545.84  5893232.26   1.172817   0.000046   0.000089 -163.463
  472545.50  5893231.14   1.175188   0.000047   0.000091 -163.460
  472545.17  5893230.01   1.177552   0.000047   0.000093 -163.457
  472544.83  5893228.88   1.179909   0.000048   0.000094 -163.454
  472544.50  5893227.75   1.182258   0.000049   0.000096 -163.451
  472544.16  5893226.61   1.184601   0.000049   0.000098 -163.447
  472543.82  5893225.48   1.186937   0.000050   0.000099 -163.444
  472543.48  5893224.34   1.189265   0.000050   0.000101 -163.441
  472543.14  5893223.20   1.191586   0.000051   0.000103 -163.437
  472542.80  5893222.05   1.193901   0.000052   0.000104 -163.434
  472542.46  5893220.91   1.196208   0.000052   0.000106 -163.430
  472542.12  5893219.76   1.198508   0.000053   0.000108 -163.427
  472541.78  5893218.61   1.200801   0.000054   0.000109 -163.423
  472541.44  5893217.46   1.203087   0.000054   0.000111 -163.419
  472541.09  5893216.31   1.205366   0.000055   0.000113 -163.416
  472540.75  5893215.15   1.207638   0.000055   0.000114 -163.412
  472540.40  5893213.99   1.209903   0.000056   0.000116 -163.408
  472540.06  5893212.83   1.212161   0.000057   0.000118 -163.404
  472539.71  5893211.67   1.214411   0.000057   0.000119 -163.400
  472539.36  5893210.50   1.216655   0.000058   0.000121 -163.396
  472539.01  5893209.34   1.218891   0.000058   0.000123 -163.392
  472538.67  5893208.17   1.221121   0.000059   0.000124 -163.388
  472538.32  5893207.00   1.223343   0.000059   0.000126 -163.384
  472537.97  5893205.82   1.225559   0.000060   0.000127 -163.380
  472537.62  5893204.65   1.227767   0.000061   0.000129 -163.376
  472537.26  5893203.47   1.229968   0.000061   0.000131 -163.371
  472536.91  5893202.29   1.232162   0.000062   0.000132 -163.367
  472536.56  5893201.11   1.234349   0.000062   0.000134 -163.363
  472536.20  5893199.92   1.236529   0.000063   0.000136 -163.358
  472535.85  5893198.74   1.238702   0.000063   0.000137 -163.354
  472535.49  5893197.55   1.240868   0.000064   0.000139 -163.349
  472535.14  5893196.36   1.243027   0.000064   0.000141 -163.345
  472534.78  5893195.17   1.245178   0.000065   0.000142 -163.340
  472534.42  5893193.98   1.247323   0.000065   0.000144 -163.336
  472534.07  5893192.78   1.249461   0.000066   0.000146 -163.331
  472533.71  5893191.58   1.251591   0.000066   0.000147 -163.326
  472533.35  5893190.38   1.253715   0.000067   0.000149 -163.321
  472532.99  5893189.18   1.255831   0.000067   0.000150 -163.317
  472532.63  5893187.98   1.257940   0.000068   0.000152 -163.312
  472532.27  5893186.77   1.260043   0.000068   0.000154 -163.307
  472531.90  5893185.56   1.262138   0.000069   0.000155 -163.302
  472531.54  5893184.35   1.264226   0.000069   0.000157 -163.297
  472531.18  5893183.14   1.266307   0.000070   0.000159 -163.292
  472530.81  5893181.93   1.268381   0.000070   0.000160 -163.287
  472530.45  5893180.71   1.270448   0.000071   0.000162 -163.282
  472530.08  5893179.49   1.272508   0.000071   0.000164 -163.277
  472529.71  5893178.27   1.274561   0.000072   0.000165 -163.271
  472529.35  5893177.05   1.276606   0.000072   0.000167 -163.266
  472528.98  5893175.83   1.278645   0.000073   0.000168 -163.261
  472528.61  5893174.60   1.280677   0.000073   0.000170 -163.255
  472528.24  5893173.38   1.282701   0.000074   0.000172 -163.250
  472527.87  5893172.15   1.284719   0.000074   0.000173 -163.245
  472527.50  5893170.92   1.286729   0.000075   0.000175 -163.239
  472527.13  5893169.68   1.288733   0.000075   0.000177 -163.234
  472526.76  5893168.45   1.290729   0.000076   0.000178 -163.228
  472526.38  5893167.21   1.292718   0.000076   0.000180 -163.223
  472526.01  5893165.97   1.294700   0.000077   0.000181 -163.217
  472525.64  5893164.73   1.296676   0.000077   0.000183 -163.211
  472525.26  5893163.49   1.298644   0.000077   0.000185 -163.205
  472524.89  5893162.24   1.300605   0.000078   0.000187 -163.200
  472524.51  5893161.00   1.302557   0.000079   0.000188 -163.194
  472524.13  5893159.75   1.304503   0.000079   0.000190 -163.188
  472523.75  5893158.50   1.306444   0.000079   0.000190 -163.182
  472523.38  5893157.25   1.308381   0.000079   0.000191 -163.176
  472523.00  5893156.00   1.310314   0.000079   0.000192 -163.170
  472522.62  5893154.74   1.312242   0.000079   0.000193 -163.164
  472522.24  5893153.48   1.314166   0.000079   0.000193 -163.158
  472521.86  5893152.23   1.316086   0.000079   0.000194 -163.152
  472521.47  5893150.97   1.318001   0.000079   0.000195 -163.147
  472521.09  5893149.70   1.319912   0.000079   0.000196 -163.141
  472520.71  5893148.44   1.321819   0.000080   0.000196 -163.135
  472520.32  5893147.17   1.323722   0.000080   0.000197 -163.128
  472519.94  5893145.91   1.325620   0.000080   0.000198 -163.122
  472519.55  5893144.64   1.327514   0.000080   0.000199 -163.116
  472519.17  5893143.37   1.329404   0.000080   0.000200 -163.110
  472518.78  5893142.09   1.331289   0.000080   0.000200 -163.104
  472518.39  5893140.82   1.333170   0.000080   0.000201 -163.098
  472518.01  5893139.54   1.335047   0.000080   0.000202 -163.092
  472517.62  5893138.26   1.336920   0.000080   0.000203 -163.086
  472517.23  5893136.98   1.338788   0.000080   0.000203 -163.080
  472516.84  5893135.70   1.340652   0.000080   0.000204 -163.074
  472516.45  5893134.42   1.342512   0.000080   0.000205 -163.067
  472516.06  5893133.13   1.344367   0.000080   0.000206 -163.061
  472515.66  5893131.85   1.346218   0.000081   0.000206 -163.055
  472515.27  5893130.56   1.348065   0.000081   0.000207 -163.049
  472514.88  5893129.27   1.349907   0.000081   0.000208 -163.043
  472514.48  5893127.98   1.351745   0.000081   0.000209 -163.036
  472514.09  5893126.68   1.353579   0.000081   0.000210 -163.030
  472513.69  5893125.39   1.355409   0.000081   0.000210 -163.024
  472513.30  5893124.09   1.357234   0.000081   0.000211 -163.018
  472512.90  5893122.79   1.359055   0.000081   0.000212 -163.011
  472512.50  5893121.49   1.360872   0.000081   0.000213 -163.005
  472512.10  5893120.19   1.362684   0.000081   0.000213 -162.999
  472511.71  5893118.88   1.364492   0.000081   0.000214 -162.992
  472511.31  5893117.58   1.366296   0.000081   0.000215 -162.986
  472510.91  5893116.27   1.368096   0.000082   0.000216 -162.980
  472510.50  5893114.96   1.369891   0.000082   0.000217 -162.973
  472510.10  5893113.65   1.371682   0.000082   0.000217 -162.967
  472509.70  5893112.34   1.373469   0.000082   0.000218 -162.960
  472509.30  5893111.02   1.375251   0.000082   0.000219 -162.954
  472508.89  5893109.71   1.377029   0.000082   0.000220 -162.947
  472508.49  5893108.39   1.378803   0.000082   0.000220 -162.941
  472508.09  5893107.07   1.380572   0.000082   0.000221 -162.935
  472507.68  5893105.75   1.382338   0.000082   0.000222 -162.928
  472507.27  5893104.43   1.384099   0.000082   0.000223 -162.922
  472506.87  5893103.11   1.385855   0.000082   0.000224 -162.915
  472506.46  5893101.78   1.387608   0.000082   0.000224 -162.908
  472506.05  5893100.45   1.389356   0.000082   0.000225 -162.902
  472505.64  5893099.12   1.391100   0.000083   0.000226 -162.895
  472505.23  5893097.79   1.392839   0.000083   0.000227 -162.889
  472504.82  5893096.46   1.394574   0.000083   0.000228 -162.882
  472504.41  5893095.13   1.396305   0.000083   0.000228 -162.876
  472504.00  5893093.79   1.398032   0.000083   0.000229 -162.869
  472503.59  5893092.46   1.399754   0.000083   0.000230 -162.862
  472503.17  5893091.12   1.401472   0.000083   0.000231 -162.856
  472502.76  5893089.78   1.403186   0.000083   0.000232 -162.849
  472502.35  5893088.44   1.404895   0.000083   0.000232 -162.842
  472501.93  5893087.09   1.406601   0.000083   0.000233 -162.836
  472501.52  5893085.75   1.408302   0.000083   0.000234 -162.829
  472501.10  5893084.40   1.409998   0.000083   0.000235 -162.822
  472500.68  5893083.05   1.411691   0.000084   0.000236 -162.815
  472500.27  5893081.70   1.413379   0.000084   0.000236 -162.809
  472499.85  5893080.35   1.415062   0.000084   0.000237 -162.802
  472499.43  5893079.00   1.416742   0.000084   0.000238 -162.795
  472499.01  5893077.65   1.418417   0.000084   0.000239 -162.788
  472498.59  5893076.29   1.420088   0.000084   0.000240 -162.781
  472498.17  5893074.93   1.421755   0.000084   0.000240 -162.775
  472497.75  5893073.58   1.423417   0.000084   0.000241 -162.768
  472497.33  5893072.22   1.425075   0.000084   0.000242 -162.761
  472496.90  5893070.85   1.426729   0.000084   0.000243 -162.754
  472496.48  5893069.49   1.428378   0.000084   0.000244 -162.747
  472496.06  5893068.13   1.430023   0.000084   0.000244 -162.740
  472495.63  5893066.76   1.431664   0.000085   0.000245 -162.733
  472495.21  5893065.39   1.433301   0.000085   0.000246 -162.726
  472494.78  5893064.02   1.434933   0.000085   0.000247 -162.719
  472494.35  5893062.65   1.436561   0.000085   0.000248 -162.712
  472493.93  5893061.28   1.438185   0.000085   0.000248 -162.705
  472493.50  5893059.90   1.439805   0.000085   0.000249 -162.698
  472493.07  5893058.53   1.441420   0.000085   0.000250 -162.691
  472492.64  5893057.15   1.443031   0.000085   0.000251 -162.684
  472492.21  5893055.77   1.444638   0.000085   0.000252 -162.677
  472491.78  5893054.39   1.446240   0.000085   0.000252 -162.670
  472491.35  5893053.01   1.447838   0.000085   0.000253 -162.663
  472490.92  5893051.63   1.449432   0.000086   0.000254 -162.656
  472490.48  5893050.25   1.451021   0.000086   0.000255 -162.649
  472490.05  5893048.86   1.452607   0.000086   0.000256 -162.642
  472489.62  5893047.47   1.454188   0.000086   0.000257 -162.635
  472489.18  5893046.08   1.455764   0.000086   0.000257 -162.628
  472488.75  5893044.69   1.457337   0.000086   0.000258 -162.621
  472488.31  5893043.30   1.458905   0.000086   0.000259 -162.613
  472487.87  5893041.91   1.460469   0.000086   0.000260 -162.606
  472487.44  5893040.52   1.462028   0.000086   0.000261 -162.599
  472487.00  5893039.12   1.463584   0.000086   0.000262 -162.592
  472486.56  5893037.72   1.465135   0.000086   0.000262 -162.584
  472486.12  5893036.32   1.466681   0.000087   0.000263 -162.577
  472485.68  5893034.92   1.468224   0.000087   0.000264 -162.570
  472485.24  5893033.52   1.469762   0.000087   0.000265 -162.563
  472484.80  5893032.12   1.471296   0.000087   0.000266 -162.555
  472484.36  5893030.72   1.472825   0.000087   0.000267 -162.548
  472483.92  5893029.31   1.474351   0.000087   0.000268 -162.541
  472483.48  5893027.90   1.475871   0.000088   0.000270 -162.533
  472483.03  5893026.49   1.477388   0.000087   0.000269 -162.526
  472482.59  5893025.08   1.478901   0.000086   0.000266 -162.519
  472482.14  5893023.67   1.480410   0.000085   0.000263 -162.511
  472481.70  5893022.26   1.481917   0.000084   0.000260 -162.504
  472481.25  5893020.85   1.483420   0.000083   0.000257 -162.497
  472480.81  5893019.43   1.484921   0.000082   0.000255 -162.490
  472480.36  5893018.01   1.486418   0.000081   0.000252 -162.483
  472479.91  5893016.60   1.487911   0.000079   0.000249 -162.476
  472479.46  5893015.18   1.489402   0.000078   0.000246 -162.469
  472479.01  5893013.76   1.490889   0.000077   0.000243 -162.463
  472478.56  5893012.33   1.492373   0.000076   0.000240 -162.456
  472478.11  5893010.91   1.493854   0.000075   0.000237 -162.449
  472477.66  5893009.48   1.495332   0.000074   0.000234 -162.443
  472477.21  5893008.06   1.496806   0.000073   0.000232 -162.437
  472476.76  5893006.63   1.498277   0.000072   0.000229 -162.430
  472476.31  5893005.20   1.499745   0.000071   0.000226 -162.424
  472475.85  5893003.77   1.501210   0.000070   0.000223 -162.418
  472475.40  5893002.34   1.502671   0.000069   0.000220 -162.412
  472474.95  5893000.91   1.504130   0.000068   0.000217 -162.406
  472474.49  5892999.47   1.505585   0.000067   0.000214 -162.400
  472474.03  5892998.04   1.507036   0.000066   0.000212 -162.395
  472473.58  5892996.60   1.508485   0.000065   0.000209 -162.389
  472473.12  5892995.16   1.509930   0.000064   0.000206 -162.383
  472472.66  5892993.72   1.511372   0.000063   0.000203 -162.378
  472472.21  5892992.28   1.512811   0.000062   0.000200 -162.372
  472471.75  5892990.84   1.514247   0.000061   0.000198 -162.367
  472471.29  5892989.39   1.515679   0.000060   0.000195 -162.362
  472470.83  5892987.95   1.517109   0.000059   0.000192 -162.356
  472470.37  5892986.50   1.518535   0.000058   0.000189 -162.351
  472469.91  5892985.05   1.519957   0.000057   0.000186 -162.346
  472469.45  5892983.61   1.521377   0.000056   0.000184 -162.341
  472468.99  5892982.16   1.522793   0.000055   0.000181 -162.336
  472468.52  5892980.70   1.524206   0.000054   0.000178 -162.332
  472468.06  5892979.25   1.525615   0.000053   0.000175 -162.327
  472467.60  5892977.80   1.527021   0.000052   0.000172 -162.322
  472467.13  5892976.34   1.528425   0.000051   0.000170 -162.318
  472466.67  5892974.88   1.529827   0.000050   0.000167 -162.313
  472466.20  5892973.43   1.531227   0.000049   0.000164 -162.309
  472465.74  5892971.97   1.532625   0.000048   0.000161 -162.304
  472465.27  5892970.51   1.534020   0.000047   0.000158 -162.300
  472464.80  5892969.04   1.535414   0.000046   0.000155 -162.296
  472464.34  5892967.58   1.536806   0.000046   0.000152 -162.292
  472463.87  5892966.12   1.538196   0.000045   0.000149 -162.288
  472463.40  5892964.65   1.539583   0.000044   0.000146 -162.284
  472462.93  5892963.18   1.540969   0.000043   0.000143 -162.280
  472462.46  5892961.71   1.542353   0.000042   0.000140 -162.276
  472461.99  5892960.24   1.543734   0.000041   0.000138 -162.273
  472461.52  5892958.77   1.545114   0.000040   0.000135 -162.269
  472461.05  5892957.30   1.546492   0.000039   0.000132 -162.266
  472460.58  5892955.83   1.547867   0.000038   0.000129 -162.262
  472460.11  5892954.35   1.549241   0.000037   0.000126 -162.259
  472459.64  5892952.88   1.550612   0.000036   0.000123 -162.255
  472459.16  5892951.40   1.551981   0.000035   0.000120 -162.252
  472458.69  5892949.92   1.553349   0.000034   0.000117 -162.249
  472458.22  5892948.44   1.554714   0.000034   0.000115 -162.246
  472457.74  5892946.96   1.556078   0.000033   0.000112 -162.243
  472457.27  5892945.48   1.557439   0.000032   0.000109 -162.240
  472456.79  5892943.99   1.558798   0.000031   0.000106 -162.237
  472456.32  5892942.51   1.560155   0.000030   0.000103 -162.234
  472455.84  5892941.02   1.561511   0.000029   0.000100 -162.232
  472455.36  5892939.53   1.562864   0.000028   0.000097 -162.229
  472454.89  5892938.04   1.564215   0.000027   0.000095 -162.227
  472454.41  5892936.55   1.565564   0.000026   0.000092 -162.224
  472453.93  5892935.06   1.566911   0.000026   0.000089 -162.222
  472453.45  5892933.57   1.568256   0.000025   0.000086 -162.220
  472452.97  5892932.08   1.569599   0.000024   0.000083 -162.217
  472452.49  5892930.58   1.570940   0.000023   0.000080 -162.215
  472452.01  5892929.08   1.572279   0.000022   0.000077 -162.213
  472451.53  5892927.59   1.573616   0.000021   0.000075 -162.211
  472451.05  5892926.09   1.574951   0.000020   0.000072 -162.209
  472450.57  5892924.59   1.576284   0.000020   0.000069 -162.207
  472450.09  5892923.09   1.577615   0.000019   0.000066 -162.206
  472449.60  5892921.58   1.578943   0.000018   0.000063 -162.204
  472449.12  5892920.08   1.580270   0.000017   0.000061 -162.202
  472448.64  5892918.57   1.581595   0.000016   0.000058 -162.201
  472448.15  5892917.07   1.582917   0.000016   0.000055 -162.199
  472447.67  5892915.56   1.584238   0.000015   0.000052 -162.198
  472447.19  5892914.05   1.585556   0.000014   0.000049 -162.196
  472446.70  5892912.54   1.586872   0.000013   0.000047 -162.195
  472446.22  5892911.03   1.588187   0.000012   0.000043 -162.194
  472445.73  5892909.52   1.589501   0.000011   0.000040 -162.193
  472445.24  5892908.00   1.590814   0.000010   0.000037 -162.192
  472444.76  5892906.49   1.592125   0.000010   0.000034 -162.191
  472444.27  5892904.97   1.593436   0.000009   0.000031 -162.190
  472443.78  5892903.45   1.594745   0.000008   0.000028 -162.189
  472443.29  5892901.93   1.596054   0.000007   0.000025 -162.189
  472442.81  5892900.41   1.597361   0.000006   0.000022 -162.188
  472442.32  5892898.89   1.598667   0.000005   0.000019 -162.187
  472441.83  5892897.37   1.599972   0.000004   0.000016 -162.187
  472441.34  5892895.85   1.601276   0.000004   0.000013 -162.187
  472440.85  5892894.32   1.602579   0.000003   0.000010 -162.186
  472440.36  5892892.79   1.603880   0.000002   0.000007 -162.186
  472439.87  5892891.27   1.605181   0.000001   0.000004 -162.186
  472439.37  5892889.74   1.606480   0.000000   0.000000 -162.186
  472438.88  5892888.21   1.607779   0.000001   0.000003 -162.186
  472438.39  5892886.68   1.609076   0.000002   0.000006 -162.186
  472437.90  5892885.14   1.610372   0.000002   0.000009 -162.186
  472437.41  5892883.61   1.611666   0.000003   0.000012 -162.186
  472436.91  5892882.07   1.612960   0.000004   0.000015 -162.186
  472436.42  5892880.54   1.614253   0.000005   0.000018 -162.187
  472435.92  5892879.00   1.615546   0.000006   0.000021 -162.187
  472435.43  5892877.46   1.616838   0.000006   0.000024 -162.188
  472434.94  5892875.92   1.618130   0.000007   0.000027 -162.188
  472434.44  5892874.38   1.619421   0.000008   0.000030 -162.189
  472433.95  5892872.84   1.620712   0.000009   0.000032 -162.190
  472433.45  5892871.30   1.622002   0.000010   0.000035 -162.191
  472432.95  5892869.75   1.623292   0.000010   0.000038 -162.191
  472432.46  5892868.20   1.624582   0.000011   0.000041 -162.192
  472431.96  5892866.66   1.625871   0.000012   0.000044 -162.193
  472431.46  5892865.11   1.627160   0.000013   0.000047 -162.195
  472430.96  5892863.56   1.628448   0.000013   0.000050 -162.196
  472430.47  5892862.01   1.629736   0.000014   0.000054 -162.197
  472429.97  5892860.45   1.631023   0.000015   0.000056 -162.198
  472429.47  5892858.90   1.632310   0.000015   0.000058 -162.200
  472428.97  5892857.35   1.633596   0.000016   0.000059 -162.201
  472428.47  5892855.79   1.634881   0.000016   0.000061 -162.203
  472427.97  5892854.23   1.636166   0.000017   0.000063 -162.204
  472427.47  5892852.67   1.637450   0.000017   0.000064 -162.206
  472426.97  5892851.12   1.638733   0.000017   0.000066 -162.207
  472426.47  5892849.55   1.640015   0.000018   0.000067 -162.209
  472425.97  5892847.99   1.641297   0.000018   0.000069 -162.211
  472425.47  5892846.43   1.642578   0.000019   0.000071 -162.212
  472424.96  5892844.86   1.643859   0.000019   0.000072 -162.214
  472424.46  5892843.30   1.645138   0.000019   0.000074 -162.216
  472423.96  5892841.73   1.646417   0.000020   0.000076 -162.218
  472423.46  5892840.16   1.647695   0.000020   0.000077 -162.219
  472422.95  5892838.59   1.648973   0.000021   0.000079 -162.221
  472422.45  5892837.02   1.650250   0.000021   0.000081 -162.223
  472421.95  5892835.45   1.651526   0.000021   0.000082 -162.225
  472421.44  5892833.88   1.652801   0.000022   0.000084 -162.227
  472420.94  5892832.30   1.654076   0.000022   0.000085 -162.229
  472420.43  5892830.73   1.655350   0.000022   0.000087 -162.231
  472419.93  5892829.15   1.656623   0.000023   0.000089 -162.234
  472419.42  5892827.57   1.657896   0.000023   0.000090 -162.236
  472418.91  5892825.99   1.659168   0.000024   0.000092 -162.238
  472418.41  5892824.41   1.660439   0.000024   0.000094 -162.240
  472417.90  5892822.83   1.661710   0.000024   0.000095 -162.242
  472417.39  5892821.25   1.662979   0.000025   0.000097 -162.245
  472416.89  5892819.66   1.664248   0.000025   0.000098 -162.247
  472416.38  5892818.08   1.665517   0.000025   0.000100 -162.250
  472415.87  5892816.49   1.666784   0.000026   0.000102 -162.252
  472415.36  5892814.90   1.668051   0.000026   0.000103 -162.254
  472414.86  5892813.31   1.669318   0.000027   0.000105 -162.257
  472414.35  5892811.72   1.670583   0.000027   0.000106 -162.259
  472413.84  5892810.13   1.671848   0.000027   0.000108 -162.262
  472413.33  5892808.54   1.673112   0.000028   0.000110 -162.265
  472412.82  5892806.94   1.674376   0.000028   0.000111 -162.267
  472412.31  5892805.35   1.675638   0.000028   0.000113 -162.270
  472411.80  5892803.75   1.676900   0.000029   0.000114 -162.273
  472411.29  5892802.15   1.678162   0.000029   0.000116 -162.276
  472410.78  5892800.55   1.679422   0.000030   0.000118 -162.278
  472410.26  5892798.95   1.680682   0.000030   0.000119 -162.281
  472409.75  5892797.35   1.681942   0.000030   0.000121 -162.284
  472409.24  5892795.75   1.683200   0.000031   0.000122 -162.287
  472408.73  5892794.14   1.684458   0.000031   0.000124 -162.290
  472408.22  5892792.54   1.685715   0.000031   0.000126 -162.293
  472407.70  5892790.93   1.686971   0.000032   0.000127 -162.296
  472407.19  5892789.32   1.688227   0.000032   0.000129 -162.299
  472406.68  5892787.72   1.689482   0.000032   0.000130 -162.302
  472406.16  5892786.11   1.690736   0.000033   0.000132 -162.305
  472405.65  5892784.49   1.691990   0.000033   0.000134 -162.308
  472405.13  5892782.88   1.693243   0.000033   0.000135 -162.312
  472404.62  5892781.27   1.694495   0.000034   0.000137 -162.315
  472404.11  5892779.65   1.695747   0.000034   0.000138 -162.318
  472403.59  5892778.04   1.696997   0.000034   0.000140 -162.321
  472403.07  5892776.42   1.698248   0.000035   0.000142 -162.325
  472402.56  5892774.80   1.699497   0.000035   0.000143 -162.328
  472402.04  5892773.18   1.700746   0.000035   0.000145 -162.331
  472401.53  5892771.56   1.701994   0.000036   0.000146 -162.335
  472401.01  5892769.94   1.703241   0.000036   0.000148 -162.338
  472400.49  5892768.31   1.704488   0.000036   0.000150 -162.342
  472399.98  5892766.69   1.705733   0.000037   0.000151 -162.345
  472399.46  5892765.06   1.706979   0.000037   0.000153 -162.349
  472398.94  5892763.44   1.708223   0.000037   0.000154 -162.353
  472398.42  5892761.81   1.709467   0.000038   0.000156 -162.356
  472397.90  5892760.18   1.710710   0.000038   0.000157 -162.360
  472397.39  5892758.55   1.711953   0.000038   0.000159 -162.364
  472396.87  5892756.91   1.713194   0.000039   0.000161 -162.368
  472396.35  5892755.28   1.714435   0.000039   0.000162 -162.371
  472395.83  5892753.65   1.715676   0.000039   0.000164 -162.375
  472395.31  5892752.01   1.716915   0.000040   0.000165 -162.379
  472394.79  5892750.37   1.718154   0.000040   0.000167 -162.383
  472394.27  5892748.74   1.719392   0.000040   0.000168 -162.387
  472393.75  5892747.10   1.720630   0.000041   0.000170 -162.391
  472393.23  5892745.46   1.721867   0.000041   0.000172 -162.395
  472392.71  5892743.81   1.723103   0.000041   0.000173 -162.399
  472392.19  5892742.17   1.724338   0.000042   0.000175 -162.403
  472391.67  5892740.53   1.725573   0.000042   0.000176 -162.407
  472391.14  5892738.88   1.726807   0.000042   0.000178 -162.411
  472390.62  5892737.23   1.728040   0.000042   0.000179 -162.415
  472390.10  5892735.59   1.729273   0.000043   0.000181 -162.420
  472389.58  5892733.94   1.730505   0.000043   0.000183 -162.424
  472389.05  5892732.29   1.731736   0.000043   0.000184 -162.428
  472388.53  5892730.63   1.732967   0.000044   0.000186 -162.432
  472388.01  5892728.98   1.734197   0.000044   0.000187 -162.437
  472387.49  5892727.33   1.735426   0.000044   0.000189 -162.441
  472386.96  5892725.67   1.736655   0.000045   0.000190 -162.446
  472386.44  5892724.02   1.737882   0.000045   0.000192 -162.450
  472385.91  5892722.36   1.739109   0.000045   0.000193 -162.454
  472385.39  5892720.70   1.740336   0.000046   0.000195 -162.459
  472384.87  5892719.04   1.741562   0.000046   0.000197 -162.463
  472384.34  5892717.38   1.742787   0.000046   0.000198 -162.468
  472383.82  5892715.72   1.744011   0.000046   0.000200 -162.473
  472383.29  5892714.05   1.745235   0.000047   0.000201 -162.477
  472382.76  5892712.39   1.746458   0.000047   0.000203 -162.482
  472382.24  5892710.72   1.747680   0.000047   0.000204 -162.487
  472381.71  5892709.05   1.748901   0.000048   0.000206 -162.491
  472381.19  5892707.39   1.750122   0.000048   0.000207 -162.496
  472380.66  5892705.72   1.751342   0.000048   0.000209 -162.501
  472380.13  5892704.05   1.752562   0.000048   0.000211 -162.506
  472379.61  5892702.37   1.753781   0.000049   0.000212 -162.511
  472379.08  5892700.70   1.754999   0.000049   0.000214 -162.516
  472378.55  5892699.03   1.756216   0.000049   0.000215 -162.521
  472378.02  5892697.35   1.757433   0.000050   0.000217 -162.526
  472377.50  5892695.67   1.758649   0.000050   0.000218 -162.530
  472376.97  5892693.99   1.759865   0.000050   0.000220 -162.536
  472376.44  5892692.31   1.761079   0.000050   0.000221 -162.541
  472375.91  5892690.63   1.762293   0.000051   0.000223 -162.546
  472375.38  5892688.95   1.763507   0.000051   0.000224 -162.551
  472374.85  5892687.27   1.764719   0.000051   0.000226 -162.556
  472374.33  5892685.59   1.765931   0.000052   0.000228 -162.561
  472373.80  5892683.90   1.767142   0.000052   0.000229 -162.566
  472373.27  5892682.21   1.768353   0.000052   0.000231 -162.572
  472372.74  5892680.53   1.769563   0.000052   0.000232 -162.577
  472372.21  5892678.84   1.770772   0.000053   0.000234 -162.582
  472371.68  5892677.15   1.771981   0.000053   0.000235 -162.588
  472371.15  5892675.45   1.773188   0.000053   0.000237 -162.593
  472370.62  5892673.76   1.774396   0.000054   0.000238 -162.598
  472370.09  5892672.07   1.775602   0.000054   0.000240 -162.604
  472369.56  5892670.37   1.776808   0.000054   0.000241 -162.609
  472369.02  5892668.68   1.778013   0.000054   0.000243 -162.615
  472368.49  5892666.98   1.779217   0.000055   0.000244 -162.620
  472367.96  5892665.28   1.780421   0.000055   0.000246 -162.626
  472367.43  5892663.58   1.781624   0.000055   0.000247 -162.631
  472366.90  5892661.88   1.782826   0.000055   0.000248 -162.637
  472366.37  5892660.18   1.784026   0.000056   0.000251 -162.643
  472365.83  5892658.47   1.785228   0.000057   0.000255 -162.648
  472365.30  5892656.77   1.786431   0.000057   0.000259 -162.654
  472364.77  5892655.06   1.787635   0.000058   0.000263 -162.660
  472364.24  5892653.36   1.788840   0.000059   0.000267 -162.666
  472363.70  5892651.65   1.790046   0.000060   0.000271 -162.672
  472363.17  5892649.94   1.791253   0.000061   0.000275 -162.678
  472362.64  5892648.23   1.792461   0.000061   0.000279 -162.684
  472362.10  5892646.52   1.793671   0.000062   0.000283 -162.691
  472361.57  5892644.80   1.794881   0.000063   0.000287 -162.697
  472361.04  5892643.09   1.796092   0.000064   0.000291 -162.704
  472360.50  5892641.37   1.797305   0.000065   0.000295 -162.710
  472359.97  5892639.66   1.798518   0.000065   0.000299 -162.717
  472359.43  5892637.94   1.799733   0.000066   0.000303 -162.724
  472358.90  5892636.22   1.800948   0.000067   0.000307 -162.730
  472358.36  5892634.50   1.802165   0.000068   0.000311 -162.737
  472357.83  5892632.78   1.803383   0.000069   0.000315 -162.744
  472357.29  5892631.06   1.804601   0.000069   0.000319 -162.751
  472356.76  5892629.33   1.805821   0.000070   0.000323 -162.759
  472356.22  5892627.61   1.807042   0.000071   0.000327 -162.766
  472355.69  5892625.88   1.808264   0.000072   0.000331 -162.773
  472355.15  5892624.15   1.809487   0.000072   0.000335 -162.781
  472354.62  5892622.42   1.810711   0.000073   0.000339 -162.788
  472354.08  5892620.69   1.811936   0.000074   0.000343 -162.796
  472353.55  5892618.96   1.813163   0.000075   0.000347 -162.803
  472353.01  5892617.23   1.814390   0.000075   0.000351 -162.811
  472352.47  5892615.49   1.815618   0.000076   0.000355 -162.819
  472351.94  5892613.76   1.816848   0.000077   0.000359 -162.827
  472351.40  5892612.02   1.818078   0.000078   0.000363 -162.835
  472350.86  5892610.28   1.819310   0.000078   0.000367 -162.843
  472350.33  5892608.55   1.820543   0.000079   0.000371 -162.851
  472349.79  5892606.81   1.821777   0.000080   0.000375 -162.859
  472349.25  5892605.06   1.823011   0.000081   0.000379 -162.868
  472348.72  5892603.32   1.824247   0.000081   0.000383 -162.876
  472348.18  5892601.58   1.825484   0.000082   0.000387 -162.885
  472347.64  5892599.83   1.826723   0.000083   0.000391 -162.893
  472347.11  5892598.09   1.827963   0.000084   0.000395 -162.902
  472346.57  5892596.34   1.829203   0.000084   0.000398 -162.911
  472346.03  5892594.59   1.830442   0.000085   0.000401 -162.920
  472345.49  5892592.84   1.831682   0.000085   0.000404 -162.928
  472344.96  5892591.09   1.832922   0.000086   0.000407 -162.937
  472344.42  5892589.33   1.834162   0.000086   0.000410 -162.946
  472343.88  5892587.58   1.835402   0.000087   0.000414 -162.955
  472343.34  5892585.82   1.836642   0.000087   0.000417 -162.965
  472342.80  5892584.07   1.837881   0.000088   0.000420 -162.974
  472342.27  5892582.31   1.839121   0.000088   0.000423 -162.983
  472341.73  5892580.55   1.840361   0.000089   0.000426 -162.992
  472341.19  5892578.79   1.841601   0.000089   0.000429 -163.002
  472340.65  5892577.03   1.842841   0.000090   0.000432 -163.011
  472340.11  5892575.26   1.844081   0.000090   0.000435 -163.021
  472339.57  5892573.50   1.845321   0.000091   0.000438 -163.030
  472339.04  5892571.73   1.846561   0.000092   0.000441 -163.040
  472338.50  5892569.97   1.847801   0.000092   0.000444 -163.049
  472337.96  5892568.20   1.849041   0.000093   0.000448 -163.059
  472337.42  5892566.43   1.850281   0.000093   0.000451 -163.069
  472336.88  5892564.66   1.851521   0.000094   0.000454 -163.079
  472336.34  5892562.89   1.852762   0.000094   0.000457 -163.089
  472335.80  5892561.11   1.854002   0.000095   0.000460 -163.099
  472335.27  5892559.34   1.855242   0.000095   0.000463 -163.109
  472334.73  5892557.56   1.856482   0.000096   0.000467 -163.119
  472334.19  5892555.79   1.857725   0.000097   0.000471 -163.129
  472333.65  5892554.01   1.858967   0.000097   0.000472 -163.139
  472333.11  5892552.23   1.860205   0.000096   0.000470 -163.150
  472332.57  5892550.45   1.861440   0.000096   0.000469 -163.160
  472332.03  5892548.66   1.862670   0.000095   0.000467 -163.170
  472331.49  5892546.88   1.863897   0.000095   0.000465 -163.180
  472330.95  5892545.10   1.865119   0.000094   0.000463 -163.190
  472330.41  5892543.31   1.866338   0.000094   0.000461 -163.201
  472329.87  5892541.52   1.867553   0.000093   0.000460 -163.211
  472329.34  5892539.73   1.868764   0.000093   0.000458 -163.221
  472328.80  5892537.94   1.869971   0.000092   0.000456 -163.230
  472328.26  5892536.15   1.871174   0.000092   0.000454 -163.240
  472327.72  5892534.36   1.872373   0.000091   0.000453 -163.250
  472327.18  5892532.57   1.873568   0.000091   0.000451 -163.260
  472326.64  5892530.77   1.874759   0.000090   0.000449 -163.270
  472326.10  5892528.98   1.875946   0.000090   0.000448 -163.279
  472325.56  5892527.18   1.877129   0.000089   0.000446 -163.289
  472325.02  5892525.38   1.878309   0.000089   0.000444 -163.299
  472324.48  5892523.58   1.879484   0.000089   0.000442 -163.308
  472323.94  5892521.78   1.880655   0.000088   0.000441 -163.318
  472323.40  5892519.98   1.881823   0.000088   0.000439 -163.327
  472322.86  5892518.17   1.882986   0.000087   0.000437 -163.337
  472322.32  5892516.37   1.884146   0.000087   0.000435 -163.346
  472321.78  5892514.56   1.885302   0.000086   0.000434 -163.356
  472321.24  5892512.76   1.886453   0.000086   0.000432 -163.365
  472320.70  5892510.95   1.887601   0.000085   0.000430 -163.374
  472320.16  5892509.14   1.888745   0.000085   0.000429 -163.383
  472319.62  5892507.33   1.889885   0.000085   0.000427 -163.393
  472319.08  5892505.52   1.891021   0.000084   0.000425 -163.402
  472318.54  5892503.70   1.892153   0.000084   0.000424 -163.411
  472318.00  5892501.89   1.893281   0.000083   0.000422 -163.420
  472317.46  5892500.07   1.894405   0.000083   0.000420 -163.429
  472316.92  5892498.26   1.895525   0.000082   0.000419 -163.438
  472316.38  5892496.44   1.896641   0.000082   0.000417 -163.447
  472315.84  5892494.62   1.897753   0.000082   0.000415 -163.456
  472315.30  5892492.80   1.898861   0.000081   0.000414 -163.465
  472314.76  5892490.98   1.899966   0.000081   0.000412 -163.473
  472314.22  5892489.16   1.901066   0.000080   0.000410 -163.482
  472313.68  5892487.34   1.902162   0.000080   0.000409 -163.491
  472313.14  5892485.51   1.903255   0.000079   0.000407 -163.500
  472312.60  5892483.69   1.904343   0.000079   0.000405 -163.508
  472312.06  5892481.86   1.905428   0.000079   0.000404 -163.517
  472311.52  5892480.03   1.906508   0.000078   0.000402 -163.526
  472310.98  5892478.20   1.907585   0.000078   0.000400 -163.534
  472310.44  5892476.37   1.908658   0.000077   0.000399 -163.543
  472309.90  5892474.54   1.909726   0.000077   0.000397 -163.551
  472309.35  5892472.71   1.910791   0.000077   0.000395 -163.559
  472308.81  5892470.88   1.911852   0.000076   0.000394 -163.568
  472308.27  5892469.04   1.912908   0.000076   0.000392 -163.576
  472307.73  5892467.21   1.913961   0.000075   0.000390 -163.584
  472307.19  5892465.37   1.915009   0.000075   0.000388 -163.593
  472306.65  5892463.53   1.916053   0.000075   0.000387 -163.601
  472306.11  5892461.69   1.917095   0.000075   0.000387 -163.609
  472305.57  5892459.85   1.918135   0.000074   0.000387 -163.617
  472305.03  5892458.01   1.919172   0.000074   0.000387 -163.625
  472304.49  5892456.17   1.920207   0.000074   0.000388 -163.634
  472303.95  5892454.33   1.921239   0.000074   0.000388 -163.642
  472303.41  5892452.48   1.922269   0.000074   0.000388 -163.650
  472302.86  5892450.64   1.923297   0.000074   0.000388 -163.658
  472302.32  5892448.79   1.924323   0.000074   0.000388 -163.666
  472301.78  5892446.95   1.925346   0.000074   0.000388 -163.675
  472301.24  5892445.10   1.926367   0.000074   0.000388 -163.683
  472300.70  5892443.25   1.927385   0.000074   0.000388 -163.691
  472300.16  5892441.40   1.928402   0.000074   0.000388 -163.699
  472299.62  5892439.55   1.929416   0.000074   0.000389 -163.707
  472299.08  5892437.69   1.930427   0.000074   0.000389 -163.715
  472298.54  5892435.84   1.931437   0.000074   0.000389 -163.723
  472297.99  5892433.99   1.932444   0.000074   0.000389 -163.732
  472297.45  5892432.13   1.933448   0.000074   0.000389 -163.740
  472296.91  5892430.27   1.934451   0.000074   0.000389 -163.748
  472296.37  5892428.42   1.935451   0.000073   0.000389 -163.756
  472295.83  5892426.56   1.936448   0.000073   0.000389 -163.764
  472295.29  5892424.70   1.937444   0.000073   0.000390 -163.772
  472294.75  5892422.84   1.938437   0.000073   0.000390 -163.781
  472294.21  5892420.97   1.939427   0.000073   0.000390 -163.789
  472293.66  5892419.11   1.940416   0.000073   0.000390 -163.797
  472293.12  5892417.25   1.941402   0.000073   0.000390 -163.805
  472292.58  5892415.38   1.942386   0.000073   0.000390 -163.813
  472292.04  5892413.52   1.943367   0.000073   0.000390 -163.821
  472291.50  5892411.65   1.944346   0.000073   0.000390 -163.829
  472290.96  5892409.78   1.945323   0.000073   0.000390 -163.838
  472290.42  5892407.91   1.946298   0.000073   0.000390 -163.846
  472289.87  5892406.04   1.947270   0.000073   0.000391 -163.854
  472289.33  5892404.17   1.948240   0.000073   0.000393 -163.862
  472288.79  5892402.30   1.949208   0.000074   0.000395 -163.870
  472288.25  5892400.43   1.950173   0.000074   0.000397 -163.878
  472287.71  5892398.55   1.951137   0.000074   0.000399 -163.887
  472287.17  5892396.68   1.952098   0.000074   0.000401 -163.895
  472286.63  5892394.80   1.953057   0.000075   0.000403 -163.903
  472286.08  5892392.93   1.954014   0.000075   0.000405 -163.911
  472285.54  5892391.05   1.954968   0.000075   0.000408 -163.920
  472285.00  5892389.17   1.955921   0.000076   0.000410 -163.928
  472284.46  5892387.29   1.956871   0.000076   0.000412 -163.937
  472283.92  5892385.41   1.957820   0.000076   0.000414 -163.945
  472283.38  5892383.53   1.958766   0.000077   0.000416 -163.954
  472282.84  5892381.64   1.959709   0.000077   0.000418 -163.963
  472282.30  5892379.76   1.960651   0.000077   0.000420 -163.971
  472281.75  5892377.87   1.961591   0.000078   0.000422 -163.980
  472281.21  5892375.99   1.962528   0.000078   0.000424 -163.989
  472280.67  5892374.10   1.963463   0.000078   0.000426 -163.997
  472280.13  5892372.21   1.964396   0.000079   0.000429 -164.006
  472279.59  5892370.32   1.965327   0.000079   0.000431 -164.015
  472279.05  5892368.43   1.966256   0.000079   0.000433 -164.024
  472278.51  5892366.54   1.967182   0.000079   0.000435 -164.033
  472277.97  5892364.65   1.968106   0.000080   0.000437 -164.042
  472277.43  5892362.76   1.969029   0.000080   0.000439 -164.051
  472276.89  5892360.86   1.969949   0.000080   0.000441 -164.060
  472276.34  5892358.97   1.970866   0.000081   0.000443 -164.069
  472275.80  5892357.07   1.971782   0.000081   0.000445 -164.078
  472275.26  5892355.18   1.972696   0.000081   0.000448 -164.087
  472274.72  5892353.28   1.973607   0.000082   0.000450 -164.096
  472274.18  5892351.38   1.974516   0.000082   0.000452 -164.106
  472273.64  5892349.48   1.975423   0.000082   0.000454 -164.115
  472273.10  5892347.58   1.976328   0.000083   0.000456 -164.124
  472272.56  5892345.68   1.977231   0.000083   0.000458 -164.133
  472272.02  5892343.78   1.978131   0.000083   0.000460 -164.143
  472271.48  5892341.87   1.979030   0.000083   0.000462 -164.152
  472270.94  5892339.97   1.979926   0.000084   0.000464 -164.162
  472270.40  5892338.06   1.980820   0.000084   0.000466 -164.171
  472269.86  5892336.16   1.981712   0.000084   0.000469 -164.181
  472269.32  5892334.25   1.982602   0.000085   0.000471 -164.190
  472268.78  5892332.34   1.983489   0.000085   0.000473 -164.200
  472268.24  5892330.43   1.984375   0.000085   0.000475 -164.210
  472267.70  5892328.52   1.985258   0.000086   0.000477 -164.219
  472267.16  5892326.61   1.986139   0.000086   0.000479 -164.229
  472266.62  5892324.70   1.987018   0.000086   0.000481 -164.239
  472266.08  5892322.79   1.987895   0.000086   0.000483 -164.249
  472265.54  5892320.87   1.988770   0.000087   0.000485 -164.258
  472265.00  5892318.96   1.989643   0.000087   0.000487 -164.268
  472264.46  5892317.04   1.990513   0.000087   0.000490 -164.278
  472263.92  5892315.13   1.991381   0.000088   0.000492 -164.288
  472263.38  5892313.21   1.992247   0.000088   0.000494 -164.298
  472262.84  5892311.29   1.993111   0.000088   0.000496 -164.308
  472262.31  5892309.37   1.993973   0.000089   0.000498 -164.318
  472261.77  5892307.45   1.994833   0.000089   0.000500 -164.328
  472261.23  5892305.53   1.995690   0.000089   0.000502 -164.339
  472260.69  5892303.61   1.996546   0.000089   0.000504 -164.349
  472260.15  5892301.69   1.997399   0.000090   0.000506 -164.359
  472259.61  5892299.76   1.998250   0.000090   0.000509 -164.369
  472259.08  5892297.84   1.999099   0.000090   0.000511 -164.380
  472258.54  5892295.91   1.999945   0.000091   0.000513 -164.390
  472258.00  5892293.98   2.000790   0.000091   0.000515 -164.400
  472257.46  5892292.06   2.001634   0.000091   0.000516 -164.411
  472256.92  5892290.13   2.002477   0.000091   0.000518 -164.421
  472256.39  5892288.20   2.003319   0.000092   0.000520 -164.432
  472255.85  5892286.27   2.004159   0.000092   0.000522 -164.442
  472255.31  5892284.34   2.004998   0.000092   0.000524 -164.453
  472254.77  5892282.41   2.005836   0.000092   0.000526 -164.463
  472254.24  5892280.47   2.006673   0.000093   0.000527 -164.474
  472253.70  5892278.54   2.007508   0.000093   0.000529 -164.485
  472253.16  5892276.60   2.008343   0.000093   0.000531 -164.495
  472252.63  5892274.67   2.009176   0.000093   0.000533 -164.506
  472252.09  5892272.73   2.010008   0.000094   0.000535 -164.517
  472251.55  5892270.79   2.010838   0.000094   0.000536 -164.528
  472251.02  5892268.85   2.011668   0.000094   0.000538 -164.538
  472250.48  5892266.92   2.012496   0.000094   0.000540 -164.549
  472249.95  5892264.98   2.013323   0.000095   0.000542 -164.560
  472249.41  5892263.03   2.014149   0.000095   0.000544 -164.571
  472248.88  5892261.09   2.014974   0.000095   0.000546 -164.582
  472248.34  5892259.15   2.015797   0.000095   0.000549 -164.593
  472247.80  5892257.21   2.016618   0.000096   0.000549 -164.604
  472247.27  5892255.26   2.017440   0.000095   0.000549 -164.615
  472246.73  5892253.31   2.018262   0.000095   0.000549 -164.626
  472246.20  5892251.37   2.019085   0.000095   0.000548 -164.637
  472245.66  5892249.42   2.019907   0.000095   0.000548 -164.648
  472245.13  5892247.47   2.020730   0.000095   0.000548 -164.659
  472244.60  5892245.52   2.021554   0.000095   0.000547 -164.670
  472244.06  5892243.57   2.022377   0.000095   0.000547 -164.681
  472243.53  5892241.62   2.023201   0.000094   0.000547 -164.692
  472242.99  5892239.67   2.024025   0.000094   0.000546 -164.703
  472242.46  5892237.72   2.024849   0.000094   0.000546 -164.714
  472241.93  5892235.76   2.025674   0.000094   0.000546 -164.725
  472241.39  5892233.81   2.026499   0.000094   0.000545 -164.736
  472240.86  5892231.85   2.027324   0.000094   0.000545 -164.747
  472240.33  5892229.90   2.028150   0.000094   0.000545 -164.757
  472239.79  5892227.94   2.028975   0.000093   0.000544 -164.768
  472239.26  5892225.98   2.029801   0.000093   0.000544 -164.779
  472238.73  5892224.02   2.030628   0.000093   0.000544 -164.790
  472238.20  5892222.06   2.031454   0.000093   0.000543 -164.801
  472237.66  5892220.10   2.032281   0.000093   0.000543 -164.812
  472237.13  5892218.14   2.033108   0.000093   0.000543 -164.823
  472236.60  5892216.18   2.033936   0.000093   0.000542 -164.833
  472236.07  5892214.21   2.034764   0.000093   0.000542 -164.844
  472235.54  5892212.25   2.035592   0.000092   0.000542 -164.855
  472235.00  5892210.28   2.036420   0.000092   0.000541 -164.866
  472234.47  5892208.32   2.037249   0.000092   0.000541 -164.876
  472233.94  5892206.35   2.038077   0.000092   0.000540 -164.887
  472233.41  5892204.38   2.038906   0.000092   0.000540 -164.898
  472232.88  5892202.41   2.039736   0.000092   0.000540 -164.909
  472232.35  5892200.44   2.040566   0.000092   0.000539 -164.919
  472231.82  5892198.47   2.041396   0.000091   0.000539 -164.930
  472231.29  5892196.50   2.042226   0.000091   0.000539 -164.941
  472230.76  5892194.53   2.043056   0.000091   0.000538 -164.952
  472230.23  5892192.55   2.043887   0.000091   0.000538 -164.962
  472229.70  5892190.58   2.044718   0.000091   0.000538 -164.973
  472229.17  5892188.60   2.045549   0.000091   0.000537 -164.984
  472228.64  5892186.63   2.046381   0.000091   0.000537 -164.994
  472228.11  5892184.65   2.047213   0.000091   0.000537 -165.005
  472227.58  5892182.67   2.048045   0.000090   0.000536 -165.015
  472227.05  5892180.69   2.048878   0.000090   0.000536 -165.026
  472226.52  5892178.71   2.049710   0.000090   0.000536 -165.037
  472225.99  5892176.73   2.050543   0.000090   0.000535 -165.047
  472225.46  5892174.75   2.051377   0.000090   0.000535 -165.058
  472224.93  5892172.77   2.052210   0.000090   0.000535 -165.068
  472224.40  5892170.79   2.053044   0.000090   0.000534 -165.079
  472223.88  5892168.80   2.053878   0.000090   0.000534 -165.089
  472223.35  5892166.82   2.054713   0.000089   0.000534 -165.100
  472222.82  5892164.83   2.055547   0.000089   0.000533 -165.111
  472222.29  5892162.84   2.056382   0.000089   0.000533 -165.121
  472221.76  5892160.86   2.057217   0.000089   0.000533 -165.132
  472221.24  5892158.87   2.058053   0.000089   0.000532 -165.142
  472220.71  5892156.88   2.058889   0.000089   0.000532 -165.153
  472220.18  5892154.89   2.059725   0.000089   0.000532 -165.163
  472219.65  5892152.90   2.060561   0.000089   0.000531 -165.173
  472219.13  5892150.90   2.061397   0.000088   0.000531 -165.184
  472218.60  5892148.91   2.062234   0.000088   0.000531 -165.194
  472218.07  5892146.92   2.063071   0.000088   0.000530 -165.205
  472217.55  5892144.92   2.063909   0.000088   0.000530 -165.215
  472217.02  5892142.92   2.064747   0.000088   0.000530 -165.226
  472216.49  5892140.93   2.065585   0.000088   0.000529 -165.236
  472215.97  5892138.93   2.066423   0.000088   0.000531 -165.246
  472215.44  5892136.93   2.067263   0.000088   0.000532 -165.257
  472214.92  5892134.93   2.068103   0.000087   0.000528 -165.267
  472214.39  5892132.93   2.068941   0.000086   0.000522 -165.278
  472213.87  5892130.93   2.069775   0.000085   0.000516 -165.288
  472213.34  5892128.93   2.070607   0.000084   0.000510 -165.298
  472212.82  5892126.92   2.071436   0.000083   0.000504 -165.308
  472212.29  5892124.92   2.072263   0.000082   0.000498 -165.318
  472211.76  5892122.91   2.073086   0.000081   0.000492 -165.328
  472211.24  5892120.91   2.073907   0.000080   0.000486 -165.337
  472210.72  5892118.90   2.074725   0.000079   0.000481 -165.347
  472210.19  5892116.89   2.075540   0.000078   0.000475 -165.356
  472209.67  5892114.88   2.076353   0.000077   0.000469 -165.365
  472209.14  5892112.87   2.077162   0.000076   0.000463 -165.374
  472208.62  5892110.86   2.077969   0.000075   0.000457 -165.383
  472208.09  5892108.85   2.078773   0.000074   0.000451 -165.392
  472207.57  5892106.84   2.079574   0.000073   0.000445 -165.401
  472207.05  5892104.83   2.080372   0.000072   0.000439 -165.410
  472206.52  5892102.81   2.081168   0.000071   0.000433 -165.418
  472206.00  5892100.80   2.081961   0.000070   0.000427 -165.427
  472205.47  5892098.78   2.082750   0.000069   0.000421 -165.435
  472204.95  5892096.77   2.083537   0.000068   0.000416 -165.443
  472204.43  5892094.75   2.084321   0.000067   0.000410 -165.451
  472203.90  5892092.73   2.085103   0.000066   0.000403 -165.459
  472203.38  5892090.71   2.085881   0.000064   0.000395 -165.467
  472202.86  5892088.69   2.086658   0.000063   0.000387 -165.475
  472202.33  5892086.67   2.087432   0.000061   0.000379 -165.482
  472201.81  5892084.65   2.088204   0.000060   0.000371 -165.490
  472201.29  5892082.63   2.088974   0.000059   0.000363 -165.497
  472200.76  5892080.61   2.089741   0.000057   0.000354 -165.504
  472200.24  5892078.58   2.090507   0.000056   0.000346 -165.511
  472199.72  5892076.56   2.091270   0.000055   0.000338 -165.518
  472199.20  5892074.54   2.092030   0.000053   0.000330 -165.524
  472198.67  5892072.51   2.092788   0.000052   0.000322 -165.530
  472198.15  5892070.48   2.093544   0.000051   0.000314 -165.537
  472197.63  5892068.45   2.094298   0.000049   0.000306 -165.543
  472197.10  5892066.43   2.095050   0.000048   0.000298 -165.549
  472196.58  5892064.40   2.095799   0.000047   0.000290 -165.554
  472196.06  5892062.37   2.096546   0.000045   0.000282 -165.560
  472195.54  5892060.34   2.097290   0.000044   0.000274 -165.565
  472195.01  5892058.30   2.098032   0.000043   0.000265 -165.571
  472194.49  5892056.27   2.098772   0.000041   0.000257 -165.576
  472193.97  5892054.24   2.099510   0.000040   0.000249 -165.581
  472193.45  5892052.21   2.100245   0.000039   0.000241 -165.586
  472192.92  5892050.17   2.100978   0.000037   0.000233 -165.590
  472192.40  5892048.14   2.101709   0.000036   0.000225 -165.595
  472191.88  5892046.10   2.102437   0.000035   0.000217 -165.599
  472191.35  5892044.06   2.103164   0.000033   0.000209 -165.603
  472190.83  5892042.03   2.103887   0.000032   0.000201 -165.607
  472190.31  5892039.99   2.104609   0.000031   0.000193 -165.611
  472189.79  5892037.95   2.105328   0.000030   0.000185 -165.615
  472189.26  5892035.91   2.106045   0.000028   0.000177 -165.619
  472188.74  5892033.87   2.106759   0.000027   0.000169 -165.622
  472188.22  5892031.83   2.107472   0.000026   0.000161 -165.625
  472187.69  5892029.79   2.108181   0.000024   0.000153 -165.628
  472187.17  5892027.74   2.108889   0.000023   0.000145 -165.631
  472186.65  5892025.70   2.109594   0.000022   0.000137 -165.634
  472186.12  5892023.66   2.110297   0.000020   0.000129 -165.637
  472185.60  5892021.61   2.110998   0.000019   0.000121 -165.639
  472185.08  5892019.57   2.111696   0.000018   0.000113 -165.641
  472184.55  5892017.52   2.112392   0.000017   0.000105 -165.644
  472184.03  5892015.47   2.113086   0.000015   0.000097 -165.646
  472183.51  5892013.43   2.113777   0.000014   0.000089 -165.647
  472182.98  5892011.38   2.114466   0.000013   0.000081 -165.649
  472182.46  5892009.33   2.115152   0.000012   0.000073 -165.651
  472181.93  5892007.28   2.115837   0.000010   0.000065 -165.652
  472181.41  5892005.23   2.116519   0.000009   0.000057 -165.653
  472180.88  5892003.18   2.117198   0.000008   0.000049 -165.654
  472180.36  5892001.13   2.117876   0.000006   0.000041 -165.655
  472179.83  5891999.07   2.118551   0.000005   0.000033 -165.656
  472179.31  5891997.02   2.119223   0.000004   0.000025 -165.657
  472178.78  5891994.97   2.119894   0.000003   0.000017 -165.657
  472178.26  5891992.91   2.120562   0.000001   0.000009 -165.658
  472177.73  5891990.86   2.121228   0.000000   0.000001 -165.658
  472177.21  5891988.80   2.121891   0.000001   0.000007 -165.658
  472176.68  5891986.75   2.122552   0.000002   0.000015 -165.658
  472176.16  5891984.69   2.123211   0.000004   0.000023 -165.657
  472175.63  5891982.63   2.123867   0.000005   0.000031 -165.657
  472175.10  5891980.57   2.124521   0.000006   0.000039 -165.656
  472174.58  5891978.52   2.125173   0.000007   0.000047 -165.656
  472174.05  5891976.46   2.125822   0.000009   0.000055 -165.655
  472173.52  5891974.40   2.126469   0.000010   0.000063 -165.654
  472173.00  5891972.34   2.127114   0.000011   0.000071 -165.652
  472172.47  5891970.28   2.127757   0.000012   0.000079 -165.651
  472171.94  5891968.21   2.128397   0.000014   0.000087 -165.650
  472171.42  5891966.15   2.129034   0.000015   0.000095 -165.648
  472170.89  5891964.09   2.129670   0.000016   0.000102 -165.646
  472170.36  5891962.03   2.130303   0.000017   0.000110 -165.644
  472169.83  5891959.96   2.130934   0.000018   0.000118 -165.642
  472169.30  5891957.90   2.131562   0.000020   0.000126 -165.640
  472168.77  5891955.83   2.132188   0.000021   0.000134 -165.637
  472168.24  5891953.77   2.132812   0.000022   0.000142 -165.635
  472167.72  5891951.70   2.133434   0.000023   0.000150 -165.632
  472167.19  5891949.63   2.134053   0.000025   0.000158 -165.629
  472166.66  5891947.56   2.134670   0.000026   0.000166 -165.626
  472166.13  5891945.50   2.135284   0.000027   0.000174 -165.623
  472165.60  5891943.43   2.135897   0.000028   0.000182 -165.620
  472165.06  5891941.36   2.136507   0.000029   0.000190 -165.616
  472164.53  5891939.29   2.137114   0.000031   0.000198 -165.613
  472164.00  5891937.22   2.137719   0.000032   0.000205 -165.609
  472163.47  5891935.15   2.138322   0.000033   0.000213 -165.605
  472162.94  5891933.08   2.138923   0.000034   0.000221 -165.601
  472162.41  5891931.00   2.139521   0.000035   0.000229 -165.597
  472161.87  5891928.93   2.140117   0.000037   0.000237 -165.593
  472161.34  5891926.86   2.140711   0.000038   0.000245 -165.588
  472160.81  5891924.79   2.141303   0.000039   0.000253 -165.583
  472160.28  5891922.71   2.141892   0.000040   0.000261 -165.579
  472159.74  5891920.64   2.142479   0.000041   0.000269 -165.574
  472159.21  5891918.56   2.143063   0.000043   0.000277 -165.569
  472158.67  5891916.49   2.143645   0.000044   0.000285 -165.563
  472158.14  5891914.41   2.144225   0.000045   0.000292 -165.558
  472157.60  5891912.33   2.144803   0.000046   0.000300 -165.553
  472157.07  5891910.26   2.145378   0.000047   0.000308 -165.547
  472156.53  5891908.18   2.145951   0.000049   0.000316 -165.541
  472156.00  5891906.10   2.146522   0.000050   0.000324 -165.535
  472155.46  5891904.02   2.147090   0.000051   0.000332 -165.529
  472154.92  5891901.94   2.147657   0.000052   0.000340 -165.523
  472154.39  5891899.86   2.148220   0.000053   0.000348 -165.516
  472153.85  5891897.78   2.148782   0.000054   0.000356 -165.510
  472153.31  5891895.70   2.149341   0.000056   0.000363 -165.503
  472152.77  5891893.62   2.149898   0.000057   0.000371 -165.496
  472152.23  5891891.54   2.150453   0.000058   0.000379 -165.489
  472151.69  5891889.46   2.151005   0.000059   0.000387 -165.482
  472151.15  5891887.37   2.151556   0.000060   0.000395 -165.475
  472150.61  5891885.29   2.152104   0.000062   0.000403 -165.467
  472150.07  5891883.21   2.152649   0.000063   0.000411 -165.460
  472149.53  5891881.12   2.153193   0.000064   0.000419 -165.452
  472148.99  5891879.04   2.153734   0.000065   0.000426 -165.444
  472148.45  5891876.95   2.154272   0.000066   0.000434 -165.436
  472147.91  5891874.87   2.154809   0.000067   0.000442 -165.428
  472147.37  5891872.78   2.155343   0.000069   0.000450 -165.420
  472146.82  5891870.70   2.155875   0.000070   0.000458 -165.411
  472146.28  5891868.61   2.156405   0.000071   0.000466 -165.403
  472145.74  5891866.52   2.156933   0.000072   0.000474 -165.394
  472145.19  5891864.44   2.157458   0.000073   0.000482 -165.385
  472144.65  5891862.35   2.157981   0.000074   0.000489 -165.376
  472144.10  5891860.26   2.158502   0.000075   0.000497 -165.367
  472143.56  5891858.17   2.159020   0.000077   0.000505 -165.357
  472143.01  5891856.08   2.159537   0.000078   0.000513 -165.348
  472142.46  5891853.99   2.160051   0.000079   0.000521 -165.338
  472141.92  5891851.90   2.160563   0.000080   0.000529 -165.328
  472141.37  5891849.81   2.161072   0.000081   0.000537 -165.319
  472140.82  5891847.72   2.161580   0.000082   0.000544 -165.308
  472140.27  5891845.63   2.162085   0.000084   0.000552 -165.298
  472139.72  5891843.54   2.162588   0.000085   0.000560 -165.288
  472139.17  5891841.45   2.163089   0.000086   0.000568 -165.277
  472138.62  5891839.36   2.163587   0.000087   0.000576 -165.267
  472138.07  5891837.26   2.164083   0.000088   0.000584 -165.256
  472137.52  5891835.17   2.164577   0.000089   0.000592 -165.245
  472136.97  5891833.08   2.165069   0.000090   0.000599 -165.234
  472136.42  5891830.98   2.165559   0.000092   0.000607 -165.223
  472135.86  5891828.89   2.166047   0.000093   0.000615 -165.211
  472135.31  5891826.79   2.166532   0.000094   0.000623 -165.200
  472134.76  5891824.70   2.167015   0.000095   0.000631 -165.188
  472134.20  5891822.60   2.167496   0.000096   0.000639 -165.176
  472133.65  5891820.51   2.167975   0.000097   0.000647 -165.165
  472133.09  5891818.41   2.168451   0.000098   0.000654 -165.152
  472132.53  5891816.32   2.168925   0.000100   0.000662 -165.140
  472131.98  5891814.22   2.169398   0.000101   0.000670 -165.128
  472131.42  5891812.12   2.169868   0.000102   0.000678 -165.115
  472130.86  5891810.03   2.170335   0.000103   0.000686 -165.103
  472130.30  5891807.93   2.170801   0.000104   0.000694 -165.090
  472129.75  5891805.83   2.171265   0.000105   0.000702 -165.077
  472129.19  5891803.73   2.171726   0.000106   0.000709 -165.064
  472128.63  5891801.64   2.172185   0.000107   0.000717 -165.051
  472128.06  5891799.54   2.172642   0.000109   0.000725 -165.037
  472127.50  5891797.44   2.173097   0.000110   0.000733 -165.024
  472126.94  5891795.34   2.173550   0.000111   0.000741 -165.010
  472126.38  5891793.24   2.174001   0.000112   0.000749 -164.996
  472125.81  5891791.14   2.174449   0.000113   0.000757 -164.982
  472125.25  5891789.04   2.174896   0.000114   0.000764 -164.968
  472124.69  5891786.94   2.175340   0.000115   0.000772 -164.954
  472124.12  5891784.84   2.175782   0.000117   0.000780 -164.940
  472123.55  5891782.74   2.176222   0.000118   0.000788 -164.925
  472122.99  5891780.63   2.176660   0.000119   0.000796 -164.910
  472122.42  5891778.53   2.177096   0.000120   0.000804 -164.896
  472121.85  5891776.43   2.177529   0.000121   0.000812 -164.881
  472121.28  5891774.33   2.177961   0.000122   0.000819 -164.865
  472120.72  5891772.23   2.178390   0.000123   0.000827 -164.850
  472120.15  5891770.12   2.178818   0.000124   0.000835 -164.835
  472119.57  5891768.02   2.179243   0.000126   0.000843 -164.819
  472119.00  5891765.92   2.179666   0.000127   0.000851 -164.804
  472118.43  5891763.81   2.180087   0.000128   0.000859 -164.788
  472117.86  5891761.71   2.180507   0.000129   0.000867 -164.772
  472117.29  5891759.61   2.180924   0.000130   0.000874 -164.756
  472116.71  5891757.50   2.181338   0.000131   0.000882 -164.740
  472116.14  5891755.40   2.181751   0.000132   0.000890 -164.723
  472115.56  5891753.29   2.182162   0.000133   0.000898 -164.707
  472114.98  5891751.19   2.182571   0.000134   0.000906 -164.690
  472114.41  5891749.08   2.182978   0.000136   0.000914 -164.673
  472113.83  5891746.98   2.183382   0.000137   0.000921 -164.656
  472113.25  5891744.87   2.183785   0.000138   0.000929 -164.639
  472112.67  5891742.77   2.184186   0.000139   0.000937 -164.622
  472112.09  5891740.66   2.184585   0.000140   0.000944 -164.604
  472111.51  5891738.55   2.184983   0.000141   0.000953 -164.587
  472110.93  5891736.45   2.185377   0.000143   0.000963 -164.569
  472110.35  5891734.34   2.185766   0.000144   0.000972 -164.551
  472109.77  5891732.23   2.186151   0.000145   0.000982 -164.533
  472109.18  5891730.13   2.186533   0.000147   0.000991 -164.515
  472108.60  5891728.02   2.186910   0.000148   0.001001 -164.497
  472108.01  5891725.91   2.187283   0.000149   0.001011 -164.478
  472107.43  5891723.80   2.187653   0.000151   0.001020 -164.460
  472106.84  5891721.70   2.188018   0.000152   0.001030 -164.441
  472106.25  5891719.59   2.188379   0.000153   0.001040 -164.422
  472105.66  5891717.48   2.188736   0.000155   0.001049 -164.402
  472105.07  5891715.37   2.189089   0.000156   0.001059 -164.383
  472104.48  5891713.26   2.189438   0.000158   0.001068 -164.363
  472103.89  5891711.16   2.189784   0.000159   0.001077 -164.344
  472103.30  5891709.05   2.190127   0.000160   0.001088 -164.324
  472102.71  5891706.94   2.190463   0.000162   0.001100 -164.304
  472102.11  5891704.83   2.190793   0.000164   0.001111 -164.283
  472101.52  5891702.72   2.191118   0.000165   0.001123 -164.263
  472100.93  5891700.61   2.191437   0.000167   0.001135 -164.242
  472100.33  5891698.50   2.191750   0.000169   0.001147 -164.221
  472099.73  5891696.39   2.192058   0.000171   0.001159 -164.200
  472099.14  5891694.29   2.192359   0.000172   0.001171 -164.178
  472098.54  5891692.18   2.192655   0.000174   0.001182 -164.157
  472097.94  5891690.07   2.192946   0.000176   0.001194 -164.135
  472097.34  5891687.96   2.193230   0.000177   0.001206 -164.113
  472096.74  5891685.85   2.193509   0.000179   0.001218 -164.091
  472096.13  5891683.74   2.193783   0.000181   0.001230 -164.068
  472095.53  5891681.63   2.194050   0.000182   0.001242 -164.045
  472094.93  5891679.52   2.194312   0.000184   0.001254 -164.022
  472094.32  5891677.41   2.194568   0.000186   0.001266 -163.999
  472093.72  5891675.30   2.194819   0.000188   0.001277 -163.976
  472093.11  5891673.19   2.195064   0.000189   0.001289 -163.952
  472092.50  5891671.08   2.195303   0.000191   0.001301 -163.928
  472091.89  5891668.97   2.195537   0.000193   0.001313 -163.904
  472091.28  5891666.86   2.195765   0.000194   0.001325 -163.880
  472090.67  5891664.75   2.195988   0.000196   0.001337 -163.856
  472090.06  5891662.65   2.196205   0.000198   0.001349 -163.831
  472089.45  5891660.54   2.196416   0.000199   0.001361 -163.806
  472088.83  5891658.43   2.196622   0.000201   0.001373 -163.781
  472088.22  5891656.32   2.196822   0.000203   0.001385 -163.756
  472087.60  5891654.21   2.197017   0.000205   0.001397 -163.730
  472086.99  5891652.10   2.197206   0.000206   0.001409 -163.705
  472086.37  5891649.99   2.197390   0.000208   0.001421 -163.679
  472085.75  5891647.88   2.197568   0.000210   0.001433 -163.652
  472085.13  5891645.77   2.197741   0.000211   0.001445 -163.626
  472084.51  5891643.67   2.197909   0.000213   0.001457 -163.599
  472083.89  5891641.56   2.198070   0.000215   0.001469 -163.572
  472083.27  5891639.45   2.198227   0.000217   0.001481 -163.545
  472082.64  5891637.34   2.198378   0.000218   0.001493 -163.518
  472082.02  5891635.23   2.198523   0.000220   0.001505 -163.491
  472081.39  5891633.13   2.198663   0.000222   0.001517 -163.463
  472080.77  5891631.02   2.198798   0.000224   0.001529 -163.435
  472080.14  5891628.91   2.198927   0.000225   0.001541 -163.407
  472079.51  5891626.80   2.199051   0.000227   0.001553 -163.378
  472078.88  5891624.70   2.199170   0.000229   0.001565 -163.350
  472078.25  5891622.59   2.199283   0.000231   0.001577 -163.321
  472077.62  5891620.48   2.199391   0.000232   0.001589 -163.292
  472076.98  5891618.38   2.199493   0.000234   0.001601 -163.263
  472076.35  5891616.27   2.199591   0.000236   0.001613 -163.233
  472075.71  5891614.17   2.199683   0.000238   0.001625 -163.203
  472075.08  5891612.06   2.199769   0.000239   0.001637 -163.173
  472074.44  5891609.96   2.199851   0.000241   0.001649 -163.143
  472073.80  5891607.85   2.199927   0.000243   0.001662 -163.113
  472073.16  5891605.75   2.199998   0.000245   0.001674 -163.082
  472072.52  5891603.64   2.200063   0.000246   0.001686 -163.052
  472071.87  5891601.54   2.200124   0.000248   0.001698 -163.020
  472071.23  5891599.43   2.200179   0.000250   0.001710 -162.989
  472070.59  5891597.33   2.200229   0.000252   0.001722 -162.958
  472069.94  5891595.23   2.200274   0.000253   0.001734 -162.926
  472069.29  5891593.12   2.200314   0.000255   0.001747 -162.894
  472068.64  5891591.02   2.200348   0.000257   0.001759 -162.862
  472068.00  5891588.92   2.200377   0.000259   0.001771 -162.830
  472067.34  5891586.82   2.200402   0.000260   0.001783 -162.797
  472066.69  5891584.71   2.200421   0.000262   0.001795 -162.764
  472066.04  5891582.61   2.200435   0.000264   0.001808 -162.731
  472065.38  5891580.51   2.200444   0.000266   0.001820 -162.698
  472064.73  5891578.41   2.200448   0.000268   0.001832 -162.664
  472064.07  5891576.31   2.200447   0.000269   0.001844 -162.631
  472063.41  5891574.21   2.200441   0.000272   0.001859 -162.597
  472062.75  5891572.11   2.200429   0.000274   0.001874 -162.562
  472062.09  5891570.01   2.200412   0.000275   0.001881 -162.528
  472061.43  5891567.92   2.200392   0.000275   0.001882 -162.493
  472060.77  5891565.82   2.200368   0.000275   0.001883 -162.458
  472060.10  5891563.72   2.200340   0.000275   0.001884 -162.424
  472059.44  5891561.62   2.200309   0.000275   0.001885 -162.389
  472058.77  5891559.53   2.200273   0.000276   0.001886 -162.354
  472058.10  5891557.43   2.200235   0.000276   0.001887 -162.320
  472057.43  5891555.33   2.200192   0.000276   0.001888 -162.285
  472056.76  5891553.24   2.200146   0.000276   0.001890 -162.250
  472056.09  5891551.14   2.200096   0.000276   0.001891 -162.215
  472055.42  5891549.05   2.200043   0.000276   0.001892 -162.181
  472054.74  5891546.95   2.199985   0.000277   0.001893 -162.146
  472054.07  5891544.86   2.199924   0.000277   0.001896 -162.111
  472053.39  5891542.77   2.199859   0.000277   0.001898 -162.076
  472052.71  5891540.68   2.199790   0.000277   0.001896 -162.041
  472052.03  5891538.58   2.199719   0.000276   0.001892 -162.006
  472051.35  5891536.49   2.199646   0.000276   0.001887 -161.971
  472050.67  5891534.40   2.199571   0.000275   0.001882 -161.936
  472049.99  5891532.31   2.199494   0.000274   0.001877 -161.902
  472049.30  5891530.22   2.199414   0.000274   0.001872 -161.867
  472048.62  5891528.13   2.199333   0.000273   0.001868 -161.833
  472047.93  5891526.04   2.199250   0.000272   0.001863 -161.798
  472047.24  5891523.95   2.199164   0.000272   0.001858 -161.764
  472046.55  5891521.86   2.199076   0.000271   0.001853 -161.730
  472045.86  5891519.78   2.198987   0.000270   0.001849 -161.696
  472045.17  5891517.69   2.198895   0.000270   0.001844 -161.662
  472044.48  5891515.60   2.198801   0.000269   0.001839 -161.628
  472043.78  5891513.52   2.198705   0.000268   0.001834 -161.594
  472043.09  5891511.43   2.198607   0.000268   0.001830 -161.560
  472042.39  5891509.34   2.198507   0.000267   0.001825 -161.526
  472041.69  5891507.26   2.198404   0.000266   0.001820 -161.493
  472040.99  5891505.17   2.198300   0.000266   0.001815 -161.459
  472040.29  5891503.09   2.198193   0.000265   0.001811 -161.426
  472039.59  5891501.01   2.198084   0.000264   0.001806 -161.392
  472038.89  5891498.93   2.197973   0.000264   0.001801 -161.359
  472038.19  5891496.84   2.197860   0.000263   0.001797 -161.326
  472037.48  5891494.76   2.197744   0.000262   0.001792 -161.293
  472036.77  5891492.68   2.197627   0.000262   0.001787 -161.260
  472036.07  5891490.60   2.197507   0.000261   0.001782 -161.227
  472035.36  5891488.52   2.197385   0.000260   0.001778 -161.194
  472034.65  5891486.44   2.197261   0.000260   0.001773 -161.161
  472033.94  5891484.36   2.197135   0.000259   0.001768 -161.128
  472033.23  5891482.28   2.197006   0.000258   0.001764 -161.096
  472032.51  5891480.20   2.196876   0.000258   0.001759 -161.063
  472031.80  5891478.13   2.196743   0.000257   0.001754 -161.031
  472031.08  5891476.05   2.196607   0.000257   0.001751 -160.998
  472030.37  5891473.97   2.196468   0.000256   0.001747 -160.966
  472029.65  5891471.90   2.196327   0.000255   0.001740 -160.934
  472028.93  5891469.82   2.196187   0.000254   0.001731 -160.902
  472028.21  5891467.75   2.196048   0.000252   0.001722 -160.870
  472027.49  5891465.67   2.195911   0.000251   0.001712 -160.838
  472026.77  5891463.60   2.195775   0.000250   0.001703 -160.806
  472026.05  5891461.53   2.195640   0.000248   0.001694 -160.775
  472025.32  5891459.45   2.195506   0.000247   0.001684 -160.744
  472024.60  5891457.38   2.195374   0.000246   0.001675 -160.713
  472023.87  5891455.31   2.195243   0.000244   0.001666 -160.682
  472023.14  5891453.24   2.195113   0.000243   0.001656 -160.651
  472022.42  5891451.17   2.194985   0.000242   0.001647 -160.620
  472021.69  5891449.10   2.194857   0.000240   0.001638 -160.590
  472020.96  5891447.03   2.194731   0.000239   0.001628 -160.560
  472020.22  5891444.96   2.194606   0.000238   0.001619 -160.530
  472019.49  5891442.89   2.194483   0.000236   0.001610 -160.500
  472018.76  5891440.82   2.194360   0.000235   0.001600 -160.470
  472018.02  5891438.75   2.194239   0.000234   0.001591 -160.441
  472017.29  5891436.69   2.194119   0.000232   0.001582 -160.411
  472016.55  5891434.62   2.194000   0.000231   0.001572 -160.382
  472015.81  5891432.55   2.193882   0.000230   0.001563 -160.353
  472015.07  5891430.49   2.193765   0.000228   0.001554 -160.324
  472014.33  5891428.42   2.193650   0.000227   0.001544 -160.295
  472013.59  5891426.36   2.193535   0.000226   0.001535 -160.267
  472012.85  5891424.29   2.193422   0.000224   0.001525 -160.239
  472012.11  5891422.23   2.193310   0.000223   0.001516 -160.210
  472011.37  5891420.17   2.193199   0.000221   0.001507 -160.182
  472010.62  5891418.10   2.193088   0.000220   0.001497 -160.155
  472009.88  5891416.04   2.192979   0.000219   0.001488 -160.127
  472009.13  5891413.98   2.192871   0.000217   0.001479 -160.099
  472008.38  5891411.92   2.192765   0.000216   0.001469 -160.072
  472007.63  5891409.86   2.192659   0.000215   0.001460 -160.045
  472006.88  5891407.80   2.192554   0.000213   0.001451 -160.018
  472006.13  5891405.74   2.192450   0.000212   0.001441 -159.991
  472005.38  5891403.68   2.192347   0.000211   0.001432 -159.965
  472004.63  5891401.62   2.192245   0.000209   0.001422 -159.938
  472003.88  5891399.56   2.192145   0.000208   0.001413 -159.912
  472003.12  5891397.50   2.192045   0.000207   0.001404 -159.886
  472002.37  5891395.44   2.191946   0.000205   0.001394 -159.860
  472001.61  5891393.38   2.191848   0.000204   0.001385 -159.834
  472000.86  5891391.33   2.191751   0.000202   0.001376 -159.808
  472000.10  5891389.27   2.191655   0.000201   0.001366 -159.783
  471999.34  5891387.21   2.191560   0.000200   0.001357 -159.758
  471998.58  5891385.16   2.191466   0.000198   0.001347 -159.733
  471997.82  5891383.10   2.191373   0.000197   0.001338 -159.708
  471997.06  5891381.05   2.191281   0.000196   0.001329 -159.683
  471996.30  5891378.99   2.191189   0.000194   0.001319 -159.658
  471995.54  5891376.94   2.191099   0.000193   0.001310 -159.634
  471994.77  5891374.89   2.191009   0.000192   0.001300 -159.610
  471994.01  5891372.83   2.190920   0.000190   0.001291 -159.586
  471993.24  5891370.78   2.190833   0.000189   0.001282 -159.562
  471992.48  5891368.73   2.190746   0.000187   0.001272 -159.538
  471991.71  5891366.67   2.190660   0.000186   0.001263 -159.515
  471990.94  5891364.62   2.190574   0.000185   0.001253 -159.491
  471990.18  5891362.57   2.190490   0.000183   0.001244 -159.468
  471989.41  5891360.52   2.190406   0.000182   0.001235 -159.445
  471988.64  5891358.47   2.190324   0.000181   0.001225 -159.422
  471987.87  5891356.42   2.190242   0.000179   0.001216 -159.400
  471987.10  5891354.37   2.190160   0.000178   0.001206 -159.377
  471986.32  5891352.32   2.190080   0.000176   0.001197 -159.355
  471985.55  5891350.27   2.190000   0.000175   0.001188 -159.333
  471984.78  5891348.22   2.189922   0.000174   0.001178 -159.311
  471984.00  5891346.17   2.189844   0.000172   0.001169 -159.289
  471983.23  5891344.13   2.189766   0.000171   0.001159 -159.267
  471982.45  5891342.08   2.189690   0.000170   0.001150 -159.246
  471981.67  5891340.03   2.189614   0.000168   0.001141 -159.224
  471980.90  5891337.98   2.189539   0.000167   0.001131 -159.203
  471980.12  5891335.94   2.189465   0.000165   0.001122 -159.182
  471979.34  5891333.89   2.189392   0.000164   0.001112 -159.162
  471978.56  5891331.85   2.189319   0.000163   0.001103 -159.141
  471977.78  5891329.80   2.189247   0.000161   0.001093 -159.121
  471977.00  5891327.75   2.189175   0.000160   0.001084 -159.100
  471976.22  5891325.71   2.189105   0.000159   0.001075 -159.080
  471975.44  5891323.67   2.189035   0.000157   0.001065 -159.061
  471974.65  5891321.62   2.188965   0.000156   0.001056 -159.041
  471973.87  5891319.58   2.188897   0.000154   0.001046 -159.021
  471973.08  5891317.53   2.188829   0.000153   0.001037 -159.002
  471972.30  5891315.49   2.188762   0.000152   0.001028 -158.983
  471971.51  5891313.45   2.188695   0.000150   0.001018 -158.964
  471970.73  5891311.41   2.188629   0.000149   0.001009 -158.945
  471969.94  5891309.36   2.188564   0.000148   0.000999 -158.926
  471969.15  5891307.32   2.188499   0.000146   0.000990 -158.908
  471968.36  5891305.28   2.188435   0.000145   0.000980 -158.889
  471967.58  5891303.24   2.188372   0.000143   0.000971 -158.871
  471966.79  5891301.20   2.188309   0.000142   0.000962 -158.853
  471966.00  5891299.16   2.188247   0.000141   0.000952 -158.835
  471965.21  5891297.12   2.188186   0.000139   0.000943 -158.818
  471964.41  5891295.08   2.188125   0.000138   0.000933 -158.800
  471963.62  5891293.04   2.188064   0.000136   0.000924 -158.783
  471962.83  5891291.00   2.188005   0.000135   0.000914 -158.766
  471962.04  5891288.96   2.187945   0.000134   0.000905 -158.749
  471961.24  5891286.92   2.187887   0.000132   0.000896 -158.732
  471960.45  5891284.88   2.187829   0.000131   0.000886 -158.716
  471959.65  5891282.84   2.187772   0.000130   0.000877 -158.699
  471958.86  5891280.80   2.187715   0.000128   0.000867 -158.683
  471958.06  5891278.77   2.187658   0.000127   0.000858 -158.667
  471957.27  5891276.73   2.187603   0.000125   0.000848 -158.651
  471956.47  5891274.69   2.187548   0.000124   0.000839 -158.635
  471955.67  5891272.65   2.187493   0.000123   0.000829 -158.620
  471954.87  5891270.62   2.187439   0.000121   0.000820 -158.604
  471954.08  5891268.58   2.187385   0.000120   0.000811 -158.589
  471953.28  5891266.54   2.187332   0.000118   0.000801 -158.574
  471952.48  5891264.51   2.187280   0.000117   0.000792 -158.559
  471951.68  5891262.47   2.187228   0.000116   0.000782 -158.545
  471950.88  5891260.44   2.187176   0.000114   0.000773 -158.530
  471950.08  5891258.40   2.187125   0.000113   0.000763 -158.516
  471949.27  5891256.37   2.187075   0.000111   0.000754 -158.502
  471948.47  5891254.33   2.187025   0.000110   0.000745 -158.488
  471947.67  5891252.30   2.186975   0.000109   0.000735 -158.474
  471946.87  5891250.26   2.186926   0.000107   0.000726 -158.460
  471946.06  5891248.23   2.186877   0.000106   0.000716 -158.447
  471945.26  5891246.20   2.186829   0.000104   0.000707 -158.434
  471944.46  5891244.16   2.186782   0.000103   0.000697 -158.421
  471943.65  5891242.13   2.186735   0.000102   0.000688 -158.408
  471942.85  5891240.10   2.186688   0.000100   0.000678 -158.395
  471942.04  5891238.06   2.186642   0.000099   0.000669 -158.382
  471941.23  5891236.03   2.186596   0.000098   0.000660 -158.370
  471940.43  5891234.00   2.186551   0.000096   0.000650 -158.358
  471939.62  5891231.97   2.186506   0.000095   0.000641 -158.346
  471938.81  5891229.93   2.186461   0.000093   0.000631 -158.334
  471938.01  5891227.90   2.186417   0.000092   0.000622 -158.322
  471937.20  5891225.87   2.186374   0.000091   0.000612 -158.311
  471936.39  5891223.84   2.186331   0.000089   0.000603 -158.299
  471935.58  5891221.81   2.186288   0.000088   0.000593 -158.288
  471934.77  5891219.78   2.186246   0.000086   0.000584 -158.277
  471933.96  5891217.75   2.186204   0.000085   0.000574 -158.266
  471933.15  5891215.72   2.186162   0.000084   0.000565 -158.256
  471932.34  5891213.69   2.186121   0.000082   0.000556 -158.245
  471931.53  5891211.66   2.186081   0.000081   0.000546 -158.235
  471930.72  5891209.63   2.186040   0.000079   0.000537 -158.225
  471929.91  5891207.60   2.186001   0.000078   0.000527 -158.215
  471929.10  5891205.57   2.185961   0.000077   0.000518 -158.205
  471928.29  5891203.54   2.185922   0.000075   0.000508 -158.196
  471927.47  5891201.51   2.185883   0.000074   0.000499 -158.186
  471926.66  5891199.48   2.185845   0.000072   0.000489 -158.177
  471925.85  5891197.45   2.185807   0.000071   0.000480 -158.168
  471925.03  5891195.42   2.185770   0.000070   0.000470 -158.159
  471924.22  5891193.39   2.185733   0.000068   0.000461 -158.150
  471923.41  5891191.36   2.185696   0.000067   0.000452 -158.142
  471922.59  5891189.33   2.185659   0.000065   0.000442 -158.133
  471921.78  5891187.31   2.185623   0.000064   0.000433 -158.125
  471920.96  5891185.28   2.185588   0.000063   0.000423 -158.117
  471920.15  5891183.25   2.185552   0.000061   0.000414 -158.109
  471919.33  5891181.22   2.185517   0.000060   0.000404 -158.102
  471918.52  5891179.19   2.185483   0.000058   0.000395 -158.094
  471917.70  5891177.17   2.185449   0.000057   0.000385 -158.087
  471916.89  5891175.14   2.185415   0.000056   0.000376 -158.080
  471916.07  5891173.11   2.185381   0.000054   0.000366 -158.073
  471915.25  5891171.08   2.185348   0.000053   0.000357 -158.066
  471914.44  5891169.06   2.185315   0.000051   0.000348 -158.059
  471913.62  5891167.03   2.185283   0.000050   0.000338 -158.053
  471912.80  5891165.00   2.185250   0.000049   0.000329 -158.046
  471911.99  5891162.98   2.185219   0.000047   0.000319 -158.040
  471911.17  5891160.95   2.185187   0.000046   0.000309 -158.034
  471910.35  5891158.92   2.185155   0.000044   0.000299 -158.029
  471909.53  5891156.90   2.185123   0.000043   0.000291 -158.023
  471908.72  5891154.87   2.185094   0.000042   0.000283 -158.018
  471907.90  5891152.84   2.185066   0.000041   0.000276 -158.013
  471907.08  5891150.82   2.185041   0.000040   0.000269 -158.007
  471906.26  5891148.79   2.185018   0.000039   0.000261 -158.002
  471905.44  5891146.77   2.184997   0.000038   0.000254 -157.998
  471904.62  5891144.74   2.184979   0.000037   0.000247 -157.993
  471903.81  5891142.72   2.184962   0.000035   0.000239 -157.988
  471902.99  5891140.69   2.184948   0.000034   0.000232 -157.984
  471902.17  5891138.66   2.184936   0.000033   0.000224 -157.980
  471901.35  5891136.64   2.184926   0.000032   0.000217 -157.975
  471900.53  5891134.61   2.184918   0.000031   0.000210 -157.971
  471899.71  5891132.59   2.184912   0.000030   0.000202 -157.968
  471898.89  5891130.56   2.184909   0.000029   0.000195 -157.964
  471898.07  5891128.54   2.184908   0.000028   0.000188 -157.960
  471897.25  5891126.51   2.184912   0.000027   0.000181 -157.957
  471896.43  5891124.49   2.184918   0.000026   0.000173 -157.953
  471895.61  5891122.46   2.184920   0.000024   0.000163 -157.950
  471894.79  5891120.44   2.184918   0.000023   0.000153 -157.947
  471893.97  5891118.41   2.184911   0.000021   0.000144 -157.944
  471893.15  5891116.39   2.184899   0.000020   0.000134 -157.942
  471892.33  5891114.36   2.184883   0.000018   0.000125 -157.939
  471891.51  5891112.34   2.184863   0.000017   0.000115 -157.937
  471890.69  5891110.31   2.184838   0.000016   0.000106 -157.935
  471889.86  5891108.29   2.184808   0.000014   0.000096 -157.933
  471889.04  5891106.26   2.184775   0.000013   0.000087 -157.931
  471888.22  5891104.24   2.184736   0.000011   0.000077 -157.929
  471887.40  5891102.21   2.184693   0.000010   0.000068 -157.928
  471886.58  5891100.19   2.184646   0.000009   0.000058 -157.927
  471885.76  5891098.16   2.184594   0.000007   0.000048 -157.926
  471884.94  5891096.14   2.184538   0.000006   0.000039 -157.925
  471884.12  5891094.12   2.184477   0.000004   0.000029 -157.924
  471883.30  5891092.09   2.184412   0.000003   0.000020 -157.923
  471882.48  5891090.07   2.184342   0.000002   0.000010 -157.923
  471881.65  5891088.04   2.184268   0.000000   0.000001 -157.923
  471880.83  5891086.02   2.184189   0.000001   0.000009 -157.923
  471880.01  5891084.00   2.184106   0.000003   0.000018 -157.923
  471879.19  5891081.97   2.184018   0.000004   0.000028 -157.923
  471878.37  5891079.95   2.183926   0.000006   0.000038 -157.924
  471877.55  5891077.92   2.183829   0.000007   0.000048 -157.925
  471876.73  5891075.90   2.183727   0.000009   0.000059 -157.925
  471875.91  5891073.88   2.183621   0.000010   0.000066 -157.927
  471875.09  5891071.85   2.183511   0.000010   0.000071 -157.928
  471874.27  5891069.83   2.183398   0.000011   0.000075 -157.929
  471873.45  5891067.81   2.183281   0.000012   0.000079 -157.930
  471872.63  5891065.78   2.183160   0.000012   0.000083 -157.932
  471871.81  5891063.76   2.183036   0.000013   0.000088 -157.933
  471870.99  5891061.74   2.182908   0.000014   0.000092 -157.935
  471870.17  5891059.71   2.182776   0.000014   0.000096 -157.937
  471869.35  5891057.69   2.182641   0.000015   0.000101 -157.939
  471868.53  5891055.67   2.182502   0.000016   0.000105 -157.940
  471867.71  5891053.65   2.182359   0.000016   0.000109 -157.942
  471866.89  5891051.62   2.182213   0.000017   0.000113 -157.944
  471866.07  5891049.60   2.182063   0.000018   0.000119 -157.947
  471865.25  5891047.58   2.181907   0.000019   0.000125 -157.949
  471864.43  5891045.56   2.181748   0.000019   0.000126 -157.951
  471863.61  5891043.53   2.181589   0.000019   0.000125 -157.953
  471862.79  5891041.51   2.181430   0.000018   0.000124 -157.956
  471861.97  5891039.49   2.181270   0.000018   0.000122 -157.958
  471861.16  5891037.47   2.181111   0.000018   0.000121 -157.960
  471860.34  5891035.45   2.180951   0.000018   0.000120 -157.963
  471859.52  5891033.42   2.180791   0.000018   0.000118 -157.965
  471858.70  5891031.40   2.180632   0.000017   0.000117 -157.967
  471857.88  5891029.38   2.180472   0.000017   0.000116 -157.969
  471857.07  5891027.36   2.180312   0.000017   0.000115 -157.971
  471856.25  5891025.34   2.180151   0.000017   0.000113 -157.973
  471855.43  5891023.32   2.179991   0.000017   0.000112 -157.976
  471854.61  5891021.30   2.179831   0.000016   0.000111 -157.978
  471853.80  5891019.28   2.179670   0.000016   0.000109 -157.980
  471852.98  5891017.26   2.179510   0.000016   0.000108 -157.982
  471852.16  5891015.24   2.179349   0.000016   0.000107 -157.984
  471851.34  5891013.22   2.179188   0.000016   0.000105 -157.986
  471850.53  5891011.19   2.179027   0.000015   0.000104 -157.988
  471849.71  5891009.17   2.178866   0.000015   0.000103 -157.990
  471848.90  5891007.15   2.178705   0.000015   0.000101 -157.992
  471848.08  5891005.13   2.178543   0.000015   0.000100 -157.993
  471847.26  5891003.11   2.178382   0.000015   0.000099 -157.995
  471846.45  5891001.10   2.178220   0.000015   0.000097 -157.997
  471845.63  5890999.08   2.178059   0.000014   0.000096 -157.999
  471844.81  5890997.06   2.177897   0.000014   0.000095 -158.001
  471844.00  5890995.04   2.177735   0.000014   0.000093 -158.002
  471843.18  5890993.02   2.177573   0.000014   0.000092 -158.004
  471842.37  5890991.00   2.177411   0.000014   0.000091 -158.006
  471841.55  5890988.98   2.177249   0.000013   0.000089 -158.008
  471840.74  5890986.96   2.177086   0.000013   0.000088 -158.009
  471839.92  5890984.94   2.176924   0.000013   0.000087 -158.011
  471839.11  5890982.92   2.176761   0.000013   0.000085 -158.013
  471838.29  5890980.91   2.176599   0.000013   0.000084 -158.014
  471837.48  5890978.89   2.176436   0.000012   0.000083 -158.016
  471836.66  5890976.87   2.176273   0.000012   0.000081 -158.017
  471835.85  5890974.85   2.176110   0.000012   0.000080 -158.019
  471835.03  5890972.83   2.175947   0.000012   0.000079 -158.020
  471834.22  5890970.82   2.175783   0.000012   0.000078 -158.022
  471833.41  5890968.80   2.175620   0.000011   0.000076 -158.023
  471832.59  5890966.78   2.175457   0.000011   0.000075 -158.025
  471831.78  5890964.76   2.175293   0.000011   0.000074 -158.026
  471830.96  5890962.75   2.175129   0.000011   0.000072 -158.027
  471830.15  5890960.73   2.174965   0.000011   0.000071 -158.029
  471829.34  5890958.71   2.174801   0.000010   0.000070 -158.030
  471828.52  5890956.70   2.174637   0.000010   0.000068 -158.031
  471827.71  5890954.68   2.174473   0.000010   0.000067 -158.033
  471826.90  5890952.66   2.174309   0.000010   0.000066 -158.034
  471826.08  5890950.65   2.174144   0.000010   0.000064 -158.035
  471825.27  5890948.63   2.173980   0.000009   0.000063 -158.036
  471824.46  5890946.61   2.173815   0.000009   0.000062 -158.037
  471823.64  5890944.60   2.173651   0.000009   0.000060 -158.039
  471822.83  5890942.58   2.173486   0.000009   0.000059 -158.040
  471822.02  5890940.57   2.173321   0.000009   0.000058 -158.041
  471821.20  5890938.55   2.173156   0.000008   0.000056 -158.042
  471820.39  5890936.53   2.172990   0.000008   0.000055 -158.043
  471819.58  5890934.52   2.172825   0.000008   0.000054 -158.044
  471818.77  5890932.50   2.172660   0.000008   0.000052 -158.045
  471817.96  5890930.49   2.172494   0.000008   0.000051 -158.046
  471817.14  5890928.47   2.172328   0.000007   0.000050 -158.047
  471816.33  5890926.46   2.172162   0.000007   0.000048 -158.048
  471815.52  5890924.44   2.171997   0.000007   0.000047 -158.049
  471814.71  5890922.43   2.171830   0.000007   0.000046 -158.050
  471813.90  5890920.42   2.171664   0.000007   0.000044 -158.050
  471813.08  5890918.40   2.171498   0.000006   0.000043 -158.051
  471812.27  5890916.39   2.171332   0.000006   0.000042 -158.052
  471811.46  5890914.37   2.171165   0.000006   0.000040 -158.053
  471810.65  5890912.36   2.170999   0.000006   0.000039 -158.054
  471809.84  5890910.35   2.170832   0.000006   0.000038 -158.054
  471809.03  5890908.33   2.170665   0.000005   0.000036 -158.055
  471808.22  5890906.32   2.170498   0.000005   0.000035 -158.056
  471807.40  5890904.31   2.170331   0.000005   0.000034 -158.056
  471806.59  5890902.29   2.170164   0.000005   0.000032 -158.057
  471805.78  5890900.28   2.169996   0.000005   0.000031 -158.058
  471804.97  5890898.27   2.169829   0.000004   0.000030 -158.058
  471804.16  5890896.26   2.169661   0.000004   0.000029 -158.059
  471803.35  5890894.24   2.169494   0.000004   0.000027 -158.059
  471802.54  5890892.23   2.169326   0.000004   0.000026 -158.060
  471801.73  5890890.22   2.169158   0.000004   0.000025 -158.060
  471800.92  5890888.21   2.168990   0.000003   0.000023 -158.061
  471800.11  5890886.19   2.168822   0.000003   0.000022 -158.061
  471799.30  5890884.18   2.168654   0.000003   0.000021 -158.062
  471798.49  5890882.17   2.168485   0.000003   0.000019 -158.062
  471797.68  5890880.16   2.168317   0.000003   0.000018 -158.062
  471796.87  5890878.15   2.168148   0.000002   0.000017 -158.063
  471796.06  5890876.14   2.167980   0.000002   0.000015 -158.063
  471795.25  5890874.13   2.167811   0.000002   0.000014 -158.063
  471794.44  5890872.12   2.167642   0.000002   0.000013 -158.063
  471793.63  5890870.11   2.167473   0.000002   0.000011 -158.064
  471792.82  5890868.10   2.167303   0.000001   0.000010 -158.064
  471792.01  5890866.08   2.167134   0.000001   0.000009 -158.064
  471791.20  5890864.07   2.166965   0.000001   0.000007 -158.064
  471790.39  5890862.06   2.166795   0.000001   0.000006 -158.064
  471789.58  5890860.05   2.166626   0.000001   0.000005 -158.065
  471788.77  5890858.05   2.166456   0.000000   0.000003 -158.065
  471787.96  5890856.04   2.166286   0.000000   0.000002 -158.065
  471787.15  5890854.03   2.166116   0.000000   0.000001 -158.065
  471786.34  5890852.02   2.165946   0.000000   0.000001 -158.065
  471785.53  5890850.01   2.165776   0.000000   0.000002 -158.065
  471784.73  5890848.00   2.165605   0.000001   0.000003 -158.065
  471783.92  5890845.99   2.165435   0.000001   0.000005 -158.065
  471783.11  5890843.98   2.165264   0.000001   0.000006 -158.065
  471782.30  5890841.97   2.165093   0.000001   0.000007 -158.064
  471781.49  5890839.96   2.164923   0.000001   0.000009 -158.064
  471780.68  5890837.96   2.164752   0.000002   0.000010 -158.064
  471779.87  5890835.95   2.164581   0.000002   0.000011 -158.064
  471779.06  5890833.94   2.164409   0.000002   0.000013 -158.064
  471778.26  5890831.93   2.164238   0.000002   0.000014 -158.063
  471777.45  5890829.93   2.164067   0.000002   0.000015 -158.063
  471776.64  5890827.92   2.163895   0.000003   0.000017 -158.063
  471775.83  5890825.91   2.163724   0.000003   0.000018 -158.063
  471775.02  5890823.90   2.163552   0.000003   0.000019 -158.062
  471774.21  5890821.90   2.163380   0.000003   0.000021 -158.062
  471773.41  5890819.89   2.163208   0.000003   0.000022 -158.062
  471772.60  5890817.88   2.163036   0.000004   0.000023 -158.061
  471771.79  5890815.88   2.162864   0.000004   0.000025 -158.061
  471770.98  5890813.87   2.162691   0.000004   0.000026 -158.060
  471770.17  5890811.87   2.162519   0.000004   0.000027 -158.060
  471769.37  5890809.86   2.162346   0.000004   0.000029 -158.059
  471768.56  5890807.85   2.162174   0.000005   0.000030 -158.059
  471767.75  5890805.85   2.162001   0.000005   0.000031 -158.058
  471766.94  5890803.84   2.161828   0.000005   0.000033 -158.058
  471766.13  5890801.84   2.161655   0.000005   0.000034 -158.057
  471765.33  5890799.83   2.161482   0.000005   0.000035 -158.056
  471764.52  5890797.83   2.161308   0.000006   0.000037 -158.056
  471763.71  5890795.82   2.161135   0.000006   0.000038 -158.055
  471762.90  5890793.82   2.160961   0.000006   0.000039 -158.054
  471762.10  5890791.82   2.160788   0.000006   0.000041 -158.054
  471761.29  5890789.81   2.160614   0.000006   0.000042 -158.053
  471760.48  5890787.81   2.160440   0.000007   0.000043 -158.052
  471759.67  5890785.80   2.160266   0.000007   0.000045 -158.051
  471758.87  5890783.80   2.160092   0.000007   0.000046 -158.050
  471758.06  5890781.80   2.159918   0.000007   0.000047 -158.049
  471757.25  5890779.79   2.159744   0.000007   0.000049 -158.049
  471756.44  5890777.79   2.159569   0.000008   0.000050 -158.048
  471755.64  5890775.79   2.159395   0.000008   0.000051 -158.047
  471754.83  5890773.78   2.159220   0.000008   0.000053 -158.046
  471754.02  5890771.78   2.159045   0.000008   0.000054 -158.045
  471753.21  5890769.78   2.158870   0.000008   0.000055 -158.044
  471752.41  5890767.78   2.158695   0.000009   0.000057 -158.043
  471751.60  5890765.78   2.158520   0.000009   0.000058 -158.042
  471750.79  5890763.77   2.158345   0.000009   0.000059 -158.041
  471749.99  5890761.77   2.158169   0.000009   0.000061 -158.039
  471749.18  5890759.77   2.157994   0.000009   0.000062 -158.038
  471748.37  5890757.77   2.157818   0.000010   0.000063 -158.037
  471747.56  5890755.77   2.157643   0.000010   0.000065 -158.036
  471746.76  5890753.77   2.157467   0.000010   0.000066 -158.035
  471745.95  5890751.77   2.157291   0.000010   0.000067 -158.034
  471745.14  5890749.77   2.157115   0.000010   0.000069 -158.032
  471744.34  5890747.77   2.156939   0.000011   0.000070 -158.031
  471743.53  5890745.77   2.156762   0.000011   0.000071 -158.030
  471742.72  5890743.77   2.156586   0.000011   0.000073 -158.028
  471741.92  5890741.77   2.156409   0.000011   0.000074 -158.027
  471741.11  5890739.77   2.156233   0.000011   0.000075 -158.026
  471740.30  5890737.77   2.156056   0.000012   0.000077 -158.024
  471739.49  5890735.77   2.155877   0.000012   0.000079 -158.023
  471738.69  5890733.77   2.155698   0.000012   0.000079 -158.021
  471737.88  5890731.77   2.155523   0.000012   0.000078 -158.020
  471737.07  5890729.77   2.155352   0.000012   0.000076 -158.018
  471736.27  5890727.77   2.155185   0.000011   0.000074 -158.017
  471735.46  5890725.77   2.155021   0.000011   0.000072 -158.015
  471734.65  5890723.78   2.154861   0.000011   0.000071 -158.014
  471733.85  5890721.78   2.154705   0.000011   0.000069 -158.013
  471733.04  5890719.78   2.154553   0.000010   0.000067 -158.011
  471732.23  5890717.78   2.154405   0.000010   0.000066 -158.010
  471731.43  5890715.78   2.154261   0.000010   0.000064 -158.009
  471730.62  5890713.79   2.154120   0.000009   0.000062 -158.008
  471729.81  5890711.79   2.153984   0.000009   0.000060 -158.007
  471729.01  5890709.79   2.153851   0.000009   0.000059 -158.005
  471728.20  5890707.80   2.153722   0.000009   0.000057 -158.004
  471727.39  5890705.80   2.153597   0.000008   0.000055 -158.003
  471726.59  5890703.80   2.153476   0.000008   0.000053 -158.002
  471725.78  5890701.80   2.153358   0.000008   0.000052 -158.001
  471724.97  5890699.81   2.153245   0.000008   0.000050 -158.000
  471724.17  5890697.81   2.153135   0.000007   0.000048 -157.999
  471723.36  5890695.82   2.153029   0.000007   0.000047 -157.998
  471722.55  5890693.82   2.152927   0.000007   0.000045 -157.998
  471721.75  5890691.82   2.152829   0.000007   0.000043 -157.997
  471720.94  5890689.83   2.152735   0.000006   0.000041 -157.996
  471720.13  5890687.83   2.152645   0.000006   0.000040 -157.995
  471719.33  5890685.84   2.152558   0.000006   0.000038 -157.994
  471718.52  5890683.84   2.152475   0.000006   0.000036 -157.994
  471717.71  5890681.84   2.152396   0.000005   0.000035 -157.993
  471716.91  5890679.85   2.152321   0.000005   0.000033 -157.992
  471716.10  5890677.85   2.152250   0.000005   0.000031 -157.992
  471715.29  5890675.86   2.152183   0.000004   0.000029 -157.991
  471714.49  5890673.86   2.152119   0.000004   0.000028 -157.991
  471713.68  5890671.87   2.152060   0.000004   0.000026 -157.990
  471712.88  5890669.87   2.152004   0.000004   0.000024 -157.990
  471712.07  5890667.88   2.151952   0.000003   0.000022 -157.989
  471711.26  5890665.88   2.151904   0.000003   0.000021 -157.989
  471710.46  5890663.89   2.151860   0.000003   0.000019 -157.988
  471709.65  5890661.89   2.151819   0.000003   0.000017 -157.988
  471708.84  5890659.90   2.151783   0.000002   0.000016 -157.988
  471708.04  5890657.90   2.151750   0.000002   0.000014 -157.987
  471707.23  5890655.91   2.151721   0.000002   0.000012 -157.987
  471706.42  5890653.91   2.151696   0.000002   0.000010 -157.987
  471705.62  5890651.92   2.151675   0.000001   0.000009 -157.987
  471704.81  5890649.92   2.151658   0.000001   0.000007 -157.986
  471704.00  5890647.93   2.151644   0.000001   0.000005 -157.986
  471703.20  5890645.93   2.151635   0.000000   0.000003 -157.986
  471702.39  5890643.94   2.151631   0.000000   0.000002 -157.986
