  472560.99  5887333.49   1.804445   0.000000   0.000001    0.000
  472559.48  5887332.51   1.805368   0.000001   0.000003 -123.013
  472557.96  5887331.52   1.807208   0.000001   0.000005 -123.013
  472556.44  5887330.54   1.809037   0.000002   0.000008 -123.013
  472554.93  5887329.55   1.810853   0.000002   0.000011 -123.013
  472553.41  5887328.56   1.812657   0.000003   0.000013 -123.013
  472551.89  5887327.58   1.814450   0.000003   0.000016 -123.012
  472550.36  5887326.59   1.816229   0.000004   0.000019 -123.012
  472548.84  5887325.60   1.817997   0.000005   0.000021 -123.012
  472547.32  5887324.61   1.819753   0.000005   0.000024 -123.011
  472545.79  5887323.61   1.821497   0.000006   0.000027 -123.011
  472544.26  5887322.62   1.823228   0.000006   0.000029 -123.010
  472542.73  5887321.63   1.824947   0.000007   0.000032 -123.009
  472541.20  5887320.63   1.826655   0.000007   0.000035 -123.009
  472539.67  5887319.64   1.828350   0.000008   0.000037 -123.008
  472538.13  5887318.64   1.830033   0.000008   0.000040 -123.007
  472536.60  5887317.64   1.831704   0.000009   0.000043 -123.006
  472535.06  5887316.65   1.833362   0.000010   0.000045 -123.005
  472533.52  5887315.65   1.835009   0.000010   0.000048 -123.004
  472531.98  5887314.65   1.836643   0.000011   0.000051 -123.003
  472530.44  5887313.65   1.838266   0.000011   0.000053 -123.002
  472528.90  5887312.64   1.839876   0.000012   0.000056 -123.001
  472527.36  5887311.64   1.841474   0.000012   0.000059 -123.000
  472525.81  5887310.64   1.843060   0.000013   0.000061 -122.998
  472524.26  5887309.63   1.844634   0.000013   0.000064 -122.997
  472522.72  5887308.63   1.846196   0.000014   0.000066 -122.996
  472521.17  5887307.62   1.847746   0.000014   0.000069 -122.994
  472519.62  5887306.62   1.849283   0.000015   0.000072 -122.993
  472518.07  5887305.61   1.850809   0.000015   0.000074 -122.991
  472516.51  5887304.60   1.852322   0.000016   0.000077 -122.989
  472514.96  5887303.59   1.853823   0.000016   0.000080 -122.988
  472513.40  5887302.58   1.855312   0.000017   0.000082 -122.986
  472511.85  5887301.57   1.856789   0.000017   0.000085 -122.984
  472510.29  5887300.56   1.858254   0.000018   0.000088 -122.982
  472508.73  5887299.55   1.859706   0.000018   0.000090 -122.980
  472507.17  5887298.54   1.861147   0.000019   0.000093 -122.978
  472505.61  5887297.52   1.862575   0.000019   0.000095 -122.976
  472504.04  5887296.51   1.863992   0.000020   0.000098 -122.974
  472502.48  5887295.49   1.865396   0.000020   0.000101 -122.972
  472500.91  5887294.48   1.866788   0.000021   0.000103 -122.970
  472499.35  5887293.46   1.868168   0.000021   0.000106 -122.968
  472497.78  5887292.45   1.869536   0.000022   0.000109 -122.966
  472496.21  5887291.43   1.870892   0.000022   0.000111 -122.963
  472494.64  5887290.41   1.872235   0.000023   0.000114 -122.961
  472493.07  5887289.39   1.873568   0.000023   0.000116 -122.958
  472491.49  5887288.37   1.874888   0.000024   0.000119 -122.956
  472489.92  5887287.35   1.876194   0.000024   0.000122 -122.953
  472488.35  5887286.33   1.877487   0.000025   0.000124 -122.951
  472486.77  5887285.31   1.878767   0.000025   0.000127 -122.948
  472485.19  5887284.29   1.880033   0.000026   0.000129 -122.945
  472483.61  5887283.26   1.881286   0.000026   0.000132 -122.942
  472482.03  5887282.24   1.882526   0.000027   0.000135 -122.940
  472480.45  5887281.22   1.883752   0.000027   0.000137 -122.937
  472478.87  5887280.19   1.884964   0.000028   0.000140 -122.934
  472477.29  5887279.17   1.886163   0.000028   0.000143 -122.931
  472475.71  5887278.14   1.887349   0.000029   0.000145 -122.928
  472474.12  5887277.12   1.888521   0.000029   0.000148 -122.925
  472472.54  5887276.09   1.889680   0.000030   0.000150 -122.921
  472470.95  5887275.06   1.890825   0.000030   0.000153 -122.918
  472469.36  5887274.03   1.891957   0.000031   0.000156 -122.915
  472467.77  5887273.01   1.893076   0.000031   0.000158 -122.911
  472466.18  5887271.98   1.894181   0.000032   0.000161 -122.908
  472464.59  5887270.95   1.895272   0.000032   0.000164 -122.905
  472463.00  5887269.92   1.896350   0.000033   0.000166 -122.901
  472461.41  5887268.89   1.897415   0.000033   0.000169 -122.898
  472459.81  5887267.86   1.898466   0.000034   0.000172 -122.894
  472458.22  5887266.82   1.899504   0.000034   0.000174 -122.890
  472456.62  5887265.79   1.900528   0.000035   0.000177 -122.887
  472455.03  5887264.76   1.901539   0.000035   0.000179 -122.883
  472453.43  5887263.73   1.902537   0.000036   0.000182 -122.879
  472451.83  5887262.70   1.903521   0.000036   0.000185 -122.875
  472450.23  5887261.66   1.904492   0.000037   0.000187 -122.871
  472448.63  5887260.63   1.905449   0.000037   0.000190 -122.867
  472447.03  5887259.59   1.906393   0.000037   0.000193 -122.863
  472445.43  5887258.56   1.907323   0.000038   0.000195 -122.859
  472443.83  5887257.52   1.908240   0.000038   0.000198 -122.855
  472442.22  5887256.49   1.909143   0.000039   0.000201 -122.851
  472440.62  5887255.45   1.910034   0.000039   0.000203 -122.847
  472439.01  5887254.42   1.910910   0.000040   0.000206 -122.842
  472437.41  5887253.38   1.911773   0.000040   0.000208 -122.838
  472435.80  5887252.34   1.912623   0.000041   0.000211 -122.833
  472434.19  5887251.31   1.913459   0.000041   0.000214 -122.829
  472432.59  5887250.27   1.914282   0.000042   0.000216 -122.824
  472430.98  5887249.23   1.915092   0.000042   0.000219 -122.820
  472429.37  5887248.19   1.915888   0.000043   0.000222 -122.815
  472427.76  5887247.16   1.916670   0.000043   0.000224 -122.811
  472426.15  5887246.12   1.917440   0.000044   0.000227 -122.806
  472424.53  5887245.08   1.918195   0.000044   0.000230 -122.801
  472422.92  5887244.04   1.918938   0.000045   0.000232 -122.796
  472421.31  5887243.00   1.919667   0.000045   0.000235 -122.791
  472419.69  5887241.96   1.920382   0.000046   0.000238 -122.786
  472418.08  5887240.92   1.921084   0.000046   0.000240 -122.781
  472416.46  5887239.88   1.921773   0.000047   0.000243 -122.776
  472414.85  5887238.84   1.922448   0.000047   0.000246 -122.771
  472413.23  5887237.80   1.923110   0.000048   0.000248 -122.766
  472411.61  5887236.76   1.923758   0.000048   0.000251 -122.761
  472409.99  5887235.72   1.924393   0.000048   0.000254 -122.755
  472408.37  5887234.68   1.925015   0.000049   0.000257 -122.750
  472406.76  5887233.63   1.925623   0.000049   0.000259 -122.745
  472405.14  5887232.59   1.926217   0.000050   0.000262 -122.739
  472403.52  5887231.55   1.926799   0.000050   0.000265 -122.734
  472401.89  5887230.51   1.927366   0.000051   0.000267 -122.728
  472400.27  5887229.47   1.927921   0.000051   0.000270 -122.722
  472398.65  5887228.42   1.928462   0.000052   0.000273 -122.717
  472397.03  5887227.38   1.928989   0.000052   0.000275 -122.711
  472395.40  5887226.34   1.929503   0.000053   0.000278 -122.705
  472393.78  5887225.30   1.930004   0.000053   0.000281 -122.699
  472392.16  5887224.25   1.930491   0.000054   0.000284 -122.694
  472390.53  5887223.21   1.930965   0.000054   0.000286 -122.688
  472388.90  5887222.17   1.931426   0.000055   0.000289 -122.682
  472387.28  5887221.13   1.931873   0.000055   0.000292 -122.675
  472385.65  5887220.08   1.932307   0.000056   0.000295 -122.669
  472384.03  5887219.04   1.932727   0.000056   0.000297 -122.663
  472382.40  5887218.00   1.933134   0.000057   0.000300 -122.657
  472380.77  5887216.95   1.933527   0.000057   0.000303 -122.651
  472379.14  5887215.91   1.933907   0.000058   0.000306 -122.644
  472377.51  5887214.87   1.934274   0.000058   0.000308 -122.638
  472375.88  5887213.82   1.934627   0.000059   0.000311 -122.631
  472374.25  5887212.78   1.934967   0.000059   0.000314 -122.625
  472372.62  5887211.74   1.935293   0.000060   0.000317 -122.618
  472370.99  5887210.70   1.935606   0.000060   0.000319 -122.612
  472369.36  5887209.65   1.935905   0.000061   0.000322 -122.605
  472367.73  5887208.61   1.936191   0.000061   0.000325 -122.598
  472366.10  5887207.57   1.936464   0.000062   0.000328 -122.592
  472364.47  5887206.52   1.936724   0.000062   0.000330 -122.585
  472362.84  5887205.48   1.936969   0.000063   0.000333 -122.578
  472361.21  5887204.44   1.937202   0.000063   0.000336 -122.571
  472359.57  5887203.40   1.937421   0.000064   0.000339 -122.564
  472357.94  5887202.35   1.937627   0.000064   0.000342 -122.557
  472356.31  5887201.31   1.937819   0.000065   0.000344 -122.550
  472354.67  5887200.27   1.937998   0.000065   0.000347 -122.542
  472353.04  5887199.23   1.938163   0.000066   0.000350 -122.535
  472351.40  5887198.18   1.938316   0.000066   0.000353 -122.528
  472349.77  5887197.14   1.938454   0.000067   0.000356 -122.520
  472348.13  5887196.10   1.938580   0.000067   0.000359 -122.513
  472346.50  5887195.06   1.938691   0.000068   0.000361 -122.505
  472344.86  5887194.02   1.938790   0.000069   0.000364 -122.498
  472343.23  5887192.97   1.938875   0.000069   0.000367 -122.490
  472341.59  5887191.93   1.938947   0.000070   0.000370 -122.483
  472339.96  5887190.89   1.939005   0.000070   0.000373 -122.475
  472338.32  5887189.85   1.939050   0.000071   0.000376 -122.467
  472336.69  5887188.81   1.939082   0.000071   0.000378 -122.459
  472335.05  5887187.77   1.939100   0.000072   0.000381 -122.451
  472333.41  5887186.73   1.939104   0.000072   0.000384 -122.443
  472331.78  5887185.69   1.939096   0.000073   0.000387 -122.435
  472330.14  5887184.65   1.939074   0.000073   0.000390 -122.427
  472328.50  5887183.61   1.939038   0.000074   0.000393 -122.419
  472326.87  5887182.57   1.938990   0.000074   0.000396 -122.411
  472325.23  5887181.53   1.938927   0.000075   0.000399 -122.403
  472323.59  5887180.49   1.938852   0.000076   0.000402 -122.394
  472321.95  5887179.45   1.938763   0.000076   0.000404 -122.386
  472320.32  5887178.42   1.938660   0.000077   0.000407 -122.377
  472318.68  5887177.38   1.938545   0.000077   0.000410 -122.369
  472317.04  5887176.34   1.938416   0.000078   0.000413 -122.360
  472315.41  5887175.30   1.938273   0.000078   0.000416 -122.352
  472313.77  5887174.27   1.938117   0.000079   0.000419 -122.343
  472312.13  5887173.23   1.937948   0.000079   0.000422 -122.334
  472310.49  5887172.19   1.937765   0.000080   0.000425 -122.325
  472308.85  5887171.16   1.937569   0.000081   0.000428 -122.317
  472307.22  5887170.12   1.937360   0.000081   0.000431 -122.308
  472305.58  5887169.09   1.937137   0.000082   0.000434 -122.299
  472303.94  5887168.05   1.936901   0.000082   0.000437 -122.290
  472302.30  5887167.02   1.936651   0.000083   0.000440 -122.280
  472300.67  5887165.98   1.936389   0.000084   0.000443 -122.271
  472299.03  5887164.95   1.936112   0.000084   0.000446 -122.262
  472297.39  5887163.92   1.935823   0.000085   0.000449 -122.253
  472295.76  5887162.88   1.935520   0.000085   0.000452 -122.243
  472294.12  5887161.85   1.935203   0.000086   0.000455 -122.234
  472292.48  5887160.82   1.934874   0.000086   0.000458 -122.224
  472290.84  5887159.79   1.934530   0.000087   0.000461 -122.215
  472289.21  5887158.76   1.934174   0.000088   0.000464 -122.205
  472287.57  5887157.73   1.933804   0.000088   0.000467 -122.195
  472285.94  5887156.70   1.933421   0.000089   0.000470 -122.185
  472284.30  5887155.67   1.933024   0.000090   0.000473 -122.176
  472282.66  5887154.64   1.932614   0.000090   0.000476 -122.166
  472281.03  5887153.61   1.932191   0.000091   0.000479 -122.156
  472279.39  5887152.58   1.931755   0.000091   0.000482 -122.146
  472277.76  5887151.56   1.931305   0.000092   0.000485 -122.136
  472276.12  5887150.53   1.930841   0.000093   0.000489 -122.125
  472274.48  5887149.50   1.930365   0.000093   0.000492 -122.115
  472272.85  5887148.48   1.929874   0.000094   0.000495 -122.105
  472271.21  5887147.45   1.929371   0.000095   0.000498 -122.094
  472269.58  5887146.43   1.928854   0.000095   0.000501 -122.084
  472267.95  5887145.40   1.928324   0.000096   0.000504 -122.073
  472266.31  5887144.38   1.927781   0.000097   0.000507 -122.063
  472264.68  5887143.36   1.927224   0.000097   0.000510 -122.052
  472263.05  5887142.33   1.926654   0.000098   0.000514 -122.041
  472261.41  5887141.31   1.926070   0.000099   0.000517 -122.031
  472259.78  5887140.29   1.925473   0.000099   0.000520 -122.020
  472258.15  5887139.27   1.924863   0.000100   0.000523 -122.009
  472256.51  5887138.25   1.924240   0.000101   0.000526 -121.998
  472254.88  5887137.23   1.923603   0.000101   0.000530 -121.987
  472253.25  5887136.21   1.922953   0.000102   0.000533 -121.976
  472251.62  5887135.20   1.922289   0.000103   0.000536 -121.964
  472249.99  5887134.18   1.921612   0.000103   0.000539 -121.953
  472248.36  5887133.16   1.920922   0.000104   0.000542 -121.942
  472246.73  5887132.15   1.920218   0.000105   0.000546 -121.930
  472245.10  5887131.13   1.919502   0.000105   0.000549 -121.919
  472243.47  5887130.12   1.918771   0.000106   0.000552 -121.907
  472241.84  5887129.10   1.918028   0.000107   0.000555 -121.896
  472240.21  5887128.09   1.917271   0.000107   0.000559 -121.884
  472238.59  5887127.08   1.916501   0.000108   0.000562 -121.872
  472236.96  5887126.07   1.915717   0.000109   0.000565 -121.860
  472235.33  5887125.06   1.914920   0.000110   0.000569 -121.848
  472233.70  5887124.05   1.914110   0.000110   0.000572 -121.836
  472232.08  5887123.04   1.913287   0.000111   0.000575 -121.824
  472230.45  5887122.03   1.912450   0.000112   0.000579 -121.812
  472228.83  5887121.02   1.911600   0.000113   0.000582 -121.800
  472227.20  5887120.01   1.910736   0.000113   0.000585 -121.787
  472225.58  5887119.01   1.909860   0.000114   0.000589 -121.775
  472223.96  5887118.00   1.908969   0.000115   0.000592 -121.762
  472222.33  5887117.00   1.908066   0.000116   0.000595 -121.750
  472220.71  5887116.00   1.907149   0.000116   0.000599 -121.737
  472219.09  5887114.99   1.906219   0.000117   0.000602 -121.724
  472217.47  5887113.99   1.905276   0.000118   0.000606 -121.712
  472215.85  5887112.99   1.904319   0.000119   0.000609 -121.699
  472214.23  5887111.99   1.903350   0.000120   0.000613 -121.686
  472212.61  5887110.99   1.902366   0.000120   0.000616 -121.673
  472210.99  5887109.99   1.901370   0.000121   0.000619 -121.660
  472209.37  5887109.00   1.900360   0.000122   0.000623 -121.646
  472207.75  5887108.00   1.899337   0.000123   0.000626 -121.633
  472206.14  5887107.00   1.898300   0.000124   0.000630 -121.620
  472204.52  5887106.01   1.897251   0.000124   0.000633 -121.606
  472202.90  5887105.02   1.896188   0.000125   0.000637 -121.593
  472201.29  5887104.02   1.895111   0.000126   0.000640 -121.579
  472199.67  5887103.03   1.894022   0.000127   0.000644 -121.565
  472198.06  5887102.04   1.892919   0.000128   0.000648 -121.552
  472196.45  5887101.05   1.891803   0.000129   0.000651 -121.538
  472194.84  5887100.06   1.890674   0.000129   0.000655 -121.524
  472193.22  5887099.07   1.889531   0.000130   0.000658 -121.510
  472191.61  5887098.09   1.888375   0.000131   0.000662 -121.496
  472190.00  5887097.10   1.887206   0.000132   0.000665 -121.482
  472188.40  5887096.12   1.886023   0.000133   0.000669 -121.467
  472186.79  5887095.13   1.884827   0.000134   0.000673 -121.453
  472185.18  5887094.15   1.883618   0.000135   0.000676 -121.438
  472183.57  5887093.17   1.882396   0.000136   0.000680 -121.424
  472181.97  5887092.19   1.881160   0.000137   0.000684 -121.409
  472180.36  5887091.21   1.879911   0.000138   0.000687 -121.395
  472178.76  5887090.23   1.878649   0.000138   0.000691 -121.380
  472177.15  5887089.25   1.877374   0.000139   0.000695 -121.365
  472175.55  5887088.27   1.876085   0.000140   0.000698 -121.350
  472173.95  5887087.30   1.874783   0.000141   0.000702 -121.335
  472172.35  5887086.33   1.873468   0.000142   0.000706 -121.320
  472170.75  5887085.35   1.872140   0.000143   0.000710 -121.304
  472169.15  5887084.38   1.870798   0.000144   0.000713 -121.289
  472167.55  5887083.41   1.869443   0.000145   0.000717 -121.274
  472165.95  5887082.44   1.868075   0.000146   0.000721 -121.258
  472164.36  5887081.47   1.866693   0.000147   0.000725 -121.242
  472162.76  5887080.50   1.865299   0.000148   0.000729 -121.227
  472161.17  5887079.54   1.863891   0.000149   0.000732 -121.211
  472159.57  5887078.57   1.862470   0.000150   0.000736 -121.195
  472157.98  5887077.61   1.861035   0.000151   0.000740 -121.179
  472156.39  5887076.65   1.859588   0.000152   0.000744 -121.163
  472154.80  5887075.68   1.858127   0.000153   0.000748 -121.147
  472153.21  5887074.72   1.856653   0.000154   0.000752 -121.130
  472151.62  5887073.77   1.855166   0.000155   0.000756 -121.114
  472150.03  5887072.81   1.853665   0.000156   0.000760 -121.097
  472148.44  5887071.85   1.852151   0.000157   0.000764 -121.081
  472146.86  5887070.90   1.850624   0.000158   0.000768 -121.064
  472145.27  5887069.94   1.849084   0.000160   0.000772 -121.047
  472143.69  5887068.99   1.847531   0.000161   0.000776 -121.030
  472142.10  5887068.04   1.845964   0.000162   0.000780 -121.013
  472140.52  5887067.09   1.844384   0.000163   0.000784 -120.996
  472138.94  5887066.14   1.842791   0.000164   0.000788 -120.979
  472137.36  5887065.19   1.841185   0.000165   0.000792 -120.962
  472135.78  5887064.24   1.839566   0.000166   0.000796 -120.944
  472134.21  5887063.30   1.837933   0.000167   0.000800 -120.927
  472132.63  5887062.36   1.836287   0.000169   0.000804 -120.909
  472131.06  5887061.41   1.834628   0.000170   0.000808 -120.891
  472129.48  5887060.47   1.832956   0.000171   0.000812 -120.873
  472127.91  5887059.53   1.831271   0.000172   0.000816 -120.856
  472126.34  5887058.59   1.829572   0.000173   0.000821 -120.837
  472124.77  5887057.66   1.827860   0.000175   0.000825 -120.819
  472123.20  5887056.72   1.826136   0.000176   0.000829 -120.801
  472121.63  5887055.79   1.824397   0.000177   0.000833 -120.783
  472120.06  5887054.86   1.822646   0.000178   0.000837 -120.764
  472118.50  5887053.92   1.820882   0.000179   0.000842 -120.746
  472116.93  5887052.99   1.819104   0.000181   0.000846 -120.727
  472115.37  5887052.07   1.817313   0.000182   0.000850 -120.708
  472113.81  5887051.14   1.815509   0.000183   0.000854 -120.689
  472112.25  5887050.21   1.813692   0.000185   0.000859 -120.670
  472110.69  5887049.29   1.811862   0.000186   0.000863 -120.651
  472109.13  5887048.37   1.810019   0.000187   0.000867 -120.631
  472107.57  5887047.44   1.808162   0.000189   0.000872 -120.612
  472106.02  5887046.52   1.806292   0.000190   0.000876 -120.592
  472104.46  5887045.61   1.804409   0.000191   0.000881 -120.573
  472102.91  5887044.69   1.802514   0.000193   0.000885 -120.553
  472101.36  5887043.77   1.800604   0.000194   0.000890 -120.533
  472099.81  5887042.86   1.798682   0.000195   0.000894 -120.513
  472098.26  5887041.95   1.796744   0.000197   0.000898 -120.493
  472096.71  5887041.04   1.794793   0.000198   0.000903 -120.473
  472095.16  5887040.13   1.792834   0.000200   0.000908 -120.452
  472093.62  5887039.22   1.790867   0.000201   0.000913 -120.432
  472092.07  5887038.32   1.788894   0.000203   0.000918 -120.411
  472090.53  5887037.41   1.786912   0.000204   0.000923 -120.390
  472088.99  5887036.51   1.784924   0.000206   0.000928 -120.369
  472087.45  5887035.61   1.782927   0.000208   0.000934 -120.348
  472085.91  5887034.71   1.780924   0.000209   0.000939 -120.327
  472084.38  5887033.81   1.778913   0.000211   0.000944 -120.306
  472082.84  5887032.91   1.776894   0.000213   0.000949 -120.284
  472081.31  5887032.02   1.774868   0.000214   0.000954 -120.263
  472079.78  5887031.12   1.772834   0.000216   0.000960 -120.241
  472078.24  5887030.23   1.770794   0.000218   0.000965 -120.219
  472076.71  5887029.34   1.768745   0.000219   0.000970 -120.197
  472075.19  5887028.45   1.766689   0.000221   0.000975 -120.175
  472073.66  5887027.57   1.764626   0.000223   0.000981 -120.152
  472072.13  5887026.68   1.762555   0.000224   0.000986 -120.130
  472070.61  5887025.80   1.760477   0.000226   0.000991 -120.107
  472069.09  5887024.92   1.758392   0.000228   0.000997 -120.084
  472067.57  5887024.03   1.756299   0.000230   0.001002 -120.061
  472066.05  5887023.16   1.754198   0.000231   0.001007 -120.038
  472064.53  5887022.28   1.752090   0.000233   0.001013 -120.015
  472063.01  5887021.40   1.749975   0.000235   0.001018 -119.992
  472061.50  5887020.53   1.747853   0.000237   0.001023 -119.968
  472059.98  5887019.66   1.745723   0.000239   0.001029 -119.944
  472058.47  5887018.79   1.743585   0.000241   0.001034 -119.920
  472056.96  5887017.92   1.741441   0.000242   0.001040 -119.896
  472055.45  5887017.05   1.739288   0.000244   0.001045 -119.872
  472053.94  5887016.19   1.737129   0.000246   0.001051 -119.848
  472052.44  5887015.32   1.734962   0.000248   0.001056 -119.823
  472050.93  5887014.46   1.732788   0.000250   0.001062 -119.799
  472049.43  5887013.60   1.730606   0.000252   0.001067 -119.774
  472047.93  5887012.74   1.728417   0.000254   0.001073 -119.749
  472046.43  5887011.89   1.726221   0.000256   0.001078 -119.724
  472044.93  5887011.03   1.724017   0.000258   0.001084 -119.698
  472043.43  5887010.18   1.721806   0.000260   0.001090 -119.673
  472041.94  5887009.33   1.719588   0.000262   0.001095 -119.647
  472040.44  5887008.48   1.717363   0.000264   0.001101 -119.622
  472038.95  5887007.63   1.715130   0.000266   0.001107 -119.596
  472037.46  5887006.79   1.712889   0.000268   0.001112 -119.569
  472035.97  5887005.94   1.710642   0.000270   0.001118 -119.543
  472034.48  5887005.10   1.708387   0.000272   0.001124 -119.517
  472033.00  5887004.26   1.706125   0.000274   0.001130 -119.490
  472031.51  5887003.42   1.703855   0.000277   0.001135 -119.463
  472030.03  5887002.58   1.701578   0.000279   0.001141 -119.436
  472028.55  5887001.75   1.699294   0.000281   0.001147 -119.409
  472027.07  5887000.92   1.697003   0.000283   0.001153 -119.382
  472025.59  5887000.09   1.694704   0.000285   0.001159 -119.354
  472024.12  5886999.26   1.692399   0.000287   0.001165 -119.326
  472022.64  5886998.43   1.690085   0.000290   0.001170 -119.299
  472021.17  5886997.60   1.687765   0.000292   0.001176 -119.270
  472019.70  5886996.78   1.685437   0.000294   0.001182 -119.242
  472018.23  5886995.96   1.683103   0.000297   0.001188 -119.214
  472016.76  5886995.14   1.680760   0.000299   0.001194 -119.185
  472015.29  5886994.32   1.678411   0.000301   0.001200 -119.156
  472013.83  5886993.50   1.676055   0.000304   0.001206 -119.127
  472012.36  5886992.69   1.673691   0.000306   0.001212 -119.098
  472010.90  5886991.87   1.671320   0.000308   0.001218 -119.069
  472009.44  5886991.06   1.668942   0.000311   0.001224 -119.039
  472007.98  5886990.25   1.666556   0.000313   0.001231 -119.010
  472006.52  5886989.45   1.664164   0.000316   0.001237 -118.980
  472005.07  5886988.64   1.661764   0.000318   0.001243 -118.950
  472003.62  5886987.84   1.659357   0.000321   0.001249 -118.919
  472002.16  5886987.04   1.656943   0.000323   0.001255 -118.889
  472000.71  5886986.24   1.654522   0.000326   0.001261 -118.858
  471999.27  5886985.44   1.652094   0.000328   0.001268 -118.827
  471997.82  5886984.65   1.649658   0.000331   0.001274 -118.796
  471996.37  5886983.85   1.647215   0.000334   0.001280 -118.765
  471994.93  5886983.06   1.644766   0.000336   0.001287 -118.733
  471993.49  5886982.27   1.642309   0.000339   0.001293 -118.702
  471992.05  5886981.49   1.639845   0.000342   0.001299 -118.670
  471990.61  5886980.70   1.637374   0.000344   0.001306 -118.638
  471989.17  5886979.92   1.634895   0.000347   0.001312 -118.605
  471987.74  5886979.14   1.632410   0.000350   0.001319 -118.573
  471986.31  5886978.36   1.629918   0.000353   0.001325 -118.540
  471984.88  5886977.58   1.627418   0.000355   0.001331 -118.507
  471983.45  5886976.80   1.624911   0.000358   0.001338 -118.474
  471982.02  5886976.03   1.622398   0.000361   0.001345 -118.441
  471980.59  5886975.26   1.619877   0.000364   0.001351 -118.407
  471979.17  5886974.49   1.617349   0.000367   0.001358 -118.373
  471977.75  5886973.72   1.614815   0.000370   0.001364 -118.339
  471976.33  5886972.96   1.612273   0.000373   0.001371 -118.305
  471974.91  5886972.20   1.609724   0.000376   0.001378 -118.271
  471973.49  5886971.43   1.607168   0.000379   0.001384 -118.236
  471972.07  5886970.68   1.604605   0.000382   0.001391 -118.201
  471970.66  5886969.92   1.602036   0.000385   0.001398 -118.166
  471969.25  5886969.16   1.599459   0.000388   0.001405 -118.131
  471967.84  5886968.41   1.596875   0.000391   0.001411 -118.095
  471966.43  5886967.66   1.594284   0.000395   0.001420 -118.059
  471965.02  5886966.91   1.591678   0.000399   0.001430 -118.023
  471963.62  5886966.17   1.589065   0.000401   0.001432 -117.987
  471962.22  5886965.42   1.586462   0.000402   0.001430 -117.950
  471960.82  5886964.68   1.583869   0.000402   0.001428 -117.914
  471959.42  5886963.94   1.581286   0.000403   0.001426 -117.877
  471958.02  5886963.20   1.578714   0.000404   0.001424 -117.841
  471956.63  5886962.47   1.576152   0.000405   0.001421 -117.804
  471955.23  5886961.73   1.573600   0.000405   0.001419 -117.768
  471953.84  5886961.00   1.571058   0.000406   0.001417 -117.731
  471952.45  5886960.27   1.568527   0.000407   0.001415 -117.694
  471951.06  5886959.54   1.566006   0.000407   0.001413 -117.658
  471949.68  5886958.82   1.563495   0.000408   0.001411 -117.621
  471948.29  5886958.09   1.560994   0.000409   0.001408 -117.585
  471946.91  5886957.37   1.558503   0.000409   0.001406 -117.548
  471945.53  5886956.65   1.556023   0.000410   0.001404 -117.512
  471944.15  5886955.94   1.553552   0.000411   0.001402 -117.475
  471942.77  5886955.22   1.551092   0.000411   0.001399 -117.439
  471941.39  5886954.51   1.548643   0.000412   0.001397 -117.402
  471940.02  5886953.80   1.546203   0.000412   0.001395 -117.366
  471938.65  5886953.09   1.543773   0.000413   0.001392 -117.329
  471937.28  5886952.38   1.541354   0.000414   0.001390 -117.292
  471935.91  5886951.67   1.538945   0.000414   0.001387 -117.256
  471934.54  5886950.97   1.536546   0.000415   0.001385 -117.219
  471933.17  5886950.27   1.534157   0.000415   0.001383 -117.183
  471931.81  5886949.57   1.531779   0.000416   0.001380 -117.146
  471930.45  5886948.87   1.529410   0.000416   0.001378 -117.110
  471929.09  5886948.18   1.527052   0.000417   0.001375 -117.073
  471927.73  5886947.48   1.524704   0.000418   0.001373 -117.037
  471926.37  5886946.79   1.522366   0.000418   0.001370 -117.000
  471925.01  5886946.10   1.520038   0.000419   0.001368 -116.964
  471923.66  5886945.41   1.517720   0.000419   0.001365 -116.927
  471922.31  5886944.73   1.515413   0.000420   0.001363 -116.891
  471920.96  5886944.04   1.513116   0.000420   0.001360 -116.855
  471919.61  5886943.36   1.510828   0.000420   0.001357 -116.818
  471918.26  5886942.68   1.508551   0.000421   0.001355 -116.782
  471916.91  5886942.00   1.506284   0.000421   0.001352 -116.745
  471915.57  5886941.33   1.504027   0.000422   0.001349 -116.709
  471914.23  5886940.65   1.501781   0.000422   0.001347 -116.673
  471912.88  5886939.98   1.499544   0.000423   0.001344 -116.636
  471911.54  5886939.31   1.497318   0.000423   0.001341 -116.600
  471910.21  5886938.64   1.495101   0.000423   0.001339 -116.564
  471908.87  5886937.97   1.492895   0.000424   0.001336 -116.527
  471907.53  5886937.31   1.490699   0.000424   0.001333 -116.491
  471906.20  5886936.64   1.488513   0.000425   0.001330 -116.455
  471904.87  5886935.98   1.486337   0.000425   0.001327 -116.419
  471903.54  5886935.32   1.484171   0.000425   0.001325 -116.383
  471902.21  5886934.66   1.482015   0.000425   0.001322 -116.346
  471900.88  5886934.01   1.479869   0.000426   0.001319 -116.310
  471899.56  5886933.35   1.477734   0.000426   0.001316 -116.274
  471898.23  5886932.70   1.475608   0.000426   0.001313 -116.238
  471896.91  5886932.05   1.473493   0.000426   0.001307 -116.202
  471895.59  5886931.40   1.471387   0.000425   0.001302 -116.166
  471894.27  5886930.75   1.469292   0.000427   0.001304 -116.130
  471892.95  5886930.11   1.467207   0.000431   0.001312 -116.094
  471891.63  5886929.46   1.465132   0.000434   0.001319 -116.058
  471890.32  5886928.82   1.463068   0.000438   0.001326 -116.022
  471889.00  5886928.18   1.461014   0.000442   0.001334 -115.985
  471887.69  5886927.54   1.458971   0.000446   0.001341 -115.948
  471886.38  5886926.90   1.456938   0.000449   0.001349 -115.911
  471885.07  5886926.27   1.454916   0.000453   0.001356 -115.873
  471883.76  5886925.63   1.452904   0.000457   0.001363 -115.836
  471882.45  5886925.00   1.450903   0.000460   0.001371 -115.798
  471881.15  5886924.37   1.448912   0.000464   0.001378 -115.759
  471879.84  5886923.74   1.446932   0.000468   0.001385 -115.721
  471878.54  5886923.12   1.444962   0.000472   0.001393 -115.682
  471877.24  5886922.49   1.443003   0.000475   0.001400 -115.643
  471875.94  5886921.87   1.441055   0.000479   0.001408 -115.604
  471874.64  5886921.25   1.439117   0.000483   0.001415 -115.564
  471873.34  5886920.63   1.437189   0.000487   0.001422 -115.524
  471872.04  5886920.01   1.435273   0.000492   0.001432 -115.484
  471870.75  5886919.39   1.433362   0.000496   0.001442 -115.444
  471869.45  5886918.78   1.431462   0.000498   0.001444 -115.403
  471868.16  5886918.17   1.429581   0.000499   0.001441 -115.362
  471866.87  5886917.56   1.427721   0.000499   0.001438 -115.321
  471865.58  5886916.95   1.425880   0.000499   0.001434 -115.280
  471864.29  5886916.34   1.424059   0.000499   0.001431 -115.240
  471863.00  5886915.73   1.422258   0.000499   0.001428 -115.199
  471861.72  5886915.13   1.420477   0.000499   0.001424 -115.158
  471860.43  5886914.53   1.418715   0.000499   0.001421 -115.118
  471859.15  5886913.93   1.416973   0.000499   0.001417 -115.077
  471857.86  5886913.33   1.415251   0.000499   0.001414 -115.036
  471856.58  5886912.73   1.413549   0.000499   0.001410 -114.996
  471855.30  5886912.13   1.411866   0.000499   0.001406 -114.956
  471854.02  5886911.54   1.410203   0.000499   0.001403 -114.915
  471852.74  5886910.94   1.408560   0.000499   0.001399 -114.875
  471851.46  5886910.35   1.406937   0.000498   0.001394 -114.835
  471850.19  5886909.76   1.405340   0.000498   0.001390 -114.794
  471848.91  5886909.18   1.403763   0.000498   0.001388 -114.754
  471847.64  5886908.59   1.402192   0.000499   0.001387 -114.714
  471846.36  5886908.00   1.400627   0.000500   0.001386 -114.674
  471845.09  5886907.42   1.399069   0.000500   0.001385 -114.634
  471843.82  5886906.84   1.397516   0.000501   0.001384 -114.594
  471842.55  5886906.26   1.395970   0.000502   0.001383 -114.554
  471841.28  5886905.68   1.394430   0.000503   0.001382 -114.514
  471840.01  5886905.10   1.392896   0.000503   0.001381 -114.474
  471838.74  5886904.53   1.391368   0.000504   0.001380 -114.434
  471837.48  5886903.95   1.389847   0.000505   0.001379 -114.393
  471836.21  5886903.38   1.388332   0.000506   0.001378 -114.353
  471834.95  5886902.81   1.386823   0.000506   0.001377 -114.313
  471833.68  5886902.24   1.385320   0.000507   0.001376 -114.273
  471832.42  5886901.67   1.383823   0.000508   0.001375 -114.232
  471831.16  5886901.10   1.382332   0.000509   0.001374 -114.192
  471829.90  5886900.54   1.380848   0.000509   0.001373 -114.152
  471828.64  5886899.97   1.379369   0.000510   0.001372 -114.112
  471827.38  5886899.41   1.377897   0.000511   0.001371 -114.071
  471826.12  5886898.85   1.376431   0.000511   0.001370 -114.031
  471824.87  5886898.29   1.374972   0.000512   0.001369 -113.991
  471823.61  5886897.73   1.373518   0.000513   0.001368 -113.950
  471822.36  5886897.18   1.372071   0.000513   0.001367 -113.910
  471821.10  5886896.62   1.370629   0.000514   0.001366 -113.870
  471819.85  5886896.07   1.369194   0.000515   0.001365 -113.829
  471818.60  5886895.52   1.367765   0.000515   0.001364 -113.789
  471817.35  5886894.97   1.366342   0.000516   0.001363 -113.748
  471816.09  5886894.42   1.364926   0.000517   0.001361 -113.708
  471814.85  5886893.87   1.363515   0.000517   0.001360 -113.668
  471813.60  5886893.32   1.362111   0.000518   0.001359 -113.627
  471812.35  5886892.78   1.360713   0.000519   0.001358 -113.587
  471811.10  5886892.24   1.359321   0.000519   0.001357 -113.546
  471809.86  5886891.69   1.357935   0.000520   0.001356 -113.506
  471808.61  5886891.15   1.356555   0.000520   0.001354 -113.465
  471807.37  5886890.61   1.355181   0.000521   0.001353 -113.425
  471806.12  5886890.08   1.353814   0.000522   0.001352 -113.385
  471804.88  5886889.54   1.352452   0.000522   0.001351 -113.344
  471803.64  5886889.01   1.351097   0.000523   0.001349 -113.304
  471802.40  5886888.47   1.349748   0.000523   0.001348 -113.263
  471801.16  5886887.94   1.348405   0.000524   0.001347 -113.223
  471799.92  5886887.41   1.347068   0.000524   0.001346 -113.182
  471798.68  5886886.88   1.345738   0.000525   0.001344 -113.142
  471797.45  5886886.35   1.344413   0.000525   0.001343 -113.101
  471796.21  5886885.83   1.343095   0.000526   0.001342 -113.061
  471794.97  5886885.30   1.341782   0.000526   0.001340 -113.020
  471793.74  5886884.78   1.340476   0.000527   0.001339 -112.980
  471792.51  5886884.26   1.339176   0.000527   0.001338 -112.939
  471791.27  5886883.73   1.337882   0.000528   0.001336 -112.899
  471790.04  5886883.22   1.336594   0.000528   0.001335 -112.858
  471788.81  5886882.70   1.335312   0.000529   0.001333 -112.818
  471787.58  5886882.18   1.334037   0.000529   0.001332 -112.778
  471786.35  5886881.67   1.332767   0.000530   0.001331 -112.737
  471785.12  5886881.15   1.331504   0.000530   0.001329 -112.697
  471783.89  5886880.64   1.330247   0.000531   0.001328 -112.656
  471782.66  5886880.13   1.328995   0.000531   0.001326 -112.616
  471781.44  5886879.62   1.327750   0.000531   0.001325 -112.575
  471780.21  5886879.11   1.326511   0.000532   0.001323 -112.535
  471778.99  5886878.60   1.325278   0.000532   0.001322 -112.494
  471777.76  5886878.10   1.324051   0.000533   0.001320 -112.454
  471776.54  5886877.59   1.322831   0.000533   0.001319 -112.414
  471775.32  5886877.09   1.321616   0.000533   0.001317 -112.373
  471774.09  5886876.59   1.320408   0.000534   0.001316 -112.333
  471772.87  5886876.08   1.319205   0.000534   0.001314 -112.293
  471771.65  5886875.59   1.318009   0.000534   0.001313 -112.252
  471770.43  5886875.09   1.316818   0.000535   0.001311 -112.212
  471769.21  5886874.59   1.315634   0.000535   0.001310 -112.171
  471768.00  5886874.10   1.314456   0.000535   0.001308 -112.131
  471766.78  5886873.60   1.313284   0.000536   0.001306 -112.091
  471765.56  5886873.11   1.312118   0.000536   0.001305 -112.051
  471764.35  5886872.62   1.310958   0.000536   0.001303 -112.010
  471763.13  5886872.13   1.309804   0.000536   0.001301 -111.970
  471761.92  5886871.64   1.308656   0.000537   0.001300 -111.930
  471760.70  5886871.15   1.307514   0.000537   0.001298 -111.889
  471759.49  5886870.66   1.306379   0.000537   0.001296 -111.849
  471758.28  5886870.18   1.305249   0.000537   0.001295 -111.809
  471757.07  5886869.69   1.304125   0.000538   0.001293 -111.769
  471755.85  5886869.21   1.303008   0.000538   0.001291 -111.729
  471754.64  5886868.73   1.301896   0.000538   0.001290 -111.689
  471753.43  5886868.25   1.300791   0.000538   0.001288 -111.648
  471752.23  5886867.77   1.299691   0.000538   0.001286 -111.608
  471751.02  5886867.29   1.298598   0.000539   0.001284 -111.568
  471749.81  5886866.82   1.297511   0.000539   0.001283 -111.528
  471748.60  5886866.34   1.296429   0.000539   0.001281 -111.488
  471747.40  5886865.87   1.295354   0.000539   0.001279 -111.448
  471746.19  5886865.40   1.294285   0.000539   0.001277 -111.408
  471744.99  5886864.92   1.293222   0.000539   0.001275 -111.368
  471743.78  5886864.45   1.292164   0.000539   0.001274 -111.328
  471742.58  5886863.99   1.291113   0.000539   0.001272 -111.288
  471741.38  5886863.52   1.290068   0.000540   0.001270 -111.248
  471740.17  5886863.05   1.289029   0.000540   0.001268 -111.208
  471738.97  5886862.59   1.287996   0.000540   0.001266 -111.169
  471737.77  5886862.12   1.286969   0.000540   0.001264 -111.129
  471736.57  5886861.66   1.285947   0.000540   0.001262 -111.089
  471735.37  5886861.20   1.284932   0.000540   0.001260 -111.049
  471734.17  5886860.74   1.283923   0.000540   0.001259 -111.009
  471732.97  5886860.28   1.282920   0.000540   0.001257 -110.970
  471731.78  5886859.82   1.281923   0.000540   0.001255 -110.930
  471730.58  5886859.36   1.280932   0.000540   0.001253 -110.890
  471729.38  5886858.91   1.279947   0.000540   0.001251 -110.851
  471728.19  5886858.45   1.278968   0.000540   0.001249 -110.811
  471726.99  5886858.00   1.277994   0.000540   0.001247 -110.772
  471725.80  5886857.55   1.277027   0.000540   0.001245 -110.732
  471724.60  5886857.10   1.276066   0.000540   0.001243 -110.693
  471723.41  5886856.65   1.275111   0.000540   0.001241 -110.653
  471722.22  5886856.20   1.274162   0.000539   0.001239 -110.614
  471721.02  5886855.75   1.273218   0.000539   0.001237 -110.574
  471719.83  5886855.30   1.272281   0.000539   0.001234 -110.535
  471718.64  5886854.86   1.271350   0.000539   0.001232 -110.496
  471717.45  5886854.41   1.270424   0.000539   0.001230 -110.456
  471716.26  5886853.97   1.269505   0.000539   0.001228 -110.417
  471715.07  5886853.53   1.268591   0.000539   0.001226 -110.378
  471713.88  5886853.09   1.267684   0.000539   0.001224 -110.339
  471712.69  5886852.65   1.266782   0.000538   0.001222 -110.300
  471711.50  5886852.21   1.265886   0.000538   0.001220 -110.261
  471710.32  5886851.77   1.264997   0.000538   0.001217 -110.222
  471709.13  5886851.34   1.264113   0.000538   0.001215 -110.183
  471707.94  5886850.90   1.263235   0.000538   0.001213 -110.144
  471706.76  5886850.47   1.262363   0.000537   0.001211 -110.105
  471705.57  5886850.03   1.261497   0.000537   0.001209 -110.066
  471704.39  5886849.60   1.260637   0.000537   0.001206 -110.027
  471703.20  5886849.17   1.259783   0.000537   0.001204 -109.988
  471702.02  5886848.74   1.258935   0.000536   0.001202 -109.950
  471700.84  5886848.31   1.258093   0.000536   0.001200 -109.911
  471699.65  5886847.89   1.257256   0.000536   0.001197 -109.872
  471698.47  5886847.46   1.256426   0.000535   0.001195 -109.834
  471697.29  5886847.03   1.255601   0.000535   0.001193 -109.795
  471696.11  5886846.61   1.254783   0.000535   0.001191 -109.757
  471694.93  5886846.19   1.253970   0.000534   0.001188 -109.718
  471693.75  5886845.76   1.253163   0.000534   0.001186 -109.680
  471692.57  5886845.34   1.252362   0.000534   0.001184 -109.641
  471691.39  5886844.92   1.251567   0.000533   0.001181 -109.603
  471690.21  5886844.50   1.250778   0.000533   0.001179 -109.565
  471689.03  5886844.09   1.249995   0.000532   0.001177 -109.527
  471687.85  5886843.67   1.249217   0.000532   0.001174 -109.489
  471686.67  5886843.25   1.248446   0.000532   0.001172 -109.450
  471685.50  5886842.84   1.247680   0.000531   0.001169 -109.412
  471684.32  5886842.42   1.246920   0.000531   0.001167 -109.374
  471683.14  5886842.01   1.246166   0.000530   0.001164 -109.337
  471681.97  5886841.60   1.245418   0.000530   0.001162 -109.299
  471680.79  5886841.19   1.244676   0.000529   0.001160 -109.261
  471679.62  5886840.78   1.243940   0.000529   0.001157 -109.223
  471678.44  5886840.37   1.243209   0.000529   0.001155 -109.185
  471677.27  5886839.96   1.242485   0.000529   0.001154 -109.148
  471676.10  5886839.56   1.241767   0.000527   0.001150 -109.110
  471674.92  5886839.15   1.241053   0.000525   0.001144 -109.073
  471673.75  5886838.75   1.240344   0.000523   0.001138 -109.035
  471672.58  5886838.34   1.239640   0.000521   0.001132 -108.998
  471671.41  5886837.94   1.238940   0.000519   0.001126 -108.961
  471670.23  5886837.54   1.238245   0.000516   0.001120 -108.924
  471669.06  5886837.14   1.237554   0.000514   0.001114 -108.888
  471667.89  5886836.74   1.236867   0.000512   0.001108 -108.851
  471666.72  5886836.34   1.236185   0.000510   0.001102 -108.815
  471665.55  5886835.94   1.235508   0.000508   0.001096 -108.779
  471664.38  5886835.54   1.234835   0.000505   0.001090 -108.743
  471663.21  5886835.15   1.234167   0.000503   0.001084 -108.707
  471662.04  5886834.75   1.233503   0.000501   0.001078 -108.672
  471660.87  5886834.36   1.232843   0.000499   0.001072 -108.636
  471659.71  5886833.97   1.232188   0.000496   0.001066 -108.601
  471658.54  5886833.57   1.231538   0.000494   0.001060 -108.566
  471657.37  5886833.18   1.230891   0.000492   0.001054 -108.531
  471656.20  5886832.79   1.230250   0.000489   0.001048 -108.496
  471655.04  5886832.40   1.229612   0.000487   0.001041 -108.462
  471653.87  5886832.01   1.228980   0.000485   0.001035 -108.428
  471652.71  5886831.63   1.228351   0.000482   0.001029 -108.393
  471651.54  5886831.24   1.227727   0.000480   0.001023 -108.359
  471650.37  5886830.85   1.227107   0.000478   0.001017 -108.326
  471649.21  5886830.47   1.226492   0.000475   0.001011 -108.292
  471648.05  5886830.08   1.225881   0.000473   0.001005 -108.259
  471646.88  5886829.70   1.225275   0.000470   0.000999 -108.226
  471645.72  5886829.32   1.224673   0.000468   0.000992 -108.192
  471644.55  5886828.94   1.224075   0.000465   0.000986 -108.160
  471643.39  5886828.56   1.223481   0.000463   0.000980 -108.127
  471642.23  5886828.18   1.222892   0.000460   0.000974 -108.095
  471641.07  5886827.80   1.222307   0.000458   0.000968 -108.062
  471639.90  5886827.42   1.221727   0.000455   0.000961 -108.030
  471638.74  5886827.04   1.221151   0.000453   0.000955 -107.998
  471637.58  5886826.67   1.220579   0.000450   0.000949 -107.967
  471636.42  5886826.29   1.220011   0.000448   0.000943 -107.935
  471635.26  5886825.91   1.219448   0.000445   0.000936 -107.904
  471634.10  5886825.54   1.218889   0.000443   0.000930 -107.873
  471632.94  5886825.17   1.218335   0.000440   0.000924 -107.842
  471631.78  5886824.79   1.217784   0.000437   0.000918 -107.811
  471630.62  5886824.42   1.217238   0.000435   0.000911 -107.781
  471629.46  5886824.05   1.216696   0.000432   0.000905 -107.750
  471628.30  5886823.68   1.216159   0.000430   0.000899 -107.720
  471627.14  5886823.31   1.215625   0.000427   0.000892 -107.690
  471625.99  5886822.94   1.215096   0.000424   0.000886 -107.660
  471624.83  5886822.58   1.214571   0.000422   0.000880 -107.631
  471623.67  5886822.21   1.214051   0.000419   0.000873 -107.602
  471622.51  5886821.84   1.213534   0.000416   0.000867 -107.572
  471621.36  5886821.48   1.213022   0.000414   0.000861 -107.544
  471620.20  5886821.11   1.212514   0.000411   0.000854 -107.515
  471619.04  5886820.75   1.212010   0.000408   0.000848 -107.486
  471617.89  5886820.38   1.211511   0.000405   0.000841 -107.458
  471616.73  5886820.02   1.211015   0.000403   0.000835 -107.430
  471615.58  5886819.66   1.210524   0.000400   0.000829 -107.402
  471614.42  5886819.30   1.210037   0.000397   0.000822 -107.374
  471613.27  5886818.94   1.209554   0.000394   0.000816 -107.347
  471612.11  5886818.58   1.209076   0.000392   0.000809 -107.319
  471610.96  5886818.22   1.208601   0.000389   0.000803 -107.292
  471609.80  5886817.86   1.208130   0.000386   0.000797 -107.265
  471608.65  5886817.50   1.207664   0.000383   0.000790 -107.238
  471607.50  5886817.14   1.207202   0.000380   0.000784 -107.212
  471606.34  5886816.79   1.206744   0.000377   0.000777 -107.186
  471605.19  5886816.43   1.206290   0.000374   0.000771 -107.160
  471604.04  5886816.07   1.205840   0.000372   0.000764 -107.134
  471602.89  5886815.72   1.205395   0.000369   0.000758 -107.108
  471601.73  5886815.37   1.204953   0.000366   0.000751 -107.083
  471600.58  5886815.01   1.204516   0.000363   0.000745 -107.057
  471599.43  5886814.66   1.204082   0.000360   0.000738 -107.032
  471598.28  5886814.31   1.203653   0.000357   0.000732 -107.007
  471597.13  5886813.96   1.203228   0.000354   0.000725 -106.983
  471595.98  5886813.61   1.202806   0.000351   0.000719 -106.958
  471594.83  5886813.26   1.202389   0.000348   0.000712 -106.934
  471593.68  5886812.91   1.201976   0.000345   0.000706 -106.910
  471592.53  5886812.56   1.201567   0.000342   0.000699 -106.886
  471591.38  5886812.21   1.201162   0.000339   0.000692 -106.863
  471590.23  5886811.86   1.200762   0.000336   0.000686 -106.839
  471589.08  5886811.51   1.200365   0.000333   0.000679 -106.816
  471587.93  5886811.17   1.199972   0.000330   0.000673 -106.793
  471586.78  5886810.82   1.199583   0.000327   0.000666 -106.771
  471585.63  5886810.47   1.199198   0.000324   0.000660 -106.748
  471584.49  5886810.13   1.198818   0.000321   0.000653 -106.726
  471583.34  5886809.78   1.198441   0.000318   0.000646 -106.704
  471582.19  5886809.44   1.198068   0.000315   0.000640 -106.682
  471581.04  5886809.10   1.197699   0.000312   0.000633 -106.660
  471579.89  5886808.75   1.197335   0.000309   0.000626 -106.639
  471578.75  5886808.41   1.196974   0.000306   0.000620 -106.618
  471577.60  5886808.07   1.196617   0.000303   0.000613 -106.597
  471576.45  5886807.73   1.196264   0.000300   0.000607 -106.576
  471575.31  5886807.39   1.195916   0.000297   0.000600 -106.555
  471574.16  5886807.05   1.195571   0.000294   0.000593 -106.535
  471573.01  5886806.71   1.195230   0.000290   0.000587 -106.515
  471571.87  5886806.37   1.194893   0.000287   0.000580 -106.495
  471570.72  5886806.03   1.194560   0.000284   0.000573 -106.475
  471569.58  5886805.69   1.194231   0.000281   0.000567 -106.456
  471568.43  5886805.35   1.193906   0.000278   0.000560 -106.437
  471567.29  5886805.02   1.193585   0.000275   0.000553 -106.418
  471566.14  5886804.68   1.193268   0.000271   0.000547 -106.399
  471565.00  5886804.34   1.192954   0.000268   0.000540 -106.380
  471563.85  5886804.01   1.192645   0.000265   0.000533 -106.362
  471562.71  5886803.67   1.192340   0.000262   0.000526 -106.344
  471561.56  5886803.34   1.192038   0.000259   0.000520 -106.326
  471560.42  5886803.00   1.191740   0.000255   0.000513 -106.308
  471559.28  5886802.67   1.191447   0.000252   0.000506 -106.291
  471558.13  5886802.33   1.191157   0.000249   0.000500 -106.274
  471556.99  5886802.00   1.190871   0.000246   0.000493 -106.257
  471555.85  5886801.67   1.190589   0.000243   0.000486 -106.240
  471554.70  5886801.33   1.190311   0.000239   0.000479 -106.223
  471553.56  5886801.00   1.190037   0.000236   0.000473 -106.207
  471552.42  5886800.67   1.189767   0.000233   0.000466 -106.191
  471551.28  5886800.34   1.189500   0.000229   0.000459 -106.175
  471550.13  5886800.01   1.189238   0.000226   0.000452 -106.160
  471548.99  5886799.68   1.188979   0.000223   0.000446 -106.144
  471547.85  5886799.35   1.188724   0.000220   0.000439 -106.129
  471546.71  5886799.02   1.188473   0.000216   0.000432 -106.114
  471545.57  5886798.69   1.188226   0.000213   0.000425 -106.099
  471544.42  5886798.36   1.187983   0.000210   0.000419 -106.085
  471543.28  5886798.03   1.187743   0.000206   0.000412 -106.071
  471542.14  5886797.70   1.187508   0.000203   0.000405 -106.056
  471541.00  5886797.37   1.187276   0.000200   0.000398 -106.043
  471539.86  5886797.05   1.187048   0.000196   0.000391 -106.029
  471538.72  5886796.72   1.186824   0.000193   0.000385 -106.016
  471537.58  5886796.39   1.186604   0.000190   0.000378 -106.003
  471536.44  5886796.06   1.186388   0.000186   0.000371 -105.990
  471535.30  5886795.74   1.186175   0.000183   0.000364 -105.977
  471534.16  5886795.41   1.185967   0.000180   0.000357 -105.965
  471533.02  5886795.08   1.185762   0.000176   0.000351 -105.952
  471531.88  5886794.76   1.185561   0.000173   0.000344 -105.940
  471530.74  5886794.43   1.185364   0.000170   0.000337 -105.929
  471529.60  5886794.11   1.185170   0.000166   0.000330 -105.917
  471528.46  5886793.78   1.184981   0.000163   0.000323 -105.906
  471527.32  5886793.46   1.184795   0.000159   0.000316 -105.895
  471526.18  5886793.14   1.184613   0.000156   0.000310 -105.884
  471525.04  5886792.81   1.184435   0.000153   0.000303 -105.873
  471523.90  5886792.49   1.184260   0.000149   0.000296 -105.863
  471522.76  5886792.16   1.184090   0.000146   0.000289 -105.853
  471521.62  5886791.84   1.183923   0.000142   0.000282 -105.843
  471520.48  5886791.52   1.183760   0.000139   0.000275 -105.833
  471519.34  5886791.20   1.183601   0.000136   0.000269 -105.824
  471518.20  5886790.87   1.183445   0.000132   0.000262 -105.815
  471517.07  5886790.55   1.183294   0.000129   0.000255 -105.806
  471515.93  5886790.23   1.183146   0.000125   0.000248 -105.797
  471514.79  5886789.91   1.183002   0.000122   0.000241 -105.789
  471513.65  5886789.58   1.182861   0.000118   0.000234 -105.780
  471512.51  5886789.26   1.182725   0.000115   0.000227 -105.772
  471511.37  5886788.94   1.182592   0.000111   0.000220 -105.764
  471510.24  5886788.62   1.182463   0.000108   0.000214 -105.757
  471509.10  5886788.30   1.182338   0.000105   0.000207 -105.750
  471507.96  5886787.98   1.182217   0.000101   0.000200 -105.743
  471506.82  5886787.66   1.182099   0.000098   0.000193 -105.736
  471505.68  5886787.34   1.181985   0.000094   0.000186 -105.729
  471504.55  5886787.02   1.181875   0.000091   0.000179 -105.723
  471503.41  5886786.70   1.181769   0.000087   0.000172 -105.717
  471502.27  5886786.38   1.181666   0.000084   0.000165 -105.711
  471501.13  5886786.06   1.181567   0.000080   0.000159 -105.705
  471500.00  5886785.74   1.181472   0.000076   0.000151 -105.700
  471498.86  5886785.42   1.181381   0.000073   0.000143 -105.694
  471497.72  5886785.10   1.181294   0.000070   0.000138 -105.689
  471496.58  5886784.78   1.181210   0.000068   0.000134 -105.685
  471495.45  5886784.46   1.181128   0.000066   0.000129 -105.680
  471494.31  5886784.14   1.181049   0.000063   0.000125 -105.676
  471493.17  5886783.82   1.180973   0.000061   0.000121 -105.671
  471492.04  5886783.50   1.180899   0.000059   0.000116 -105.667
  471490.90  5886783.18   1.180828   0.000057   0.000112 -105.663
  471489.76  5886782.87   1.180760   0.000055   0.000108 -105.659
  471488.62  5886782.55   1.180695   0.000052   0.000103 -105.656
  471487.49  5886782.23   1.180632   0.000050   0.000099 -105.652
  471486.35  5886781.91   1.180571   0.000048   0.000095 -105.649
  471485.21  5886781.59   1.180514   0.000046   0.000091 -105.646
  471484.08  5886781.27   1.180459   0.000044   0.000086 -105.642
  471482.94  5886780.96   1.180407   0.000042   0.000082 -105.639
  471481.80  5886780.64   1.180357   0.000039   0.000078 -105.637
  471480.67  5886780.32   1.180311   0.000037   0.000073 -105.634
  471479.53  5886780.00   1.180267   0.000035   0.000069 -105.631
  471478.39  5886779.68   1.180225   0.000033   0.000065 -105.629
  471477.26  5886779.37   1.180186   0.000031   0.000060 -105.627
  471476.12  5886779.05   1.180150   0.000028   0.000056 -105.625
  471474.98  5886778.73   1.180117   0.000026   0.000052 -105.623
  471473.85  5886778.41   1.180086   0.000024   0.000047 -105.621
  471472.71  5886778.09   1.180058   0.000022   0.000043 -105.619
  471471.57  5886777.78   1.180032   0.000020   0.000039 -105.618
  471470.44  5886777.46   1.180010   0.000018   0.000035 -105.617
  471469.30  5886777.14   1.179990   0.000015   0.000030 -105.615
  471468.17  5886776.82   1.179972   0.000013   0.000026 -105.614
  471467.03  5886776.51   1.179958   0.000011   0.000022 -105.614
  471465.89  5886776.19   1.179946   0.000009   0.000017 -105.613
  471464.76  5886775.87   1.179936   0.000007   0.000013 -105.612
  471463.62  5886775.55   1.179930   0.000004   0.000008 -105.612
  471462.48  5886775.24   1.179927   0.000002   0.000004 -105.611
