  473391.02  5894813.48   2.785021   0.000001   0.000009    0.000
  473391.54  5894810.74   2.785681   0.000002   0.000017  169.383
  473392.05  5894808.01   2.786993   0.000003   0.000034  169.383
  473392.56  5894805.27   2.788292   0.000005   0.000051  169.384
  473393.08  5894802.52   2.789578   0.000006   0.000068  169.384
  473393.59  5894799.78   2.790851   0.000008   0.000085  169.385
  473394.10  5894797.04   2.792111   0.000009   0.000103  169.387
  473394.62  5894794.29   2.793358   0.000011   0.000120  169.388
  473395.13  5894791.55   2.794592   0.000012   0.000137  169.390
  473395.65  5894788.80   2.795813   0.000014   0.000154  169.392
  473396.16  5894786.05   2.797020   0.000015   0.000171  169.394
  473396.68  5894783.30   2.798215   0.000017   0.000188  169.397
  473397.19  5894780.55   2.799396   0.000018   0.000205  169.399
  473397.71  5894777.80   2.800565   0.000020   0.000222  169.402
  473398.22  5894775.04   2.801720   0.000022   0.000239  169.406
  473398.74  5894772.29   2.802862   0.000023   0.000256  169.409
  473399.25  5894769.53   2.803991   0.000025   0.000273  169.413
  473399.77  5894766.78   2.805107   0.000026   0.000290  169.417
  473400.28  5894764.02   2.806210   0.000028   0.000307  169.421
  473400.80  5894761.26   2.807300   0.000029   0.000324  169.425
  473401.31  5894758.50   2.808377   0.000031   0.000341  169.430
  473401.83  5894755.74   2.809441   0.000032   0.000358  169.435
  473402.34  5894752.98   2.810492   0.000034   0.000375  169.440
  473402.86  5894750.21   2.811530   0.000035   0.000392  169.445
  473403.37  5894747.45   2.812554   0.000037   0.000409  169.451
  473403.89  5894744.68   2.813566   0.000038   0.000426  169.457
  473404.40  5894741.92   2.814565   0.000040   0.000443  169.463
  473404.92  5894739.15   2.815550   0.000041   0.000460  169.469
  473405.43  5894736.38   2.816523   0.000043   0.000477  169.476
  473405.94  5894733.61   2.817482   0.000044   0.000494  169.483
  473406.46  5894730.84   2.818429   0.000045   0.000511  169.490
  473406.97  5894728.07   2.819362   0.000047   0.000528  169.497
  473407.49  5894725.30   2.820283   0.000048   0.000545  169.505
  473408.00  5894722.52   2.821190   0.000050   0.000562  169.513
  473408.51  5894719.75   2.822085   0.000051   0.000579  169.521
  473409.03  5894716.97   2.822966   0.000053   0.000596  169.529
  473409.54  5894714.19   2.823835   0.000054   0.000613  169.538
  473410.05  5894711.42   2.824690   0.000056   0.000630  169.547
  473410.56  5894708.64   2.825533   0.000057   0.000647  169.556
  473411.07  5894705.86   2.826362   0.000059   0.000665  169.565
  473411.59  5894703.08   2.827177   0.000060   0.000683  169.574
  473412.10  5894700.30   2.827979   0.000062   0.000698  169.584
  473412.61  5894697.52   2.828771   0.000063   0.000709  169.594
  473413.12  5894694.73   2.829555   0.000064   0.000720  169.604
  473413.63  5894691.95   2.830329   0.000065   0.000732  169.615
  473414.14  5894689.17   2.831094   0.000066   0.000743  169.625
  473414.65  5894686.38   2.831850   0.000067   0.000754  169.636
  473415.16  5894683.59   2.832596   0.000067   0.000766  169.647
  473415.67  5894680.81   2.833334   0.000068   0.000777  169.657
  473416.17  5894678.02   2.834062   0.000069   0.000788  169.669
  473416.68  5894675.23   2.834782   0.000070   0.000800  169.680
  473417.19  5894672.44   2.835492   0.000071   0.000811  169.691
  473417.70  5894669.65   2.836193   0.000072   0.000822  169.703
  473418.20  5894666.86   2.836884   0.000073   0.000834  169.715
  473418.71  5894664.07   2.837567   0.000074   0.000845  169.727
  473419.21  5894661.28   2.838241   0.000075   0.000856  169.739
  473419.72  5894658.48   2.838905   0.000076   0.000868  169.751
  473420.22  5894655.69   2.839560   0.000077   0.000879  169.763
  473420.73  5894652.89   2.840207   0.000078   0.000890  169.776
  473421.23  5894650.10   2.840844   0.000079   0.000902  169.788
  473421.73  5894647.30   2.841472   0.000080   0.000913  169.801
  473422.24  5894644.51   2.842091   0.000081   0.000924  169.814
  473422.74  5894641.71   2.842701   0.000082   0.000936  169.827
  473423.24  5894638.91   2.843301   0.000083   0.000947  169.841
  473423.74  5894636.11   2.843893   0.000084   0.000959  169.854
  473424.24  5894633.31   2.844476   0.000085   0.000970  169.868
  473424.74  5894630.51   2.845049   0.000086   0.000981  169.882
  473425.24  5894627.71   2.845615   0.000087   0.000993  169.896
  473425.74  5894624.91   2.846173   0.000088   0.001004  169.910
  473426.24  5894622.10   2.846717   0.000089   0.001015  169.924
  473426.73  5894619.30   2.847250   0.000090   0.001027  169.939
  473427.23  5894616.50   2.847770   0.000091   0.001038  169.953
  473427.73  5894613.69   2.848278   0.000091   0.001050  169.968
  473428.22  5894610.89   2.848774   0.000092   0.001061  169.983
  473428.72  5894608.08   2.849258   0.000093   0.001073  169.998
  473429.21  5894605.28   2.849729   0.000094   0.001084  170.013
  473429.71  5894602.47   2.850188   0.000095   0.001095  170.029
  473430.20  5894599.66   2.850635   0.000096   0.001107  170.044
  473430.69  5894596.85   2.851069   0.000097   0.001118  170.060
  473431.18  5894594.04   2.851492   0.000098   0.001130  170.076
  473431.67  5894591.24   2.851902   0.000099   0.001141  170.092
  473432.16  5894588.43   2.852300   0.000100   0.001153  170.108
  473432.65  5894585.62   2.852686   0.000101   0.001164  170.125
  473433.14  5894582.81   2.853060   0.000102   0.001176  170.141
  473433.63  5894579.99   2.853421   0.000103   0.001187  170.158
  473434.11  5894577.18   2.853771   0.000104   0.001199  170.175
  473434.60  5894574.37   2.854108   0.000105   0.001210  170.192
  473435.09  5894571.56   2.854433   0.000106   0.001222  170.209
  473435.57  5894568.74   2.854746   0.000107   0.001233  170.226
  473436.05  5894565.93   2.855047   0.000108   0.001245  170.244
  473436.54  5894563.12   2.855335   0.000109   0.001256  170.261
  473437.02  5894560.30   2.855612   0.000110   0.001269  170.279
  473437.50  5894557.49   2.855875   0.000111   0.001281  170.297
  473437.98  5894554.67   2.856126   0.000112   0.001291  170.315
  473438.46  5894551.86   2.856367   0.000113   0.001299  170.334
  473438.94  5894549.04   2.856600   0.000113   0.001307  170.352
  473439.42  5894546.22   2.856823   0.000114   0.001315  170.371
  473439.89  5894543.41   2.857037   0.000115   0.001323  170.389
  473440.37  5894540.59   2.857242   0.000115   0.001332  170.408
  473440.85  5894537.77   2.857437   0.000116   0.001340  170.427
  473441.32  5894534.95   2.857624   0.000117   0.001348  170.446
  473441.79  5894532.14   2.857801   0.000117   0.001356  170.465
  473442.27  5894529.32   2.857969   0.000118   0.001364  170.484
  473442.74  5894526.50   2.858128   0.000119   0.001372  170.504
  473443.21  5894523.68   2.858278   0.000119   0.001380  170.523
  473443.68  5894520.86   2.858418   0.000120   0.001389  170.543
  473444.15  5894518.04   2.858550   0.000121   0.001397  170.562
  473444.61  5894515.22   2.858672   0.000122   0.001405  170.582
  473445.08  5894512.40   2.858785   0.000122   0.001413  170.602
  473445.55  5894509.58   2.858889   0.000123   0.001421  170.622
  473446.01  5894506.76   2.858984   0.000124   0.001430  170.642
  473446.48  5894503.94   2.859070   0.000124   0.001438  170.662
  473446.94  5894501.12   2.859146   0.000125   0.001446  170.683
  473447.40  5894498.29   2.859214   0.000126   0.001454  170.703
  473447.86  5894495.47   2.859272   0.000127   0.001463  170.724
  473448.32  5894492.65   2.859322   0.000127   0.001471  170.745
  473448.78  5894489.83   2.859362   0.000128   0.001479  170.765
  473449.24  5894487.00   2.859393   0.000129   0.001487  170.786
  473449.69  5894484.18   2.859415   0.000129   0.001496  170.808
  473450.15  5894481.36   2.859428   0.000130   0.001504  170.829
  473450.61  5894478.54   2.859432   0.000131   0.001512  170.850
  473451.06  5894475.71   2.859427   0.000132   0.001521  170.871
  473451.51  5894472.89   2.859413   0.000132   0.001529  170.893
  473451.96  5894470.07   2.859390   0.000133   0.001537  170.915
  473452.41  5894467.24   2.859358   0.000134   0.001546  170.936
  473452.86  5894464.42   2.859316   0.000134   0.001554  170.958
  473453.31  5894461.59   2.859266   0.000135   0.001563  170.980
  473453.76  5894458.77   2.859207   0.000136   0.001571  171.003
  473454.20  5894455.95   2.859138   0.000137   0.001579  171.025
  473454.65  5894453.12   2.859061   0.000137   0.001588  171.047
  473455.09  5894450.30   2.858975   0.000138   0.001596  171.070
  473455.54  5894447.47   2.858879   0.000139   0.001605  171.092
  473455.98  5894444.65   2.858775   0.000140   0.001613  171.115
  473456.42  5894441.82   2.858662   0.000140   0.001621  171.138
  473456.86  5894439.00   2.858540   0.000141   0.001630  171.161
  473457.29  5894436.17   2.858408   0.000142   0.001638  171.184
  473457.73  5894433.35   2.858268   0.000143   0.001647  171.207
  473458.17  5894430.53   2.858119   0.000143   0.001655  171.231
  473458.60  5894427.70   2.857961   0.000144   0.001664  171.254
  473459.04  5894424.88   2.857794   0.000145   0.001672  171.278
  473459.47  5894422.05   2.857618   0.000146   0.001681  171.301
  473459.90  5894419.23   2.857433   0.000146   0.001689  171.325
  473460.33  5894416.40   2.857240   0.000147   0.001698  171.349
  473460.76  5894413.58   2.857037   0.000148   0.001707  171.373
  473461.18  5894410.75   2.856825   0.000149   0.001715  171.397
  473461.61  5894407.93   2.856605   0.000149   0.001724  171.422
  473462.04  5894405.10   2.856376   0.000150   0.001732  171.446
  473462.46  5894402.28   2.856138   0.000151   0.001741  171.471
  473462.88  5894399.45   2.855891   0.000152   0.001749  171.495
  473463.30  5894396.63   2.855635   0.000152   0.001758  171.520
  473463.72  5894393.80   2.855370   0.000153   0.001767  171.545
  473464.14  5894390.98   2.855096   0.000154   0.001775  171.570
  473464.56  5894388.16   2.854814   0.000155   0.001784  171.595
  473464.97  5894385.33   2.854523   0.000156   0.001793  171.621
  473465.39  5894382.51   2.854223   0.000156   0.001801  171.646
  473465.80  5894379.68   2.853914   0.000157   0.001810  171.672
  473466.21  5894376.86   2.853596   0.000158   0.001819  171.697
  473466.63  5894374.04   2.853270   0.000159   0.001828  171.723
  473467.03  5894371.21   2.852935   0.000160   0.001836  171.749
  473467.44  5894368.39   2.852591   0.000160   0.001845  171.775
  473467.85  5894365.57   2.852238   0.000161   0.001854  171.801
  473468.25  5894362.74   2.851876   0.000162   0.001863  171.828
  473468.66  5894359.92   2.851506   0.000163   0.001871  171.854
  473469.06  5894357.10   2.851127   0.000164   0.001880  171.881
  473469.46  5894354.27   2.850740   0.000164   0.001889  171.908
  473469.86  5894351.45   2.850343   0.000165   0.001898  171.934
  473470.26  5894348.63   2.849938   0.000166   0.001907  171.961
  473470.66  5894345.81   2.849524   0.000167   0.001916  171.989
  473471.05  5894342.99   2.849102   0.000168   0.001924  172.016
  473471.45  5894340.16   2.848670   0.000168   0.001933  172.043
  473471.84  5894337.34   2.848230   0.000169   0.001942  172.071
  473472.23  5894334.52   2.847782   0.000170   0.001952  172.098
  473472.62  5894331.70   2.847321   0.000171   0.001963  172.126
  473473.01  5894328.88   2.846851   0.000172   0.001969  172.154
  473473.40  5894326.06   2.846380   0.000172   0.001973  172.182
  473473.79  5894323.24   2.845909   0.000173   0.001977  172.210
  473474.17  5894320.42   2.845436   0.000173   0.001981  172.238
  473474.55  5894317.60   2.844961   0.000173   0.001984  172.266
  473474.93  5894314.78   2.844486   0.000174   0.001988  172.295
  473475.31  5894311.96   2.844010   0.000174   0.001992  172.323
  473475.69  5894309.15   2.843533   0.000175   0.001996  172.351
  473476.07  5894306.33   2.843054   0.000175   0.002000  172.380
  473476.44  5894303.51   2.842575   0.000175   0.002004  172.408
  473476.82  5894300.69   2.842094   0.000176   0.002008  172.437
  473477.19  5894297.87   2.841613   0.000176   0.002011  172.465
  473477.56  5894295.06   2.841130   0.000177   0.002015  172.494
  473477.93  5894292.24   2.840646   0.000177   0.002019  172.523
  473478.30  5894289.42   2.840161   0.000177   0.002023  172.552
  473478.67  5894286.61   2.839675   0.000178   0.002027  172.581
  473479.03  5894283.79   2.839188   0.000178   0.002031  172.609
  473479.40  5894280.98   2.838700   0.000179   0.002035  172.638
  473479.76  5894278.16   2.838211   0.000179   0.002039  172.667
  473480.12  5894275.35   2.837721   0.000179   0.002042  172.697
  473480.48  5894272.53   2.837230   0.000180   0.002046  172.726
  473480.84  5894269.72   2.836738   0.000180   0.002050  172.755
  473481.19  5894266.90   2.836245   0.000181   0.002054  172.784
  473481.55  5894264.09   2.835751   0.000181   0.002058  172.814
  473481.90  5894261.28   2.835255   0.000181   0.002062  172.843
  473482.25  5894258.46   2.834759   0.000182   0.002066  172.872
  473482.60  5894255.65   2.834262   0.000182   0.002070  172.902
  473482.95  5894252.84   2.833764   0.000183   0.002074  172.932
  473483.30  5894250.03   2.833265   0.000183   0.002077  172.961
  473483.64  5894247.21   2.832764   0.000183   0.002081  172.991
  473483.99  5894244.40   2.832263   0.000184   0.002085  173.021
  473484.33  5894241.59   2.831761   0.000184   0.002089  173.050
  473484.67  5894238.78   2.831258   0.000185   0.002093  173.080
  473485.01  5894235.97   2.830754   0.000185   0.002097  173.110
  473485.35  5894233.16   2.830248   0.000185   0.002101  173.140
  473485.69  5894230.35   2.829742   0.000186   0.002106  173.170
  473486.02  5894227.54   2.829234   0.000186   0.002109  173.201
  473486.36  5894224.73   2.828727   0.000187   0.002111  173.231
  473486.69  5894221.92   2.828220   0.000187   0.002114  173.261
  473487.02  5894219.11   2.827713   0.000187   0.002116  173.291
  473487.35  5894216.31   2.827207   0.000187   0.002119  173.322
  473487.67  5894213.50   2.826701   0.000188   0.002121  173.352
  473488.00  5894210.69   2.826195   0.000188   0.002124  173.382
  473488.32  5894207.88   2.825690   0.000188   0.002126  173.413
  473488.65  5894205.08   2.825185   0.000189   0.002128  173.443
  473488.97  5894202.27   2.824681   0.000189   0.002131  173.474
  473489.29  5894199.46   2.824177   0.000189   0.002133  173.504
  473489.60  5894196.66   2.823673   0.000189   0.002136  173.535
  473489.92  5894193.85   2.823170   0.000190   0.002138  173.566
  473490.24  5894191.05   2.822667   0.000190   0.002141  173.596
  473490.55  5894188.24   2.822165   0.000190   0.002145  173.627
  473490.86  5894185.44   2.821662   0.000191   0.002149  173.658
  473491.17  5894182.63   2.821160   0.000191   0.002148  173.689
  473491.48  5894179.83   2.820659   0.000191   0.002144  173.720
  473491.79  5894177.02   2.820159   0.000190   0.002140  173.750
  473492.09  5894174.22   2.819661   0.000190   0.002135  173.781
  473492.40  5894171.42   2.819164   0.000190   0.002131  173.812
  473492.70  5894168.62   2.818668   0.000189   0.002127  173.842
  473493.00  5894165.81   2.818173   0.000189   0.002123  173.873
  473493.30  5894163.01   2.817680   0.000189   0.002118  173.904
  473493.60  5894160.21   2.817187   0.000188   0.002114  173.934
  473493.89  5894157.41   2.816696   0.000188   0.002110  173.964
  473494.19  5894154.61   2.816206   0.000188   0.002106  173.995
  473494.48  5894151.81   2.815717   0.000187   0.002101  174.025
  473494.77  5894149.01   2.815230   0.000187   0.002097  174.055
  473495.06  5894146.21   2.814743   0.000187   0.002093  174.085
  473495.35  5894143.41   2.814258   0.000186   0.002089  174.116
  473495.64  5894140.61   2.813774   0.000186   0.002084  174.146
  473495.92  5894137.81   2.813291   0.000186   0.002080  174.176
  473496.21  5894135.01   2.812809   0.000186   0.002076  174.206
  473496.49  5894132.21   2.812328   0.000185   0.002071  174.235
  473496.77  5894129.41   2.811849   0.000185   0.002067  174.265
  473497.05  5894126.62   2.811371   0.000185   0.002063  174.295
  473497.33  5894123.82   2.810893   0.000184   0.002059  174.325
  473497.60  5894121.02   2.810417   0.000184   0.002054  174.354
  473497.88  5894118.22   2.809942   0.000184   0.002050  174.384
  473498.15  5894115.43   2.809468   0.000183   0.002046  174.414
  473498.42  5894112.63   2.808996   0.000183   0.002042  174.443
  473498.70  5894109.84   2.808524   0.000183   0.002037  174.473
  473498.96  5894107.04   2.808054   0.000182   0.002033  174.502
  473499.23  5894104.25   2.807584   0.000182   0.002029  174.531
  473499.50  5894101.45   2.807116   0.000182   0.002024  174.561
  473499.76  5894098.66   2.806649   0.000181   0.002020  174.590
  473500.03  5894095.86   2.806183   0.000181   0.002016  174.619
  473500.29  5894093.07   2.805718   0.000181   0.002011  174.648
  473500.55  5894090.28   2.805254   0.000180   0.002007  174.677
  473500.81  5894087.48   2.804791   0.000180   0.002003  174.706
  473501.06  5894084.69   2.804329   0.000180   0.001999  174.735
  473501.32  5894081.90   2.803868   0.000179   0.001994  174.764
  473501.57  5894079.11   2.803409   0.000179   0.001990  174.793
  473501.83  5894076.31   2.802950   0.000179   0.001986  174.821
  473502.08  5894073.52   2.802492   0.000178   0.001981  174.850
  473502.33  5894070.73   2.802036   0.000178   0.001977  174.879
  473502.58  5894067.94   2.801580   0.000178   0.001973  174.907
  473502.83  5894065.15   2.801126   0.000177   0.001968  174.936
  473503.07  5894062.36   2.800673   0.000177   0.001964  174.964
  473503.32  5894059.57   2.800220   0.000177   0.001960  174.993
  473503.56  5894056.78   2.799769   0.000176   0.001955  175.021
  473503.80  5894053.99   2.799317   0.000176   0.001951  175.049
  473504.04  5894051.20   2.798867   0.000176   0.001947  175.078
  473504.28  5894048.41   2.798420   0.000175   0.001943  175.106
  473504.52  5894045.63   2.797976   0.000175   0.001939  175.134
  473504.75  5894042.84   2.797534   0.000175   0.001935  175.162
  473504.99  5894040.05   2.797096   0.000175   0.001932  175.190
  473505.22  5894037.26   2.796661   0.000174   0.001928  175.218
  473505.45  5894034.48   2.796229   0.000174   0.001924  175.246
  473505.68  5894031.69   2.795800   0.000174   0.001920  175.274
  473505.91  5894028.90   2.795373   0.000173   0.001916  175.302
  473506.14  5894026.12   2.794950   0.000173   0.001913  175.330
  473506.36  5894023.33   2.794530   0.000173   0.001909  175.357
  473506.59  5894020.55   2.794113   0.000173   0.001905  175.385
  473506.81  5894017.76   2.793699   0.000172   0.001901  175.413
  473507.04  5894014.98   2.793287   0.000172   0.001897  175.440
  473507.26  5894012.19   2.792879   0.000172   0.001893  175.468
  473507.48  5894009.41   2.792474   0.000171   0.001890  175.495
  473507.69  5894006.63   2.792072   0.000171   0.001886  175.523
  473507.91  5894003.84   2.791672   0.000171   0.001882  175.550
  473508.13  5894001.06   2.791276   0.000170   0.001878  175.577
  473508.34  5893998.28   2.790883   0.000170   0.001874  175.604
  473508.55  5893995.49   2.790492   0.000170   0.001870  175.632
  473508.76  5893992.71   2.790105   0.000170   0.001866  175.659
  473508.97  5893989.93   2.789720   0.000169   0.001863  175.686
  473509.18  5893987.15   2.789338   0.000169   0.001859  175.713
  473509.39  5893984.37   2.788960   0.000169   0.001855  175.740
  473509.59  5893981.58   2.788584   0.000168   0.001851  175.767
  473509.80  5893978.80   2.788211   0.000168   0.001847  175.794
  473510.00  5893976.02   2.787841   0.000168   0.001843  175.821
  473510.20  5893973.24   2.787474   0.000167   0.001839  175.847
  473510.40  5893970.46   2.787110   0.000167   0.001835  175.874
  473510.60  5893967.68   2.786749   0.000167   0.001831  175.901
  473510.80  5893964.90   2.786391   0.000166   0.001828  175.927
  473511.00  5893962.12   2.786036   0.000166   0.001824  175.954
  473511.19  5893959.35   2.785683   0.000166   0.001820  175.981
  473511.39  5893956.57   2.785334   0.000166   0.001816  176.007
  473511.58  5893953.79   2.784987   0.000165   0.001812  176.033
  473511.77  5893951.01   2.784644   0.000165   0.001808  176.060
  473511.96  5893948.23   2.784303   0.000165   0.001804  176.086
  473512.15  5893945.45   2.783965   0.000164   0.001800  176.112
  473512.34  5893942.68   2.783630   0.000164   0.001796  176.139
  473512.52  5893939.90   2.783298   0.000164   0.001792  176.165
  473512.71  5893937.12   2.782968   0.000163   0.001788  176.191
  473512.89  5893934.35   2.782642   0.000163   0.001784  176.217
  473513.07  5893931.57   2.782318   0.000163   0.001780  176.243
  473513.26  5893928.79   2.781998   0.000162   0.001776  176.269
  473513.44  5893926.02   2.781680   0.000162   0.001772  176.295
  473513.61  5893923.24   2.781365   0.000162   0.001769  176.320
  473513.79  5893920.47   2.781053   0.000161   0.001765  176.346
  473513.97  5893917.69   2.780744   0.000161   0.001761  176.372
  473514.14  5893914.92   2.780437   0.000161   0.001757  176.398
  473514.32  5893912.14   2.780134   0.000160   0.001753  176.423
  473514.49  5893909.37   2.779833   0.000160   0.001749  176.449
  473514.66  5893906.59   2.779535   0.000160   0.001745  176.474
  473514.83  5893903.82   2.779240   0.000159   0.001741  176.500
  473515.00  5893901.04   2.778948   0.000159   0.001737  176.525
  473515.16  5893898.27   2.778658   0.000159   0.001733  176.550
  473515.33  5893895.50   2.778372   0.000158   0.001729  176.576
  473515.49  5893892.72   2.778088   0.000158   0.001725  176.601
  473515.66  5893889.95   2.777807   0.000158   0.001721  176.626
  473515.82  5893887.18   2.777529   0.000157   0.001717  176.651
  473515.98  5893884.40   2.777253   0.000157   0.001713  176.676
  473516.14  5893881.63   2.776981   0.000157   0.001709  176.701
  473516.30  5893878.86   2.776711   0.000156   0.001705  176.726
  473516.46  5893876.09   2.776444   0.000156   0.001701  176.751
  473516.61  5893873.31   2.776180   0.000156   0.001697  176.776
  473516.77  5893870.54   2.775918   0.000155   0.001693  176.800
  473516.92  5893867.77   2.775660   0.000155   0.001688  176.825
  473517.07  5893865.00   2.775404   0.000155   0.001684  176.850
  473517.23  5893862.23   2.775151   0.000154   0.001680  176.874
  473517.38  5893859.46   2.774900   0.000154   0.001676  176.899
  473517.53  5893856.69   2.774653   0.000154   0.001672  176.923
  473517.67  5893853.92   2.774408   0.000153   0.001668  176.948
  473517.82  5893851.15   2.774166   0.000153   0.001664  176.972
  473517.96  5893848.38   2.773927   0.000153   0.001660  176.996
  473518.11  5893845.61   2.773690   0.000152   0.001656  177.021
  473518.25  5893842.84   2.773456   0.000152   0.001652  177.045
  473518.39  5893840.07   2.773225   0.000151   0.001648  177.069
  473518.53  5893837.30   2.772996   0.000151   0.001644  177.093
  473518.67  5893834.53   2.772771   0.000151   0.001640  177.117
  473518.81  5893831.76   2.772549   0.000151   0.001637  177.141
  473518.95  5893828.99   2.772330   0.000150   0.001634  177.165
  473519.09  5893826.22   2.772115   0.000150   0.001630  177.189
  473519.22  5893823.45   2.771902   0.000150   0.001627  177.213
  473519.35  5893820.68   2.771693   0.000149   0.001623  177.236
  473519.49  5893817.91   2.771488   0.000149   0.001620  177.260
  473519.62  5893815.15   2.771285   0.000149   0.001616  177.284
  473519.75  5893812.38   2.771086   0.000149   0.001613  177.307
  473519.88  5893809.61   2.770889   0.000148   0.001610  177.331
  473520.00  5893806.84   2.770697   0.000148   0.001606  177.355
  473520.13  5893804.07   2.770507   0.000148   0.001603  177.378
  473520.26  5893801.31   2.770320   0.000147   0.001599  177.401
  473520.38  5893798.54   2.770137   0.000147   0.001596  177.425
  473520.50  5893795.77   2.769957   0.000147   0.001592  177.448
  473520.63  5893793.01   2.769780   0.000146   0.001589  177.471
  473520.75  5893790.24   2.769607   0.000146   0.001585  177.495
  473520.87  5893787.47   2.769436   0.000146   0.001582  177.518
  473520.99  5893784.70   2.769269   0.000146   0.001578  177.541
  473521.10  5893781.94   2.769105   0.000145   0.001575  177.564
  473521.22  5893779.17   2.768944   0.000145   0.001571  177.587
  473521.34  5893776.40   2.768786   0.000145   0.001568  177.610
  473521.45  5893773.64   2.768632   0.000144   0.001564  177.633
  473521.56  5893770.87   2.768481   0.000144   0.001561  177.656
  473521.68  5893768.11   2.768333   0.000144   0.001557  177.679
  473521.79  5893765.34   2.768188   0.000143   0.001554  177.702
  473521.90  5893762.57   2.768046   0.000143   0.001550  177.724
  473522.01  5893759.81   2.767908   0.000143   0.001547  177.747
  473522.11  5893757.04   2.767772   0.000142   0.001543  177.770
  473522.22  5893754.28   2.767640   0.000142   0.001540  177.792
  473522.33  5893751.51   2.767511   0.000142   0.001536  177.815
  473522.43  5893748.75   2.767385   0.000142   0.001533  177.837
  473522.53  5893745.98   2.767262   0.000141   0.001529  177.860
  473522.64  5893743.22   2.767143   0.000141   0.001526  177.882
  473522.74  5893740.45   2.767026   0.000141   0.001522  177.905
  473522.84  5893737.68   2.766913   0.000140   0.001519  177.927
  473522.94  5893734.92   2.766803   0.000140   0.001515  177.949
  473523.03  5893732.15   2.766696   0.000140   0.001512  177.971
  473523.13  5893729.39   2.766592   0.000139   0.001508  177.993
  473523.23  5893726.62   2.766491   0.000139   0.001504  178.015
  473523.32  5893723.86   2.766394   0.000139   0.001501  178.037
  473523.42  5893721.10   2.766299   0.000138   0.001497  178.059
  473523.51  5893718.33   2.766208   0.000138   0.001494  178.081
  473523.60  5893715.57   2.766120   0.000138   0.001490  178.103
  473523.69  5893712.80   2.766035   0.000137   0.001487  178.125
  473523.78  5893710.04   2.765953   0.000137   0.001483  178.147
  473523.87  5893707.27   2.765874   0.000137   0.001479  178.169
  473523.95  5893704.51   2.765799   0.000136   0.001476  178.190
  473524.04  5893701.74   2.765726   0.000136   0.001472  178.212
  473524.13  5893698.98   2.765656   0.000136   0.001469  178.233
  473524.21  5893696.21   2.765590   0.000135   0.001465  178.255
  473524.29  5893693.45   2.765527   0.000135   0.001462  178.276
  473524.38  5893690.69   2.765467   0.000135   0.001458  178.298
  473524.46  5893687.92   2.765410   0.000134   0.001454  178.319
  473524.54  5893685.16   2.765356   0.000134   0.001451  178.340
  473524.62  5893682.39   2.765305   0.000134   0.001447  178.362
  473524.69  5893679.63   2.765257   0.000134   0.001444  178.383
  473524.77  5893676.87   2.765212   0.000133   0.001440  178.404
  473524.85  5893674.10   2.765171   0.000133   0.001435  178.425
  473524.92  5893671.34   2.765133   0.000132   0.001430  178.446
  473525.00  5893668.57   2.765098   0.000132   0.001425  178.467
  473525.07  5893665.81   2.765066   0.000131   0.001419  178.488
  473525.14  5893663.04   2.765038   0.000131   0.001414  178.509
  473525.21  5893660.28   2.765013   0.000130   0.001409  178.530
  473525.28  5893657.52   2.764991   0.000130   0.001404  178.550
  473525.35  5893654.75   2.764973   0.000129   0.001399  178.571
  473525.42  5893651.99   2.764958   0.000129   0.001394  178.591
  473525.49  5893649.22   2.764946   0.000128   0.001389  178.612
  473525.55  5893646.46   2.764938   0.000128   0.001384  178.632
  473525.62  5893643.70   2.764933   0.000127   0.001378  178.652
  473525.68  5893640.93   2.764931   0.000127   0.001373  178.673
  473525.74  5893638.17   2.764932   0.000127   0.001368  178.693
  473525.81  5893635.40   2.764937   0.000126   0.001363  178.713
  473525.87  5893632.64   2.764945   0.000126   0.001358  178.733
  473525.93  5893629.87   2.764956   0.000125   0.001353  178.753
  473525.99  5893627.11   2.764971   0.000125   0.001348  178.772
  473526.05  5893624.35   2.764989   0.000124   0.001342  178.792
  473526.10  5893621.58   2.765010   0.000124   0.001337  178.812
  473526.16  5893618.82   2.765034   0.000123   0.001332  178.831
  473526.21  5893616.05   2.765061   0.000123   0.001327  178.851
  473526.27  5893613.29   2.765092   0.000122   0.001322  178.870
  473526.32  5893610.52   2.765126   0.000122   0.001316  178.890
  473526.38  5893607.76   2.765163   0.000121   0.001311  178.909
  473526.43  5893604.99   2.765204   0.000121   0.001306  178.928
  473526.48  5893602.23   2.765247   0.000120   0.001301  178.947
  473526.53  5893599.46   2.765294   0.000120   0.001296  178.966
  473526.58  5893596.70   2.765344   0.000119   0.001291  178.985
  473526.62  5893593.93   2.765398   0.000119   0.001285  179.004
  473526.67  5893591.17   2.765454   0.000118   0.001280  179.023
  473526.72  5893588.40   2.765514   0.000118   0.001275  179.042
  473526.76  5893585.64   2.765577   0.000117   0.001270  179.061
  473526.81  5893582.87   2.765643   0.000117   0.001265  179.079
  473526.85  5893580.11   2.765713   0.000116   0.001259  179.098
  473526.89  5893577.34   2.765785   0.000116   0.001254  179.116
  473526.94  5893574.58   2.765861   0.000115   0.001249  179.135
  473526.98  5893571.81   2.765940   0.000115   0.001243  179.153
  473527.02  5893569.05   2.766022   0.000114   0.001238  179.171
  473527.06  5893566.28   2.766107   0.000114   0.001233  179.189
  473527.09  5893563.51   2.766196   0.000114   0.001230  179.207
  473527.13  5893560.75   2.766287   0.000113   0.001226  179.225
  473527.17  5893557.98   2.766382   0.000113   0.001222  179.243
  473527.20  5893555.22   2.766480   0.000113   0.001218  179.261
  473527.24  5893552.45   2.766582   0.000112   0.001215  179.279
  473527.27  5893549.68   2.766686   0.000112   0.001211  179.297
  473527.31  5893546.92   2.766794   0.000112   0.001207  179.314
  473527.34  5893544.15   2.766905   0.000111   0.001203  179.332
  473527.37  5893541.38   2.767019   0.000111   0.001200  179.350
  473527.40  5893538.62   2.767136   0.000110   0.001196  179.367
  473527.43  5893535.85   2.767257   0.000110   0.001192  179.385
  473527.46  5893533.08   2.767380   0.000110   0.001188  179.402
  473527.49  5893530.32   2.767507   0.000109   0.001185  179.420
  473527.51  5893527.55   2.767637   0.000109   0.001181  179.437
  473527.54  5893524.78   2.767770   0.000109   0.001177  179.454
  473527.57  5893522.01   2.767906   0.000108   0.001173  179.472
  473527.59  5893519.24   2.768046   0.000108   0.001170  179.489
  473527.61  5893516.48   2.768189   0.000108   0.001166  179.506
  473527.64  5893513.71   2.768334   0.000107   0.001162  179.523
  473527.66  5893510.94   2.768483   0.000107   0.001158  179.540
  473527.68  5893508.17   2.768636   0.000107   0.001155  179.557
  473527.70  5893505.40   2.768791   0.000106   0.001151  179.574
  473527.72  5893502.63   2.768949   0.000106   0.001147  179.591
  473527.74  5893499.87   2.769111   0.000105   0.001143  179.607
  473527.76  5893497.10   2.769276   0.000105   0.001139  179.624
  473527.78  5893494.33   2.769444   0.000105   0.001136  179.641
  473527.79  5893491.56   2.769615   0.000104   0.001132  179.657
  473527.81  5893488.79   2.769789   0.000104   0.001128  179.674
  473527.82  5893486.02   2.769966   0.000104   0.001124  179.690
  473527.84  5893483.25   2.770147   0.000103   0.001120  179.707
  473527.85  5893480.48   2.770330   0.000103   0.001117  179.723
  473527.86  5893477.71   2.770517   0.000103   0.001113  179.740
  473527.87  5893474.94   2.770707   0.000102   0.001109  179.756
  473527.89  5893472.17   2.770900   0.000102   0.001105  179.772
  473527.90  5893469.39   2.771096   0.000101   0.001101  179.788
  473527.91  5893466.62   2.771295   0.000101   0.001098  179.804
  473527.91  5893463.85   2.771497   0.000101   0.001094  179.820
  473527.92  5893461.08   2.771703   0.000100   0.001090  179.836
  473527.93  5893458.31   2.771911   0.000100   0.001086  179.852
  473527.94  5893455.54   2.772123   0.000100   0.001082  179.868
  473527.94  5893452.76   2.772338   0.000099   0.001079  179.884
  473527.95  5893449.99   2.772556   0.000099   0.001075  179.900
  473527.95  5893447.22   2.772777   0.000098   0.001071  179.915
  473527.95  5893444.45   2.773001   0.000098   0.001067  179.931
  473527.96  5893441.67   2.773228   0.000098   0.001063  179.947
  473527.96  5893438.90   2.773459   0.000097   0.001059  179.962
  473527.96  5893436.13   2.773692   0.000097   0.001056  179.978
  473527.96  5893433.35   2.773929   0.000097   0.001052  179.993
  473527.96  5893430.58   2.774168   0.000096   0.001048 -179.992
  473527.96  5893427.80   2.774411   0.000096   0.001044 -179.976
  473527.96  5893425.03   2.774657   0.000096   0.001040 -179.961
  473527.95  5893422.26   2.774906   0.000095   0.001036 -179.946
  473527.95  5893419.48   2.775158   0.000095   0.001033 -179.931
  473527.95  5893416.70   2.775413   0.000094   0.001029 -179.916
  473527.94  5893413.93   2.775671   0.000094   0.001025 -179.901
  473527.94  5893411.15   2.775932   0.000094   0.001021 -179.886
  473527.93  5893408.38   2.776197   0.000093   0.001017 -179.871
  473527.92  5893405.60   2.776464   0.000093   0.001013 -179.856
  473527.91  5893402.82   2.776735   0.000093   0.001009 -179.841
  473527.91  5893400.05   2.777008   0.000092   0.001006 -179.826
  473527.90  5893397.27   2.777285   0.000092   0.001002 -179.812
  473527.89  5893394.49   2.777564   0.000091   0.000998 -179.797
  473527.88  5893391.72   2.777847   0.000091   0.000994 -179.782
  473527.87  5893388.94   2.778133   0.000091   0.000990 -179.768
  473527.85  5893386.16   2.778422   0.000090   0.000986 -179.754
  473527.84  5893383.38   2.778714   0.000090   0.000982 -179.739
  473527.83  5893380.60   2.779009   0.000090   0.000979 -179.725
  473527.81  5893377.82   2.779307   0.000089   0.000975 -179.711
  473527.80  5893375.04   2.779608   0.000089   0.000971 -179.696
  473527.78  5893372.26   2.779912   0.000088   0.000967 -179.682
  473527.77  5893369.48   2.780219   0.000088   0.000963 -179.668
  473527.75  5893366.70   2.780530   0.000088   0.000959 -179.654
  473527.73  5893363.92   2.780843   0.000087   0.000955 -179.640
  473527.71  5893361.14   2.781159   0.000087   0.000951 -179.626
  473527.70  5893358.36   2.781479   0.000087   0.000948 -179.612
  473527.68  5893355.58   2.781801   0.000086   0.000944 -179.599
  473527.66  5893352.80   2.782126   0.000086   0.000940 -179.585
  473527.64  5893350.01   2.782455   0.000085   0.000936 -179.571
  473527.61  5893347.23   2.782786   0.000085   0.000932 -179.557
  473527.59  5893344.45   2.783121   0.000085   0.000928 -179.544
  473527.57  5893341.67   2.783459   0.000084   0.000924 -179.530
  473527.55  5893338.88   2.783799   0.000084   0.000920 -179.517
  473527.52  5893336.10   2.784143   0.000084   0.000916 -179.504
  473527.50  5893333.31   2.784489   0.000083   0.000913 -179.490
  473527.47  5893330.53   2.784839   0.000083   0.000909 -179.477
  473527.45  5893327.75   2.785192   0.000082   0.000904 -179.464
  473527.42  5893324.96   2.785547   0.000082   0.000900 -179.451
  473527.39  5893322.17   2.785905   0.000082   0.000897 -179.437
  473527.36  5893319.39   2.786267   0.000081   0.000894 -179.424
  473527.33  5893316.60   2.786634   0.000081   0.000891 -179.411
  473527.31  5893313.82   2.787006   0.000081   0.000888 -179.398
  473527.28  5893311.03   2.787381   0.000081   0.000885 -179.386
  473527.24  5893308.24   2.787762   0.000080   0.000883 -179.373
  473527.21  5893305.45   2.788146   0.000080   0.000880 -179.360
  473527.18  5893302.67   2.788535   0.000080   0.000877 -179.347
  473527.15  5893299.88   2.788929   0.000079   0.000874 -179.334
  473527.12  5893297.09   2.789327   0.000079   0.000871 -179.322
  473527.08  5893294.30   2.789729   0.000079   0.000868 -179.309
  473527.05  5893291.51   2.790136   0.000079   0.000865 -179.296
  473527.01  5893288.72   2.790547   0.000078   0.000862 -179.284
  473526.98  5893285.93   2.790963   0.000078   0.000859 -179.271
  473526.94  5893283.14   2.791383   0.000078   0.000857 -179.259
  473526.91  5893280.35   2.791807   0.000077   0.000854 -179.246
  473526.87  5893277.55   2.792236   0.000077   0.000851 -179.234
  473526.83  5893274.76   2.792669   0.000077   0.000848 -179.222
  473526.79  5893271.97   2.793107   0.000077   0.000845 -179.209
  473526.75  5893269.18   2.793549   0.000076   0.000842 -179.197
  473526.71  5893266.38   2.793996   0.000076   0.000839 -179.185
  473526.67  5893263.59   2.794447   0.000076   0.000836 -179.173
  473526.63  5893260.79   2.794902   0.000075   0.000833 -179.161
  473526.59  5893258.00   2.795362   0.000075   0.000830 -179.149
  473526.55  5893255.20   2.795826   0.000075   0.000827 -179.137
  473526.51  5893252.41   2.796295   0.000075   0.000824 -179.125
  473526.46  5893249.61   2.796768   0.000074   0.000822 -179.113
  473526.42  5893246.82   2.797245   0.000074   0.000819 -179.101
  473526.37  5893244.02   2.797727   0.000074   0.000816 -179.089
  473526.33  5893241.22   2.798213   0.000073   0.000813 -179.077
  473526.28  5893238.42   2.798704   0.000073   0.000810 -179.065
  473526.24  5893235.62   2.799199   0.000073   0.000807 -179.054
  473526.19  5893232.83   2.799698   0.000073   0.000804 -179.042
  473526.14  5893230.03   2.800202   0.000072   0.000801 -179.030
  473526.09  5893227.23   2.800710   0.000072   0.000798 -179.019
  473526.05  5893224.42   2.801223   0.000072   0.000795 -179.007
  473526.00  5893221.62   2.801740   0.000071   0.000792 -178.996
  473525.95  5893218.82   2.802261   0.000071   0.000789 -178.984
  473525.90  5893216.02   2.802787   0.000071   0.000786 -178.973
  473525.85  5893213.22   2.803317   0.000070   0.000783 -178.961
  473525.79  5893210.41   2.803852   0.000070   0.000780 -178.950
  473525.74  5893207.61   2.804391   0.000070   0.000777 -178.939
  473525.69  5893204.81   2.804934   0.000070   0.000774 -178.928
  473525.64  5893202.00   2.805482   0.000069   0.000771 -178.916
  473525.58  5893199.20   2.806034   0.000069   0.000768 -178.905
  473525.53  5893196.39   2.806590   0.000069   0.000766 -178.894
  473525.47  5893193.58   2.807151   0.000068   0.000763 -178.883
  473525.42  5893190.78   2.807716   0.000068   0.000760 -178.872
  473525.36  5893187.97   2.808286   0.000068   0.000757 -178.861
  473525.31  5893185.16   2.808860   0.000068   0.000754 -178.850
  473525.25  5893182.35   2.809438   0.000067   0.000751 -178.839
  473525.19  5893179.54   2.810023   0.000067   0.000748 -178.828
  473525.13  5893176.73   2.810612   0.000067   0.000745 -178.818
  473525.08  5893173.92   2.811202   0.000066   0.000742 -178.807
  473525.02  5893171.11   2.811792   0.000066   0.000739 -178.796
  473524.96  5893168.30   2.812381   0.000066   0.000736 -178.786
  473524.90  5893165.49   2.812972   0.000065   0.000733 -178.775
  473524.84  5893162.68   2.813562   0.000065   0.000730 -178.764
  473524.78  5893159.86   2.814153   0.000065   0.000727 -178.754
  473524.71  5893157.05   2.814744   0.000065   0.000724 -178.743
  473524.65  5893154.24   2.815335   0.000064   0.000721 -178.733
  473524.59  5893151.42   2.815927   0.000064   0.000718 -178.723
  473524.53  5893148.61   2.816518   0.000064   0.000715 -178.712
  473524.46  5893145.79   2.817111   0.000063   0.000712 -178.702
  473524.40  5893142.97   2.817703   0.000063   0.000709 -178.692
  473524.33  5893140.16   2.818295   0.000063   0.000706 -178.682
  473524.27  5893137.34   2.818888   0.000063   0.000703 -178.672
  473524.20  5893134.52   2.819481   0.000062   0.000700 -178.661
  473524.14  5893131.70   2.820074   0.000062   0.000697 -178.651
  473524.07  5893128.88   2.820668   0.000062   0.000694 -178.641
  473524.00  5893126.06   2.821262   0.000061   0.000691 -178.631
  473523.93  5893123.24   2.821855   0.000061   0.000688 -178.621
  473523.86  5893120.42   2.822449   0.000061   0.000685 -178.612
  473523.80  5893117.60   2.823044   0.000061   0.000683 -178.602
  473523.73  5893114.77   2.823640   0.000060   0.000680 -178.592
  473523.66  5893111.95   2.824237   0.000060   0.000678 -178.582
  473523.59  5893109.13   2.824834   0.000060   0.000675 -178.572
  473523.52  5893106.30   2.825433   0.000060   0.000673 -178.563
  473523.44  5893103.48   2.826033   0.000059   0.000670 -178.553
  473523.37  5893100.65   2.826634   0.000059   0.000668 -178.544
  473523.30  5893097.83   2.827236   0.000059   0.000665 -178.534
  473523.23  5893095.00   2.827839   0.000059   0.000663 -178.524
  473523.15  5893092.17   2.828442   0.000058   0.000660 -178.515
  473523.08  5893089.35   2.829047   0.000058   0.000658 -178.505
  473523.01  5893086.52   2.829653   0.000058   0.000656 -178.496
  473522.93  5893083.69   2.830260   0.000058   0.000653 -178.487
  473522.86  5893080.86   2.830868   0.000057   0.000649 -178.477
  473522.78  5893078.03   2.831476   0.000057   0.000646 -178.468
  473522.70  5893075.20   2.832084   0.000057   0.000643 -178.459
  473522.63  5893072.37   2.832692   0.000056   0.000639 -178.450
  473522.55  5893069.53   2.833301   0.000056   0.000636 -178.440
  473522.47  5893066.70   2.833910   0.000056   0.000633 -178.431
  473522.39  5893063.87   2.834520   0.000055   0.000629 -178.422
  473522.32  5893061.04   2.835129   0.000055   0.000626 -178.413
  473522.24  5893058.20   2.835739   0.000055   0.000623 -178.404
  473522.16  5893055.37   2.836350   0.000054   0.000620 -178.395
  473522.08  5893052.53   2.836961   0.000054   0.000616 -178.387
  473522.00  5893049.69   2.837572   0.000054   0.000613 -178.378
  473521.92  5893046.86   2.838183   0.000054   0.000610 -178.369
  473521.84  5893044.02   2.838795   0.000053   0.000606 -178.360
  473521.75  5893041.18   2.839407   0.000053   0.000603 -178.352
  473521.67  5893038.34   2.840019   0.000053   0.000600 -178.343
  473521.59  5893035.50   2.840632   0.000052   0.000596 -178.335
  473521.51  5893032.66   2.841245   0.000052   0.000593 -178.326
  473521.42  5893029.82   2.841858   0.000052   0.000590 -178.318
  473521.34  5893026.98   2.842472   0.000051   0.000586 -178.309
  473521.25  5893024.14   2.843086   0.000051   0.000583 -178.301
  473521.17  5893021.30   2.843700   0.000051   0.000580 -178.293
  473521.08  5893018.46   2.844314   0.000050   0.000576 -178.284
  473521.00  5893015.61   2.844929   0.000050   0.000573 -178.276
  473520.91  5893012.77   2.845545   0.000050   0.000570 -178.268
  473520.83  5893009.93   2.846160   0.000049   0.000567 -178.260
  473520.74  5893007.08   2.846776   0.000049   0.000563 -178.252
  473520.65  5893004.23   2.847392   0.000049   0.000560 -178.244
  473520.56  5893001.39   2.848008   0.000049   0.000557 -178.236
  473520.48  5892998.54   2.848625   0.000048   0.000553 -178.228
  473520.39  5892995.69   2.849242   0.000048   0.000550 -178.220
  473520.30  5892992.85   2.849859   0.000048   0.000547 -178.212
  473520.21  5892990.00   2.850477   0.000047   0.000543 -178.204
  473520.12  5892987.15   2.851095   0.000047   0.000540 -178.197
  473520.03  5892984.30   2.851713   0.000047   0.000537 -178.189
  473519.94  5892981.45   2.852332   0.000046   0.000534 -178.181
  473519.85  5892978.60   2.852950   0.000046   0.000530 -178.174
  473519.76  5892975.74   2.853569   0.000046   0.000527 -178.166
  473519.67  5892972.89   2.854189   0.000045   0.000523 -178.159
  473519.57  5892970.04   2.854809   0.000045   0.000520 -178.151
  473519.48  5892967.18   2.855431   0.000045   0.000516 -178.144
  473519.39  5892964.33   2.856054   0.000044   0.000513 -178.137
  473519.30  5892961.48   2.856677   0.000044   0.000509 -178.129
  473519.20  5892958.62   2.857302   0.000044   0.000505 -178.122
  473519.11  5892955.76   2.857927   0.000043   0.000502 -178.115
  473519.01  5892952.91   2.858554   0.000043   0.000498 -178.108
  473518.92  5892950.05   2.859181   0.000043   0.000495 -178.101
  473518.82  5892947.19   2.859810   0.000042   0.000491 -178.094
  473518.73  5892944.33   2.860439   0.000042   0.000488 -178.087
  473518.63  5892941.47   2.861069   0.000042   0.000484 -178.080
  473518.54  5892938.61   2.861701   0.000041   0.000480 -178.073
  473518.44  5892935.75   2.862333   0.000041   0.000477 -178.066
  473518.34  5892932.89   2.862966   0.000041   0.000473 -178.059
  473518.24  5892930.03   2.863600   0.000041   0.000471 -178.053
  473518.15  5892927.17   2.864235   0.000040   0.000468 -178.046
  473518.05  5892924.31   2.864872   0.000040   0.000463 -178.039
  473517.95  5892921.44   2.865508   0.000039   0.000454 -178.033
  473517.85  5892918.58   2.866146   0.000038   0.000446 -178.027
  473517.75  5892915.71   2.866784   0.000038   0.000438 -178.020
  473517.65  5892912.85   2.867422   0.000037   0.000430 -178.014
  473517.55  5892909.98   2.868061   0.000036   0.000422 -178.008
  473517.45  5892907.12   2.868700   0.000036   0.000414 -178.002
  473517.35  5892904.25   2.869340   0.000035   0.000406 -177.996
  473517.25  5892901.38   2.869981   0.000034   0.000397 -177.990
  473517.15  5892898.51   2.870622   0.000033   0.000389 -177.985
  473517.05  5892895.64   2.871263   0.000033   0.000381 -177.979
  473516.95  5892892.77   2.871905   0.000032   0.000373 -177.974
  473516.85  5892889.90   2.872548   0.000031   0.000365 -177.969
  473516.75  5892887.03   2.873191   0.000031   0.000357 -177.964
  473516.64  5892884.16   2.873834   0.000030   0.000349 -177.958
  473516.54  5892881.29   2.874478   0.000029   0.000340 -177.954
  473516.44  5892878.42   2.875123   0.000028   0.000332 -177.949
  473516.33  5892875.54   2.875768   0.000028   0.000326 -177.944
  473516.23  5892872.67   2.876414   0.000027   0.000320 -177.940
  473516.13  5892869.79   2.877061   0.000026   0.000308 -177.935
  473516.02  5892866.92   2.877707   0.000025   0.000291 -177.931
  473515.92  5892864.04   2.878351   0.000023   0.000274 -177.927
  473515.82  5892861.16   2.878994   0.000022   0.000258 -177.923
  473515.71  5892858.29   2.879636   0.000021   0.000241 -177.919
  473515.61  5892855.41   2.880277   0.000019   0.000224 -177.916
  473515.50  5892852.53   2.880917   0.000018   0.000208 -177.912
  473515.40  5892849.65   2.881555   0.000016   0.000191 -177.910
  473515.29  5892846.77   2.882192   0.000015   0.000174 -177.907
  473515.19  5892843.89   2.882828   0.000013   0.000157 -177.904
  473515.08  5892841.01   2.883462   0.000012   0.000141 -177.902
  473514.97  5892838.13   2.884096   0.000011   0.000124 -177.900
  473514.87  5892835.24   2.884728   0.000009   0.000107 -177.899
  473514.76  5892832.36   2.885359   0.000008   0.000091 -177.897
  473514.66  5892829.48   2.885988   0.000006   0.000074 -177.896
  473514.55  5892826.59   2.886617   0.000005   0.000057 -177.895
  473514.44  5892823.71   2.887244   0.000003   0.000041 -177.894
  473514.34  5892820.82   2.887870   0.000002   0.000024 -177.893
  473514.23  5892817.94   2.888494   0.000001   0.000007 -177.893
  473514.13  5892815.05   2.889118   0.000001   0.000009 -177.893
  473514.02  5892812.16   2.889740   0.000002   0.000026 -177.893
  473513.91  5892809.27   2.890361   0.000004   0.000043 -177.893
  473513.81  5892806.39   2.890981   0.000005   0.000059 -177.894
  473513.70  5892803.50   2.891599   0.000006   0.000076 -177.895
  473513.59  5892800.61   2.892216   0.000008   0.000093 -177.896
  473513.49  5892797.72   2.892832   0.000009   0.000109 -177.897
  473513.38  5892794.82   2.893447   0.000011   0.000126 -177.899
  473513.28  5892791.93   2.894060   0.000012   0.000143 -177.900
  473513.17  5892789.04   2.894673   0.000013   0.000159 -177.902
  473513.06  5892786.15   2.895284   0.000015   0.000176 -177.905
  473512.96  5892783.25   2.895893   0.000016   0.000193 -177.907
  473512.85  5892780.36   2.896502   0.000018   0.000209 -177.910
  473512.75  5892777.46   2.897109   0.000019   0.000226 -177.913
  473512.64  5892774.57   2.897715   0.000020   0.000243 -177.916
  473512.54  5892771.67   2.898320   0.000022   0.000259 -177.919
  473512.43  5892768.78   2.898924   0.000023   0.000276 -177.923
  473512.33  5892765.88   2.899526   0.000025   0.000292 -177.927
  473512.22  5892762.98   2.900127   0.000026   0.000309 -177.931
  473512.12  5892760.08   2.900727   0.000027   0.000326 -177.935
  473512.01  5892757.18   2.901326   0.000029   0.000342 -177.940
  473511.91  5892754.28   2.901923   0.000030   0.000359 -177.945
  473511.81  5892751.38   2.902520   0.000032   0.000375 -177.950
  473511.70  5892748.48   2.903115   0.000033   0.000392 -177.955
  473511.60  5892745.58   2.903709   0.000034   0.000409 -177.960
  473511.50  5892742.68   2.904301   0.000036   0.000425 -177.966
  473511.39  5892739.78   2.904893   0.000037   0.000442 -177.972
  473511.29  5892736.87   2.905483   0.000038   0.000458 -177.978
  473511.19  5892733.97   2.906072   0.000040   0.000475 -177.984
  473511.09  5892731.06   2.906660   0.000041   0.000492 -177.991
  473510.98  5892728.16   2.907247   0.000043   0.000508 -177.998
  473510.88  5892725.25   2.907832   0.000044   0.000525 -178.005
  473510.78  5892722.35   2.908417   0.000045   0.000541 -178.012
  473510.68  5892719.44   2.909000   0.000047   0.000558 -178.020
  473510.58  5892716.53   2.909582   0.000048   0.000574 -178.028
  473510.48  5892713.62   2.910163   0.000049   0.000591 -178.036
  473510.38  5892710.71   2.910742   0.000051   0.000607 -178.044
  473510.28  5892707.81   2.911321   0.000052   0.000624 -178.052
  473510.19  5892704.90   2.911898   0.000053   0.000641 -178.061
  473510.09  5892701.98   2.912475   0.000055   0.000657 -178.070
  473509.99  5892699.07   2.913050   0.000056   0.000674 -178.079
  473509.89  5892696.16   2.913624   0.000057   0.000690 -178.088
  473509.80  5892693.25   2.914197   0.000059   0.000706 -178.098
  473509.70  5892690.34   2.914769   0.000060   0.000723 -178.108
  473509.60  5892687.42   2.915340   0.000062   0.000741 -178.118
  473509.51  5892684.51   2.915908   0.000063   0.000758 -178.128
  473509.41  5892681.59   2.916474   0.000064   0.000775 -178.139
  473509.32  5892678.68   2.917038   0.000066   0.000792 -178.149
  473509.23  5892675.76   2.917601   0.000067   0.000809 -178.160
  473509.13  5892672.85   2.918161   0.000069   0.000827 -178.172
  473509.04  5892669.93   2.918720   0.000070   0.000844 -178.183
  473508.95  5892667.01   2.919276   0.000071   0.000861 -178.195
  473508.86  5892664.09   2.919831   0.000073   0.000878 -178.207
  473508.77  5892661.18   2.920384   0.000074   0.000895 -178.219
  473508.68  5892658.26   2.920935   0.000076   0.000912 -178.231
  473508.59  5892655.34   2.921484   0.000077   0.000930 -178.244
  473508.50  5892652.42   2.922031   0.000078   0.000947 -178.257
  473508.41  5892649.50   2.922576   0.000080   0.000964 -178.270
  473508.32  5892646.57   2.923119   0.000081   0.000981 -178.283
  473508.24  5892643.65   2.923661   0.000083   0.000998 -178.297
  473508.15  5892640.73   2.924200   0.000084   0.001017 -178.311
  473508.06  5892637.81   2.924738   0.000086   0.001035 -178.325
  473507.98  5892634.88   2.925274   0.000087   0.001050 -178.339
  473507.89  5892631.96   2.925808   0.000088   0.001063 -178.354
  473507.81  5892629.03   2.926340   0.000089   0.001076 -178.369
  473507.73  5892626.11   2.926870   0.000090   0.001089 -178.383
  473507.65  5892623.18   2.927398   0.000091   0.001102 -178.399
  473507.57  5892620.25   2.927924   0.000092   0.001114 -178.414
  473507.49  5892617.33   2.928448   0.000093   0.001127 -178.429
  473507.41  5892614.40   2.928970   0.000094   0.001140 -178.445
  473507.33  5892611.47   2.929490   0.000095   0.001153 -178.461
  473507.25  5892608.54   2.930008   0.000096   0.001166 -178.477
  473507.17  5892605.61   2.930524   0.000097   0.001179 -178.493
  473507.10  5892602.68   2.931038   0.000098   0.001192 -178.509
  473507.02  5892599.75   2.931550   0.000099   0.001205 -178.525
  473506.95  5892596.82   2.932060   0.000100   0.001218 -178.542
  473506.87  5892593.89   2.932568   0.000101   0.001231 -178.559
  473506.80  5892590.96   2.933074   0.000102   0.001244 -178.576
  473506.73  5892588.03   2.933578   0.000103   0.001257 -178.593
  473506.66  5892585.09   2.934081   0.000104   0.001270 -178.610
  473506.59  5892582.16   2.934579   0.000105   0.001283 -178.628
  473506.52  5892579.23   2.935076   0.000106   0.001295 -178.646
  473506.45  5892576.29   2.935574   0.000107   0.001307 -178.664
  473506.38  5892573.36   2.936075   0.000108   0.001318 -178.682
  473506.31  5892570.42   2.936578   0.000109   0.001329 -178.700
  473506.25  5892567.49   2.937083   0.000110   0.001341 -178.718
  473506.18  5892564.55   2.937590   0.000111   0.001352 -178.737
  473506.12  5892561.61   2.938099   0.000112   0.001363 -178.755
  473506.06  5892558.67   2.938610   0.000113   0.001375 -178.774
  473506.00  5892555.74   2.939123   0.000113   0.001386 -178.793
  473505.93  5892552.80   2.939639   0.000114   0.001397 -178.812
  473505.87  5892549.86   2.940156   0.000115   0.001409 -178.831
  473505.82  5892546.92   2.940676   0.000116   0.001420 -178.851
  473505.76  5892543.98   2.941198   0.000117   0.001431 -178.870
  473505.70  5892541.04   2.941722   0.000118   0.001442 -178.890
  473505.64  5892538.10   2.942248   0.000119   0.001454 -178.910
  473505.59  5892535.15   2.942777   0.000120   0.001465 -178.930
  473505.54  5892532.21   2.943307   0.000120   0.001476 -178.950
  473505.48  5892529.27   2.943840   0.000121   0.001488 -178.970
  473505.43  5892526.32   2.944375   0.000122   0.001501 -178.991
  473505.38  5892523.38   2.944912   0.000123   0.001514 -179.012
  473505.33  5892520.43   2.945451   0.000124   0.001521 -179.032
  473505.28  5892517.49   2.945993   0.000124   0.001525 -179.053
  473505.23  5892514.54   2.946538   0.000125   0.001529 -179.074
  473505.19  5892511.60   2.947085   0.000125   0.001532 -179.095
  473505.14  5892508.65   2.947635   0.000125   0.001536 -179.116
  473505.10  5892505.70   2.948188   0.000125   0.001540 -179.138
  473505.05  5892502.75   2.948744   0.000126   0.001544 -179.159
  473505.01  5892499.81   2.949303   0.000126   0.001547 -179.180
  473504.97  5892496.86   2.949864   0.000126   0.001551 -179.201
  473504.93  5892493.91   2.950428   0.000126   0.001555 -179.222
  473504.89  5892490.96   2.950995   0.000127   0.001558 -179.244
  473504.85  5892488.01   2.951564   0.000127   0.001562 -179.265
  473504.82  5892485.05   2.952136   0.000127   0.001566 -179.287
  473504.78  5892482.10   2.952712   0.000127   0.001569 -179.308
  473504.75  5892479.15   2.953290   0.000128   0.001573 -179.330
  473504.71  5892476.20   2.953870   0.000128   0.001577 -179.351
  473504.68  5892473.24   2.954454   0.000128   0.001580 -179.373
  473504.65  5892470.29   2.955040   0.000128   0.001584 -179.395
  473504.62  5892467.33   2.955629   0.000129   0.001588 -179.416
  473504.59  5892464.38   2.956221   0.000129   0.001591 -179.438
  473504.56  5892461.42   2.956816   0.000129   0.001595 -179.460
  473504.54  5892458.46   2.957413   0.000129   0.001598 -179.482
  473504.51  5892455.50   2.958014   0.000129   0.001602 -179.504
  473504.49  5892452.55   2.958617   0.000130   0.001606 -179.526
  473504.46  5892449.59   2.959223   0.000130   0.001609 -179.547
  473504.44  5892446.63   2.959831   0.000130   0.001613 -179.570
  473504.42  5892443.67   2.960443   0.000130   0.001617 -179.592
  473504.40  5892440.71   2.961057   0.000131   0.001620 -179.614
  473504.38  5892437.75   2.961675   0.000131   0.001624 -179.636
  473504.36  5892434.78   2.962295   0.000131   0.001627 -179.658
  473504.35  5892431.82   2.962918   0.000131   0.001631 -179.680
  473504.33  5892428.86   2.963544   0.000132   0.001635 -179.703
  473504.32  5892425.89   2.964172   0.000132   0.001638 -179.725
  473504.30  5892422.93   2.964804   0.000132   0.001642 -179.747
  473504.29  5892419.97   2.965438   0.000132   0.001645 -179.770
  473504.28  5892417.00   2.966075   0.000133   0.001649 -179.792
  473504.27  5892414.03   2.966715   0.000133   0.001653 -179.815
  473504.26  5892411.07   2.967358   0.000133   0.001656 -179.837
  473504.26  5892408.10   2.968003   0.000133   0.001660 -179.860
  473504.25  5892405.13   2.968652   0.000133   0.001663 -179.883
  473504.25  5892402.16   2.969303   0.000134   0.001667 -179.905
  473504.24  5892399.19   2.969958   0.000134   0.001670 -179.928
  473504.24  5892396.22   2.970615   0.000134   0.001674 -179.951
  473504.24  5892393.25   2.971275   0.000134   0.001678 -179.974
  473504.24  5892390.28   2.971938   0.000135   0.001681 -179.997
  473504.24  5892387.31   2.972604   0.000135   0.001685  179.980
  473504.24  5892384.33   2.973272   0.000135   0.001690  179.957
  473504.24  5892381.36   2.973944   0.000136   0.001696  179.934
  473504.25  5892378.39   2.974618   0.000135   0.001695  179.911
  473504.25  5892375.41   2.975295   0.000135   0.001691  179.888
  473504.26  5892372.43   2.975977   0.000135   0.001687  179.865
  473504.27  5892369.46   2.976662   0.000134   0.001683  179.842
  473504.28  5892366.48   2.977350   0.000134   0.001679  179.819
  473504.29  5892363.50   2.978042   0.000134   0.001675  179.796
  473504.30  5892360.53   2.978738   0.000133   0.001671  179.774
  473504.31  5892357.55   2.979437   0.000133   0.001667  179.751
  473504.33  5892354.57   2.980140   0.000132   0.001663  179.728
  473504.34  5892351.59   2.980846   0.000132   0.001659  179.706
  473504.36  5892348.61   2.981556   0.000132   0.001655  179.683
  473504.38  5892345.62   2.982270   0.000131   0.001651  179.661
  473504.40  5892342.64   2.982987   0.000131   0.001647  179.638
  473504.42  5892339.66   2.983707   0.000131   0.001643  179.616
  473504.44  5892336.67   2.984432   0.000130   0.001639  179.594
  473504.46  5892333.69   2.985159   0.000130   0.001635  179.571
  473504.48  5892330.70   2.985891   0.000129   0.001631  179.549
  473504.51  5892327.72   2.986625   0.000129   0.001627  179.527
  473504.53  5892324.73   2.987364   0.000129   0.001623  179.505
  473504.56  5892321.74   2.988106   0.000128   0.001619  179.483
  473504.59  5892318.75   2.988851   0.000128   0.001615  179.461
  473504.62  5892315.77   2.989600   0.000127   0.001611  179.439
  473504.65  5892312.78   2.990353   0.000127   0.001607  179.417
  473504.68  5892309.78   2.991109   0.000127   0.001603  179.395
  473504.71  5892306.79   2.991868   0.000126   0.001599  179.374
  473504.75  5892303.80   2.992632   0.000126   0.001594  179.352
  473504.78  5892300.81   2.993398   0.000126   0.001590  179.331
  473504.82  5892297.82   2.994168   0.000125   0.001586  179.309
  473504.86  5892294.82   2.994942   0.000125   0.001582  179.288
  473504.89  5892291.83   2.995719   0.000124   0.001578  179.266
  473504.93  5892288.83   2.996500   0.000124   0.001574  179.245
  473504.97  5892285.83   2.997284   0.000124   0.001570  179.223
  473505.02  5892282.84   2.998071   0.000123   0.001566  179.202
  473505.06  5892279.84   2.998863   0.000123   0.001562  179.181
  473505.10  5892276.84   2.999657   0.000122   0.001558  179.160
  473505.15  5892273.84   3.000455   0.000122   0.001554  179.139
  473505.19  5892270.84   3.001257   0.000122   0.001550  179.118
  473505.24  5892267.84   3.002062   0.000121   0.001545  179.097
  473505.29  5892264.84   3.002871   0.000121   0.001541  179.076
  473505.34  5892261.83   3.003683   0.000120   0.001537  179.055
  473505.39  5892258.83   3.004498   0.000120   0.001533  179.035
  473505.44  5892255.82   3.005317   0.000120   0.001529  179.014
  473505.49  5892252.82   3.006140   0.000119   0.001525  178.993
  473505.55  5892249.81   3.006966   0.000119   0.001521  178.973
  473505.60  5892246.81   3.007795   0.000119   0.001517  178.952
  473505.66  5892243.80   3.008628   0.000118   0.001513  178.932
  473505.72  5892240.79   3.009464   0.000118   0.001509  178.912
  473505.77  5892237.78   3.010304   0.000117   0.001504  178.891
  473505.83  5892234.77   3.011147   0.000117   0.001500  178.871
  473505.89  5892231.76   3.011994   0.000117   0.001496  178.851
  473505.96  5892228.75   3.012844   0.000116   0.001492  178.831
  473506.02  5892225.73   3.013697   0.000116   0.001488  178.811
  473506.08  5892222.72   3.014554   0.000115   0.001484  178.791
  473506.15  5892219.71   3.015414   0.000115   0.001480  178.771
  473506.21  5892216.69   3.016278   0.000115   0.001476  178.751
  473506.28  5892213.68   3.017145   0.000114   0.001471  178.731
  473506.35  5892210.66   3.018016   0.000114   0.001467  178.711
  473506.42  5892207.64   3.018890   0.000114   0.001463  178.692
  473506.49  5892204.62   3.019768   0.000113   0.001459  178.672
  473506.56  5892201.60   3.020649   0.000113   0.001455  178.652
  473506.63  5892198.58   3.021533   0.000112   0.001451  178.633
  473506.70  5892195.56   3.022421   0.000112   0.001447  178.613
  473506.78  5892192.54   3.023312   0.000112   0.001442  178.594
  473506.85  5892189.52   3.024206   0.000111   0.001438  178.575
  473506.93  5892186.49   3.025104   0.000111   0.001434  178.555
  473507.00  5892183.47   3.026005   0.000111   0.001431  178.536
  473507.08  5892180.44   3.026912   0.000110   0.001428  178.517
  473507.16  5892177.42   3.027822   0.000110   0.001422  178.498
  473507.24  5892174.39   3.028732   0.000109   0.001413  178.479
  473507.32  5892171.36   3.029641   0.000108   0.001405  178.460
  473507.41  5892168.33   3.030550   0.000108   0.001396  178.441
  473507.49  5892165.30   3.031460   0.000107   0.001388  178.422
  473507.57  5892162.27   3.032369   0.000106   0.001379  178.404
  473507.66  5892159.24   3.033278   0.000105   0.001371  178.386
  473507.75  5892156.21   3.034186   0.000105   0.001363  178.367
  473507.83  5892153.18   3.035095   0.000104   0.001354  178.349
  473507.92  5892150.14   3.036003   0.000103   0.001346  178.331
  473508.01  5892147.11   3.036911   0.000103   0.001337  178.313
  473508.10  5892144.07   3.037819   0.000102   0.001329  178.295
  473508.19  5892141.03   3.038727   0.000101   0.001320  178.277
  473508.29  5892138.00   3.039634   0.000100   0.001312  178.260
  473508.38  5892134.96   3.040541   0.000100   0.001304  178.242
  473508.47  5892131.92   3.041448   0.000099   0.001295  178.225
  473508.57  5892128.88   3.042355   0.000098   0.001287  178.208
  473508.66  5892125.84   3.043262   0.000098   0.001278  178.191
  473508.76  5892122.79   3.044168   0.000097   0.001269  178.174
  473508.86  5892119.75   3.045075   0.000096   0.001259  178.157
  473508.96  5892116.71   3.045982   0.000096   0.001253  178.140
  473509.06  5892113.66   3.046886   0.000095   0.001249  178.123
  473509.16  5892110.62   3.047788   0.000095   0.001245  178.107
  473509.26  5892107.57   3.048688   0.000094   0.001241  178.090
  473509.36  5892104.52   3.049585   0.000094   0.001237  178.074
  473509.47  5892101.47   3.050480   0.000094   0.001233  178.057
  473509.57  5892098.42   3.051373   0.000093   0.001229  178.041
  473509.68  5892095.37   3.052263   0.000093   0.001225  178.024
  473509.78  5892092.32   3.053151   0.000093   0.001222  178.008
  473509.89  5892089.27   3.054037   0.000092   0.001218  177.992
  473510.00  5892086.22   3.054920   0.000092   0.001214  177.976
  473510.11  5892083.17   3.055801   0.000092   0.001210  177.960
  473510.22  5892080.11   3.056679   0.000091   0.001206  177.944
  473510.33  5892077.06   3.057555   0.000091   0.001202  177.928
  473510.44  5892074.00   3.058429   0.000091   0.001198  177.912
  473510.55  5892070.94   3.059300   0.000090   0.001194  177.896
  473510.66  5892067.89   3.060169   0.000090   0.001190  177.880
  473510.78  5892064.83   3.061036   0.000090   0.001186  177.864
  473510.89  5892061.77   3.061900   0.000089   0.001182  177.849
  473511.01  5892058.71   3.062761   0.000089   0.001178  177.833
  473511.12  5892055.65   3.063621   0.000088   0.001175  177.817
  473511.24  5892052.59   3.064478   0.000088   0.001171  177.802
  473511.36  5892049.52   3.065332   0.000088   0.001167  177.786
  473511.48  5892046.46   3.066184   0.000087   0.001163  177.771
  473511.60  5892043.39   3.067034   0.000087   0.001159  177.756
  473511.72  5892040.33   3.067881   0.000087   0.001155  177.740
  473511.84  5892037.26   3.068726   0.000086   0.001151  177.725
  473511.96  5892034.20   3.069569   0.000086   0.001147  177.710
  473512.09  5892031.13   3.070409   0.000086   0.001143  177.695
  473512.21  5892028.06   3.071246   0.000085   0.001138  177.680
  473512.34  5892024.99   3.072080   0.000085   0.001136  177.665
  473512.46  5892021.92   3.072914   0.000085   0.001136  177.650
  473512.59  5892018.85   3.073747   0.000085   0.001136  177.635
  473512.72  5892015.78   3.074579   0.000085   0.001135  177.620
  473512.85  5892012.71   3.075411   0.000085   0.001135  177.605
  473512.98  5892009.63   3.076242   0.000085   0.001135  177.590
  473513.11  5892006.56   3.077072   0.000085   0.001135  177.575
  473513.24  5892003.49   3.077902   0.000085   0.001135  177.560
  473513.37  5892000.41   3.078731   0.000085   0.001135  177.545
  473513.50  5891997.33   3.079559   0.000085   0.001135  177.530
  473513.64  5891994.26   3.080386   0.000085   0.001134  177.515
  473513.77  5891991.18   3.081213   0.000084   0.001134  177.500
  473513.90  5891988.10   3.082039   0.000084   0.001134  177.485
  473514.04  5891985.02   3.082865   0.000084   0.001134  177.470
  473514.18  5891981.94   3.083689   0.000084   0.001134  177.455
  473514.32  5891978.86   3.084514   0.000084   0.001133  177.441
  473514.45  5891975.78   3.085337   0.000084   0.001132  177.426
  473514.59  5891972.70   3.086159   0.000084   0.001133  177.411
  473514.73  5891969.61   3.086982   0.000084   0.001137  177.396
  473514.87  5891966.53   3.087803   0.000085   0.001140  177.381
  473515.02  5891963.44   3.088625   0.000085   0.001143  177.366
  473515.16  5891960.36   3.089445   0.000085   0.001146  177.351
  473515.30  5891957.27   3.090266   0.000085   0.001149  177.336
  473515.45  5891954.18   3.091086   0.000085   0.001152  177.321
  473515.59  5891951.10   3.091905   0.000085   0.001156  177.306
  473515.74  5891948.01   3.092725   0.000086   0.001159  177.291
  473515.89  5891944.92   3.093543   0.000086   0.001162  177.276
  473516.03  5891941.83   3.094362   0.000086   0.001165  177.260
  473516.18  5891938.74   3.095180   0.000086   0.001168  177.245
  473516.33  5891935.64   3.095997   0.000086   0.001171  177.230
  473516.48  5891932.55   3.096814   0.000087   0.001175  177.214
  473516.63  5891929.46   3.097631   0.000087   0.001178  177.199
  473516.79  5891926.36   3.098447   0.000087   0.001181  177.184
  473516.94  5891923.27   3.099263   0.000087   0.001184  177.168
  473517.09  5891920.17   3.100078   0.000087   0.001187  177.153
  473517.25  5891917.08   3.100893   0.000088   0.001190  177.137
  473517.40  5891913.98   3.101708   0.000088   0.001194  177.122
  473517.56  5891910.88   3.102522   0.000088   0.001197  177.106
  473517.72  5891907.78   3.103336   0.000088   0.001200  177.091
  473517.88  5891904.68   3.104149   0.000088   0.001203  177.075
  473518.04  5891901.58   3.104962   0.000088   0.001206  177.059
  473518.20  5891898.48   3.105775   0.000089   0.001209  177.043
  473518.36  5891895.38   3.106587   0.000089   0.001213  177.028
  473518.52  5891892.27   3.107399   0.000089   0.001216  177.012
  473518.68  5891889.17   3.108211   0.000089   0.001220  176.996
  473518.85  5891886.07   3.109022   0.000090   0.001225  176.980
  473519.01  5891882.96   3.109834   0.000090   0.001225  176.964
  473519.18  5891879.86   3.110643   0.000089   0.001222  176.948
  473519.34  5891876.75   3.111451   0.000089   0.001219  176.932
  473519.51  5891873.64   3.112257   0.000089   0.001216  176.916
  473519.68  5891870.53   3.113062   0.000089   0.001213  176.900
  473519.85  5891867.42   3.113865   0.000088   0.001210  176.885
  473520.02  5891864.32   3.114665   0.000088   0.001207  176.869
  473520.19  5891861.20   3.115465   0.000088   0.001204  176.853
  473520.36  5891858.09   3.116262   0.000087   0.001201  176.838
  473520.53  5891854.98   3.117058   0.000087   0.001198  176.822
  473520.71  5891851.87   3.117851   0.000087   0.001195  176.806
  473520.88  5891848.76   3.118643   0.000087   0.001192  176.791
  473521.06  5891845.64   3.119434   0.000086   0.001189  176.775
  473521.23  5891842.53   3.120222   0.000086   0.001186  176.760
  473521.41  5891839.41   3.121009   0.000086   0.001183  176.745
  473521.59  5891836.30   3.121794   0.000086   0.001180  176.729
  473521.77  5891833.18   3.122577   0.000085   0.001177  176.714
  473521.95  5891830.06   3.123359   0.000085   0.001174  176.699
  473522.13  5891826.94   3.124139   0.000085   0.001171  176.683
  473522.31  5891823.82   3.124916   0.000085   0.001168  176.668
  473522.49  5891820.70   3.125693   0.000084   0.001165  176.653
  473522.68  5891817.58   3.126467   0.000084   0.001162  176.638
  473522.86  5891814.46   3.127240   0.000084   0.001159  176.623
  473523.04  5891811.34   3.128010   0.000084   0.001156  176.608
  473523.23  5891808.22   3.128779   0.000083   0.001153  176.593
  473523.42  5891805.09   3.129547   0.000083   0.001150  176.578
  473523.60  5891801.97   3.130312   0.000083   0.001147  176.563
  473523.79  5891798.84   3.131076   0.000083   0.001144  176.548
  473523.98  5891795.72   3.131838   0.000082   0.001141  176.533
  473524.17  5891792.59   3.132598   0.000082   0.001138  176.519
  473524.36  5891789.46   3.133356   0.000082   0.001135  176.504
  473524.56  5891786.34   3.134112   0.000081   0.001132  176.489
  473524.75  5891783.21   3.134867   0.000081   0.001129  176.475
  473524.94  5891780.08   3.135620   0.000081   0.001126  176.460
  473525.14  5891776.95   3.136371   0.000081   0.001123  176.446
  473525.33  5891773.82   3.137120   0.000080   0.001120  176.431
  473525.53  5891770.69   3.137868   0.000080   0.001117  176.417
  473525.72  5891767.55   3.138613   0.000080   0.001114  176.402
  473525.92  5891764.42   3.139357   0.000080   0.001111  176.388
  473526.12  5891761.29   3.140099   0.000079   0.001108  176.373
  473526.32  5891758.15   3.140839   0.000079   0.001105  176.359
  473526.52  5891755.02   3.141578   0.000079   0.001102  176.345
  473526.72  5891751.88   3.142314   0.000079   0.001100  176.331
  473526.92  5891748.75   3.143049   0.000078   0.001097  176.316
  473527.13  5891745.61   3.143782   0.000078   0.001094  176.302
  473527.33  5891742.47   3.144513   0.000078   0.001091  176.288
  473527.53  5891739.33   3.145243   0.000078   0.001088  176.274
  473527.74  5891736.20   3.145970   0.000078   0.001085  176.260
  473527.95  5891733.06   3.146696   0.000077   0.001082  176.246
  473528.15  5891729.92   3.147420   0.000077   0.001079  176.232
  473528.36  5891726.77   3.148142   0.000077   0.001076  176.218
  473528.57  5891723.63   3.148862   0.000077   0.001073  176.205
  473528.78  5891720.49   3.149580   0.000076   0.001070  176.191
  473528.99  5891717.35   3.150297   0.000076   0.001067  176.177
  473529.20  5891714.20   3.151012   0.000076   0.001064  176.163
  473529.41  5891711.06   3.151725   0.000076   0.001061  176.150
  473529.62  5891707.91   3.152436   0.000075   0.001059  176.136
  473529.84  5891704.77   3.153145   0.000075   0.001056  176.122
  473530.05  5891701.62   3.153852   0.000075   0.001053  176.109
  473530.26  5891698.48   3.154558   0.000075   0.001050  176.095
  473530.48  5891695.33   3.155261   0.000074   0.001047  176.082
  473530.70  5891692.18   3.155963   0.000074   0.001044  176.068
  473530.91  5891689.03   3.156663   0.000074   0.001041  176.055
  473531.13  5891685.88   3.157361   0.000074   0.001038  176.042
  473531.35  5891682.73   3.158058   0.000073   0.001035  176.028
  473531.57  5891679.58   3.158752   0.000073   0.001032  176.015
  473531.79  5891676.43   3.159445   0.000073   0.001029  176.002
  473532.01  5891673.28   3.160136   0.000073   0.001027  175.988
  473532.23  5891670.13   3.160825   0.000072   0.001024  175.975
  473532.46  5891666.97   3.161513   0.000072   0.001021  175.962
  473532.68  5891663.82   3.162198   0.000072   0.001018  175.949
  473532.90  5891660.66   3.162878   0.000072   0.001014  175.936
  473533.13  5891657.51   3.163555   0.000071   0.001011  175.923
  473533.35  5891654.35   3.164228   0.000071   0.001008  175.910
  473533.58  5891651.20   3.164897   0.000071   0.001005  175.897
  473533.81  5891648.04   3.165563   0.000071   0.001002  175.884
  473534.04  5891644.88   3.166225   0.000070   0.000998  175.872
  473534.26  5891641.72   3.166883   0.000070   0.000995  175.859
  473534.49  5891638.56   3.167537   0.000070   0.000992  175.846
  473534.72  5891635.40   3.168187   0.000070   0.000989  175.833
  473534.95  5891632.24   3.168834   0.000069   0.000986  175.821
  473535.19  5891629.08   3.169477   0.000069   0.000983  175.808
  473535.42  5891625.92   3.170117   0.000069   0.000980  175.796
  473535.65  5891622.76   3.170752   0.000069   0.000976  175.783
  473535.89  5891619.60   3.171384   0.000068   0.000973  175.771
  473536.12  5891616.43   3.172012   0.000068   0.000970  175.758
  473536.36  5891613.27   3.172636   0.000068   0.000967  175.746
  473536.59  5891610.11   3.173256   0.000068   0.000964  175.733
  473536.83  5891606.94   3.173873   0.000067   0.000961  175.721
  473537.07  5891603.78   3.174486   0.000067   0.000958  175.709
  473537.30  5891600.61   3.175095   0.000067   0.000954  175.697
  473537.54  5891597.44   3.175701   0.000067   0.000951  175.684
  473537.78  5891594.28   3.176302   0.000066   0.000948  175.672
  473538.02  5891591.11   3.176900   0.000066   0.000945  175.660
  473538.26  5891587.94   3.177494   0.000066   0.000942  175.648
  473538.51  5891584.77   3.178084   0.000066   0.000939  175.636
  473538.75  5891581.60   3.178671   0.000065   0.000936  175.624
  473538.99  5891578.44   3.179254   0.000065   0.000933  175.612
  473539.24  5891575.26   3.179833   0.000065   0.000930  175.600
  473539.48  5891572.09   3.180408   0.000065   0.000926  175.588
  473539.73  5891568.92   3.180979   0.000065   0.000923  175.577
  473539.97  5891565.75   3.181547   0.000064   0.000920  175.565
  473540.22  5891562.58   3.182111   0.000064   0.000917  175.553
  473540.47  5891559.41   3.182671   0.000064   0.000914  175.542
  473540.71  5891556.23   3.183227   0.000064   0.000911  175.530
  473540.96  5891553.06   3.183779   0.000063   0.000908  175.518
  473541.21  5891549.88   3.184328   0.000063   0.000905  175.507
  473541.46  5891546.71   3.184873   0.000063   0.000902  175.495
  473541.71  5891543.53   3.185414   0.000063   0.000899  175.484
  473541.96  5891540.36   3.185951   0.000062   0.000896  175.472
  473542.22  5891537.18   3.186485   0.000062   0.000893  175.461
  473542.47  5891534.01   3.187015   0.000062   0.000889  175.450
  473542.72  5891530.83   3.187540   0.000062   0.000886  175.438
  473542.98  5891527.65   3.188062   0.000061   0.000883  175.427
  473543.23  5891524.47   3.188581   0.000061   0.000880  175.416
  473543.49  5891521.29   3.189095   0.000061   0.000877  175.405
  473543.74  5891518.12   3.189606   0.000061   0.000874  175.393
  473544.00  5891514.94   3.190113   0.000061   0.000871  175.382
  473544.26  5891511.76   3.190616   0.000060   0.000868  175.371
  473544.52  5891508.58   3.191115   0.000060   0.000865  175.360
  473544.77  5891505.39   3.191611   0.000060   0.000862  175.349
  473545.03  5891502.21   3.192102   0.000060   0.000859  175.338
  473545.29  5891499.03   3.192590   0.000059   0.000856  175.327
  473545.55  5891495.85   3.193074   0.000059   0.000853  175.317
  473545.82  5891492.67   3.193554   0.000059   0.000850  175.306
  473546.08  5891489.48   3.194031   0.000059   0.000847  175.295
  473546.34  5891486.30   3.194503   0.000058   0.000844  175.284
  473546.60  5891483.12   3.194972   0.000058   0.000841  175.274
  473546.87  5891479.93   3.195437   0.000058   0.000838  175.263
  473547.13  5891476.75   3.195898   0.000058   0.000835  175.252
  473547.40  5891473.56   3.196356   0.000058   0.000832  175.242
  473547.66  5891470.38   3.196809   0.000057   0.000829  175.231
  473547.93  5891467.19   3.197259   0.000057   0.000826  175.221
  473548.20  5891464.00   3.197705   0.000057   0.000823  175.210
  473548.46  5891460.82   3.198147   0.000057   0.000820  175.200
  473548.73  5891457.63   3.198585   0.000056   0.000817  175.189
  473549.00  5891454.44   3.199019   0.000056   0.000814  175.179
  473549.27  5891451.26   3.199450   0.000056   0.000811  175.169
  473549.54  5891448.07   3.199876   0.000056   0.000808  175.158
  473549.81  5891444.88   3.200299   0.000056   0.000805  175.148
  473550.08  5891441.69   3.200718   0.000055   0.000802  175.138
  473550.35  5891438.50   3.201133   0.000055   0.000799  175.128
  473550.63  5891435.31   3.201545   0.000055   0.000796  175.118
  473550.90  5891432.12   3.201952   0.000055   0.000793  175.108
  473551.17  5891428.93   3.202356   0.000054   0.000790  175.098
  473551.45  5891425.74   3.202756   0.000054   0.000787  175.088
  473551.72  5891422.55   3.203152   0.000054   0.000784  175.078
  473552.00  5891419.36   3.203544   0.000054   0.000781  175.068
  473552.27  5891416.17   3.203932   0.000054   0.000778  175.058
  473552.55  5891412.97   3.204317   0.000053   0.000775  175.048
  473552.83  5891409.78   3.204698   0.000053   0.000772  175.038
  473553.11  5891406.59   3.205074   0.000053   0.000769  175.029
  473553.38  5891403.39   3.205447   0.000053   0.000766  175.019
  473553.66  5891400.20   3.205816   0.000052   0.000763  175.009
  473553.94  5891397.01   3.206182   0.000052   0.000760  175.000
  473554.22  5891393.81   3.206543   0.000052   0.000757  174.990
  473554.50  5891390.62   3.206901   0.000052   0.000754  174.980
  473554.78  5891387.42   3.207254   0.000052   0.000751  174.971
  473555.07  5891384.23   3.207603   0.000051   0.000748  174.961
  473555.35  5891381.03   3.207948   0.000051   0.000745  174.952
  473555.63  5891377.84   3.208291   0.000051   0.000742  174.942
  473555.91  5891374.64   3.208633   0.000051   0.000739  174.933
  473556.20  5891371.45   3.208975   0.000051   0.000736  174.924
  473556.48  5891368.25   3.209315   0.000050   0.000733  174.915
  473556.77  5891365.05   3.209653   0.000050   0.000729  174.905
  473557.05  5891361.86   3.209991   0.000050   0.000726  174.896
  473557.34  5891358.66   3.210327   0.000050   0.000723  174.887
  473557.63  5891355.46   3.210663   0.000049   0.000720  174.878
  473557.91  5891352.26   3.210997   0.000049   0.000717  174.869
  473558.20  5891349.06   3.211329   0.000049   0.000714  174.860
  473558.49  5891345.87   3.211661   0.000049   0.000710  174.851
  473558.78  5891342.67   3.211992   0.000048   0.000707  174.842
  473559.07  5891339.47   3.212321   0.000048   0.000704  174.833
  473559.36  5891336.27   3.212649   0.000048   0.000701  174.824
  473559.65  5891333.07   3.212976   0.000048   0.000698  174.815
  473559.94  5891329.87   3.213302   0.000048   0.000695  174.806
  473560.23  5891326.67   3.213626   0.000047   0.000692  174.797
  473560.52  5891323.47   3.213950   0.000047   0.000688  174.789
  473560.81  5891320.27   3.214272   0.000047   0.000685  174.780
  473561.11  5891317.07   3.214593   0.000047   0.000682  174.771
  473561.40  5891313.86   3.214912   0.000046   0.000679  174.763
  473561.69  5891310.66   3.215231   0.000046   0.000676  174.754
  473561.99  5891307.46   3.215548   0.000046   0.000673  174.746
  473562.28  5891304.26   3.215865   0.000046   0.000670  174.737
  473562.58  5891301.06   3.216180   0.000046   0.000666  174.729
  473562.87  5891297.85   3.216493   0.000045   0.000663  174.720
  473563.17  5891294.65   3.216806   0.000045   0.000660  174.712
  473563.47  5891291.45   3.217117   0.000045   0.000657  174.704
  473563.77  5891288.24   3.217427   0.000045   0.000654  174.696
  473564.06  5891285.04   3.217736   0.000044   0.000651  174.687
  473564.36  5891281.84   3.218044   0.000044   0.000648  174.679
  473564.66  5891278.63   3.218351   0.000044   0.000645  174.671
  473564.96  5891275.43   3.218656   0.000044   0.000641  174.663
  473565.26  5891272.22   3.218960   0.000044   0.000638  174.655
  473565.56  5891269.02   3.219263   0.000043   0.000635  174.647
  473565.86  5891265.81   3.219565   0.000043   0.000632  174.639
  473566.16  5891262.61   3.219865   0.000043   0.000629  174.631
  473566.46  5891259.40   3.220164   0.000043   0.000626  174.623
  473566.77  5891256.19   3.220462   0.000042   0.000623  174.615
  473567.07  5891252.99   3.220759   0.000042   0.000620  174.607
  473567.37  5891249.78   3.221055   0.000042   0.000616  174.599
  473567.68  5891246.58   3.221349   0.000042   0.000613  174.592
  473567.98  5891243.37   3.221642   0.000042   0.000610  174.584
  473568.28  5891240.16   3.221934   0.000041   0.000607  174.576
  473568.59  5891236.95   3.222225   0.000041   0.000604  174.569
  473568.89  5891233.75   3.222515   0.000041   0.000601  174.561
  473569.20  5891230.54   3.222803   0.000041   0.000598  174.553
  473569.51  5891227.33   3.223090   0.000040   0.000595  174.546
  473569.81  5891224.12   3.223376   0.000040   0.000591  174.538
  473570.12  5891220.91   3.223661   0.000040   0.000588  174.531
  473570.43  5891217.70   3.223944   0.000040   0.000585  174.524
  473570.74  5891214.49   3.224226   0.000040   0.000582  174.516
  473571.05  5891211.28   3.224507   0.000039   0.000579  174.509
  473571.35  5891208.07   3.224787   0.000039   0.000576  174.502
  473571.66  5891204.86   3.225065   0.000039   0.000573  174.494
  473571.97  5891201.65   3.225343   0.000039   0.000570  174.487
  473572.28  5891198.44   3.225619   0.000039   0.000567  174.480
  473572.59  5891195.23   3.225893   0.000038   0.000563  174.473
  473572.91  5891192.02   3.226167   0.000038   0.000560  174.466
  473573.22  5891188.81   3.226439   0.000038   0.000557  174.459
  473573.53  5891185.60   3.226711   0.000038   0.000554  174.452
  473573.84  5891182.39   3.226980   0.000037   0.000551  174.445
  473574.15  5891179.17   3.227249   0.000037   0.000548  174.438
  473574.47  5891175.96   3.227516   0.000037   0.000545  174.431
  473574.78  5891172.75   3.227783   0.000037   0.000542  174.424
  473575.10  5891169.54   3.228048   0.000037   0.000539  174.417
  473575.41  5891166.32   3.228311   0.000036   0.000535  174.411
  473575.72  5891163.11   3.228574   0.000036   0.000532  174.404
  473576.04  5891159.90   3.228835   0.000036   0.000529  174.397
  473576.36  5891156.68   3.229095   0.000036   0.000526  174.391
  473576.67  5891153.47   3.229354   0.000035   0.000523  174.384
  473576.99  5891150.26   3.229611   0.000035   0.000520  174.377
  473577.30  5891147.04   3.229868   0.000035   0.000517  174.371
  473577.62  5891143.83   3.230123   0.000035   0.000514  174.364
  473577.94  5891140.61   3.230376   0.000035   0.000511  174.358
  473578.26  5891137.40   3.230629   0.000034   0.000508  174.352
  473578.58  5891134.18   3.230880   0.000034   0.000504  174.345
  473578.89  5891130.97   3.231130   0.000034   0.000501  174.339
  473579.21  5891127.75   3.231379   0.000034   0.000498  174.333
  473579.53  5891124.54   3.231627   0.000034   0.000495  174.326
  473579.85  5891121.32   3.231873   0.000033   0.000492  174.320
  473580.17  5891118.11   3.232118   0.000033   0.000489  174.314
  473580.49  5891114.89   3.232362   0.000033   0.000486  174.308
  473580.81  5891111.67   3.232604   0.000033   0.000483  174.302
  473581.14  5891108.46   3.232846   0.000032   0.000480  174.296
  473581.46  5891105.24   3.233086   0.000032   0.000477  174.290
  473581.78  5891102.02   3.233324   0.000032   0.000474  174.284
  473582.10  5891098.80   3.233562   0.000032   0.000470  174.278
  473582.42  5891095.59   3.233798   0.000032   0.000467  174.272
  473582.75  5891092.37   3.234033   0.000031   0.000464  174.266
  473583.07  5891089.15   3.234267   0.000031   0.000461  174.260
  473583.39  5891085.93   3.234500   0.000031   0.000458  174.254
  473583.72  5891082.72   3.234731   0.000031   0.000455  174.249
  473584.04  5891079.50   3.234961   0.000031   0.000452  174.243
  473584.37  5891076.28   3.235190   0.000030   0.000449  174.237
  473584.69  5891073.06   3.235417   0.000030   0.000446  174.232
  473585.02  5891069.84   3.235643   0.000030   0.000443  174.226
  473585.34  5891066.62   3.235868   0.000030   0.000440  174.221
  473585.67  5891063.40   3.236092   0.000029   0.000436  174.215
  473586.00  5891060.18   3.236314   0.000029   0.000433  174.210
  473586.32  5891056.96   3.236536   0.000029   0.000430  174.204
  473586.65  5891053.74   3.236756   0.000029   0.000427  174.199
  473586.98  5891050.52   3.236974   0.000029   0.000424  174.194
  473587.31  5891047.30   3.237192   0.000028   0.000421  174.188
  473587.63  5891044.08   3.237408   0.000028   0.000418  174.183
  473587.96  5891040.86   3.237623   0.000028   0.000415  174.178
  473588.29  5891037.64   3.237836   0.000028   0.000412  174.173
  473588.62  5891034.42   3.238049   0.000028   0.000409  174.167
  473588.95  5891031.20   3.238260   0.000027   0.000406  174.162
  473589.28  5891027.97   3.238470   0.000027   0.000403  174.157
  473589.61  5891024.75   3.238678   0.000027   0.000400  174.152
  473589.94  5891021.53   3.238885   0.000027   0.000396  174.147
  473590.27  5891018.31   3.239091   0.000027   0.000393  174.142
  473590.60  5891015.09   3.239296   0.000026   0.000390  174.137
  473590.93  5891011.86   3.239500   0.000026   0.000387  174.132
  473591.26  5891008.64   3.239702   0.000026   0.000384  174.128
  473591.60  5891005.42   3.239903   0.000026   0.000381  174.123
  473591.93  5891002.20   3.240102   0.000025   0.000378  174.118
  473592.26  5890998.97   3.240301   0.000025   0.000375  174.113
  473592.59  5890995.75   3.240498   0.000025   0.000372  174.109
  473592.93  5890992.53   3.240694   0.000025   0.000369  174.104
  473593.26  5890989.30   3.240888   0.000025   0.000366  174.099
  473593.59  5890986.08   3.241082   0.000024   0.000363  174.095
  473593.93  5890982.85   3.241274   0.000024   0.000360  174.090
  473594.26  5890979.63   3.241464   0.000024   0.000356  174.086
  473594.59  5890976.41   3.241654   0.000024   0.000353  174.081
  473594.93  5890973.18   3.241842   0.000024   0.000350  174.077
  473595.26  5890969.96   3.242029   0.000023   0.000347  174.072
  473595.60  5890966.73   3.242215   0.000023   0.000344  174.068
  473595.93  5890963.51   3.242399   0.000023   0.000341  174.064
  473596.27  5890960.28   3.242582   0.000023   0.000338  174.060
  473596.61  5890957.06   3.242764   0.000023   0.000335  174.055
  473596.94  5890953.83   3.242944   0.000022   0.000332  174.051
  473597.28  5890950.61   3.243124   0.000022   0.000329  174.047
  473597.61  5890947.38   3.243302   0.000022   0.000326  174.043
  473597.95  5890944.15   3.243478   0.000022   0.000323  174.039
  473598.29  5890940.93   3.243654   0.000021   0.000320  174.035
  473598.63  5890937.70   3.243828   0.000021   0.000317  174.031
  473598.96  5890934.48   3.244001   0.000021   0.000314  174.027
  473599.30  5890931.25   3.244172   0.000021   0.000310  174.023
  473599.64  5890928.02   3.244343   0.000021   0.000307  174.019
  473599.98  5890924.80   3.244512   0.000020   0.000304  174.015
  473600.32  5890921.57   3.244679   0.000020   0.000301  174.011
  473600.65  5890918.34   3.244846   0.000020   0.000298  174.008
  473600.99  5890915.11   3.245011   0.000020   0.000295  174.004
  473601.33  5890911.89   3.245175   0.000020   0.000292  174.000
  473601.67  5890908.66   3.245337   0.000019   0.000289  173.997
  473602.01  5890905.43   3.245499   0.000019   0.000286  173.993
  473602.35  5890902.20   3.245659   0.000019   0.000283  173.989
  473602.69  5890898.98   3.245817   0.000019   0.000280  173.986
  473603.03  5890895.75   3.245975   0.000019   0.000277  173.982
  473603.37  5890892.52   3.246131   0.000018   0.000274  173.979
  473603.71  5890889.29   3.246286   0.000018   0.000271  173.976
  473604.05  5890886.06   3.246439   0.000018   0.000268  173.972
  473604.40  5890882.84   3.246592   0.000018   0.000265  173.969
  473604.74  5890879.61   3.246743   0.000018   0.000261  173.965
  473605.08  5890876.38   3.246892   0.000017   0.000258  173.962
  473605.42  5890873.15   3.247041   0.000017   0.000255  173.959
  473605.76  5890869.92   3.247188   0.000017   0.000252  173.956
  473606.10  5890866.69   3.247334   0.000017   0.000249  173.953
  473606.45  5890863.46   3.247478   0.000017   0.000246  173.950
  473606.79  5890860.23   3.247622   0.000016   0.000243  173.946
  473607.13  5890857.00   3.247764   0.000016   0.000240  173.943
  473607.47  5890853.77   3.247904   0.000016   0.000237  173.940
  473607.82  5890850.54   3.248044   0.000016   0.000234  173.938
  473608.16  5890847.31   3.248182   0.000015   0.000231  173.935
  473608.50  5890844.08   3.248319   0.000015   0.000228  173.932
  473608.85  5890840.85   3.248454   0.000015   0.000225  173.929
  473609.19  5890837.62   3.248588   0.000015   0.000222  173.926
  473609.54  5890834.39   3.248721   0.000015   0.000219  173.923
  473609.88  5890831.16   3.248853   0.000014   0.000216  173.921
  473610.22  5890827.93   3.248983   0.000014   0.000213  173.918
  473610.57  5890824.70   3.249112   0.000014   0.000210  173.915
  473610.91  5890821.47   3.249240   0.000014   0.000206  173.913
  473611.26  5890818.24   3.249366   0.000014   0.000203  173.910
  473611.60  5890815.01   3.249492   0.000013   0.000200  173.908
  473611.95  5890811.78   3.249615   0.000013   0.000197  173.905
  473612.29  5890808.54   3.249738   0.000013   0.000194  173.903
  473612.64  5890805.31   3.249859   0.000013   0.000191  173.900
  473612.98  5890802.08   3.249979   0.000013   0.000188  173.898
  473613.33  5890798.85   3.250098   0.000012   0.000186  173.895
  473613.67  5890795.62   3.250215   0.000012   0.000184  173.893
  473614.02  5890792.39   3.250332   0.000012   0.000182  173.891
  473614.37  5890789.15   3.250447   0.000012   0.000180  173.889
  473614.71  5890785.92   3.250560   0.000012   0.000178  173.886
  473615.06  5890782.69   3.250673   0.000012   0.000176  173.884
  473615.41  5890779.46   3.250784   0.000012   0.000174  173.882
  473615.75  5890776.23   3.250894   0.000012   0.000172  173.880
  473616.10  5890772.99   3.251003   0.000011   0.000170  173.878
  473616.45  5890769.76   3.251110   0.000011   0.000169  173.875
  473616.79  5890766.53   3.251217   0.000011   0.000167  173.873
  473617.14  5890763.30   3.251322   0.000011   0.000165  173.871
  473617.49  5890760.06   3.251426   0.000011   0.000163  173.869
  473617.83  5890756.83   3.251528   0.000011   0.000161  173.867
  473618.18  5890753.60   3.251630   0.000011   0.000159  173.865
  473618.53  5890750.36   3.251730   0.000010   0.000157  173.863
  473618.88  5890747.13   3.251829   0.000010   0.000155  173.861
  473619.22  5890743.90   3.251926   0.000010   0.000153  173.859
  473619.57  5890740.66   3.252023   0.000010   0.000151  173.857
  473619.92  5890737.43   3.252118   0.000010   0.000149  173.856
  473620.27  5890734.20   3.252212   0.000010   0.000147  173.854
  473620.62  5890730.96   3.252304   0.000010   0.000145  173.852
  473620.97  5890727.73   3.252396   0.000010   0.000143  173.850
  473621.31  5890724.50   3.252486   0.000009   0.000141  173.848
  473621.66  5890721.26   3.252575   0.000009   0.000139  173.846
  473622.01  5890718.03   3.252663   0.000009   0.000137  173.845
  473622.36  5890714.80   3.252749   0.000009   0.000135  173.843
  473622.71  5890711.56   3.252834   0.000009   0.000133  173.841
  473623.06  5890708.33   3.252918   0.000009   0.000131  173.840
  473623.41  5890705.09   3.253001   0.000009   0.000129  173.838
  473623.76  5890701.86   3.253083   0.000009   0.000127  173.836
  473624.11  5890698.62   3.253163   0.000008   0.000125  173.835
  473624.46  5890695.39   3.253242   0.000008   0.000123  173.833
  473624.81  5890692.16   3.253320   0.000008   0.000121  173.832
  473625.16  5890688.92   3.253396   0.000008   0.000119  173.830
  473625.50  5890685.69   3.253472   0.000008   0.000117  173.829
  473625.85  5890682.45   3.253546   0.000008   0.000116  173.827
  473626.20  5890679.22   3.253618   0.000008   0.000114  173.826
  473626.55  5890675.98   3.253690   0.000007   0.000112  173.824
  473626.90  5890672.75   3.253760   0.000007   0.000110  173.823
  473627.25  5890669.51   3.253829   0.000007   0.000108  173.822
  473627.61  5890666.28   3.253897   0.000007   0.000106  173.820
  473627.96  5890663.04   3.253964   0.000007   0.000104  173.819
  473628.31  5890659.81   3.254029   0.000007   0.000102  173.818
  473628.66  5890656.57   3.254093   0.000007   0.000100  173.816
  473629.01  5890653.34   3.254156   0.000007   0.000098  173.815
  473629.36  5890650.10   3.254218   0.000006   0.000096  173.814
  473629.71  5890646.87   3.254278   0.000006   0.000094  173.813
  473630.06  5890643.63   3.254337   0.000006   0.000092  173.812
  473630.41  5890640.40   3.254395   0.000006   0.000090  173.811
  473630.76  5890637.16   3.254452   0.000006   0.000088  173.809
  473631.11  5890633.93   3.254507   0.000006   0.000086  173.808
  473631.46  5890630.69   3.254561   0.000006   0.000084  173.807
  473631.81  5890627.45   3.254614   0.000005   0.000082  173.806
  473632.17  5890624.22   3.254666   0.000005   0.000080  173.805
  473632.52  5890620.98   3.254716   0.000005   0.000078  173.804
  473632.87  5890617.75   3.254766   0.000005   0.000076  173.803
  473633.22  5890614.51   3.254814   0.000005   0.000074  173.802
  473633.57  5890611.28   3.254860   0.000005   0.000072  173.801
  473633.92  5890608.04   3.254906   0.000005   0.000070  173.800
  473634.27  5890604.80   3.254950   0.000005   0.000069  173.800
  473634.63  5890601.57   3.254993   0.000004   0.000067  173.799
  473634.98  5890598.33   3.255035   0.000004   0.000065  173.798
  473635.33  5890595.10   3.255075   0.000004   0.000063  173.797
  473635.68  5890591.86   3.255114   0.000004   0.000061  173.796
  473636.03  5890588.62   3.255152   0.000004   0.000059  173.796
  473636.38  5890585.39   3.255189   0.000004   0.000057  173.795
  473636.74  5890582.15   3.255225   0.000004   0.000055  173.794
  473637.09  5890578.92   3.255259   0.000004   0.000053  173.793
  473637.44  5890575.68   3.255292   0.000003   0.000051  173.793
  473637.79  5890572.44   3.255324   0.000003   0.000049  173.792
  473638.14  5890569.21   3.255354   0.000003   0.000047  173.791
  473638.50  5890565.97   3.255383   0.000003   0.000045  173.791
  473638.85  5890562.73   3.255411   0.000003   0.000043  173.790
  473639.20  5890559.50   3.255438   0.000003   0.000041  173.790
  473639.55  5890556.26   3.255464   0.000003   0.000039  173.789
  473639.91  5890553.03   3.255488   0.000002   0.000037  173.789
  473640.26  5890549.79   3.255511   0.000002   0.000035  173.788
  473640.61  5890546.55   3.255533   0.000002   0.000033  173.788
  473640.96  5890543.32   3.255553   0.000002   0.000031  173.787
  473641.31  5890540.08   3.255573   0.000002   0.000029  173.787
  473641.67  5890536.84   3.255591   0.000002   0.000027  173.787
  473642.02  5890533.61   3.255608   0.000002   0.000025  173.786
  473642.37  5890530.37   3.255623   0.000002   0.000023  173.786
  473642.72  5890527.13   3.255637   0.000001   0.000022  173.786
  473643.08  5890523.90   3.255651   0.000001   0.000020  173.786
  473643.43  5890520.66   3.255662   0.000001   0.000018  173.785
  473643.78  5890517.42   3.255673   0.000001   0.000016  173.785
  473644.13  5890514.19   3.255682   0.000001   0.000014  173.785
  473644.49  5890510.95   3.255690   0.000001   0.000012  173.785
  473644.84  5890507.71   3.255697   0.000001   0.000010  173.785
  473645.19  5890504.48   3.255703   0.000001   0.000008  173.784
  473645.54  5890501.24   3.255707   0.000000   0.000006  173.784
  473645.90  5890498.00   3.255710   0.000000   0.000003  173.784
  473646.25  5890494.77   3.255712   0.000000   0.000002  173.784
