  470321.00  5892713.50   1.095347   0.000001   0.000002    0.000
  470321.08  5892712.41   1.096618   0.000002   0.000004  176.217
  470321.15  5892711.31   1.099158   0.000005   0.000008  176.217
  470321.22  5892710.22   1.101697   0.000007   0.000013  176.217
  470321.29  5892709.12   1.104233   0.000010   0.000017  176.218
  470321.37  5892708.01   1.106767   0.000012   0.000021  176.218
  470321.44  5892706.91   1.109298   0.000014   0.000025  176.219
  470321.51  5892705.80   1.111828   0.000017   0.000029  176.220
  470321.59  5892704.69   1.114356   0.000019   0.000033  176.221
  470321.66  5892703.57   1.116881   0.000021   0.000037  176.222
  470321.73  5892702.46   1.119404   0.000023   0.000041  176.223
  470321.81  5892701.34   1.121925   0.000026   0.000046  176.225
  470321.88  5892700.22   1.124444   0.000028   0.000050  176.227
  470321.95  5892699.10   1.126961   0.000030   0.000054  176.228
  470322.03  5892697.97   1.129475   0.000032   0.000058  176.230
  470322.10  5892696.84   1.131988   0.000034   0.000062  176.232
  470322.18  5892695.71   1.134498   0.000036   0.000066  176.235
  470322.25  5892694.58   1.137006   0.000038   0.000070  176.237
  470322.33  5892693.44   1.139512   0.000040   0.000074  176.239
  470322.40  5892692.30   1.142016   0.000042   0.000078  176.242
  470322.48  5892691.16   1.144517   0.000044   0.000082  176.245
  470322.55  5892690.02   1.147017   0.000046   0.000086  176.248
  470322.63  5892688.87   1.149514   0.000048   0.000090  176.251
  470322.70  5892687.73   1.152009   0.000050   0.000094  176.254
  470322.78  5892686.58   1.154502   0.000052   0.000098  176.257
  470322.85  5892685.42   1.156993   0.000054   0.000102  176.261
  470322.93  5892684.27   1.159482   0.000056   0.000106  176.264
  470323.00  5892683.11   1.161969   0.000058   0.000110  176.268
  470323.08  5892681.95   1.164453   0.000059   0.000114  176.272
  470323.15  5892680.78   1.166935   0.000061   0.000118  176.276
  470323.23  5892679.62   1.169416   0.000063   0.000122  176.280
  470323.31  5892678.45   1.171894   0.000065   0.000126  176.284
  470323.38  5892677.28   1.174369   0.000066   0.000130  176.288
  470323.46  5892676.11   1.176843   0.000068   0.000134  176.293
  470323.53  5892674.93   1.179315   0.000070   0.000137  176.297
  470323.61  5892673.75   1.181784   0.000072   0.000141  176.302
  470323.69  5892672.57   1.184252   0.000073   0.000145  176.307
  470323.76  5892671.39   1.186717   0.000075   0.000149  176.312
  470323.84  5892670.20   1.189180   0.000077   0.000153  176.317
  470323.92  5892669.02   1.191641   0.000078   0.000157  176.322
  470323.99  5892667.83   1.194099   0.000080   0.000161  176.328
  470324.07  5892666.63   1.196556   0.000081   0.000165  176.333
  470324.15  5892665.44   1.199010   0.000083   0.000168  176.339
  470324.22  5892664.24   1.201463   0.000084   0.000172  176.344
  470324.30  5892663.04   1.203913   0.000086   0.000176  176.350
  470324.37  5892661.84   1.206361   0.000087   0.000180  176.356
  470324.45  5892660.63   1.208807   0.000089   0.000184  176.362
  470324.53  5892659.42   1.211251   0.000090   0.000188  176.368
  470324.60  5892658.21   1.213693   0.000092   0.000191  176.375
  470324.68  5892657.00   1.216132   0.000093   0.000195  176.381
  470324.76  5892655.79   1.218569   0.000095   0.000199  176.387
  470324.83  5892654.57   1.221005   0.000096   0.000203  176.394
  470324.91  5892653.35   1.223438   0.000098   0.000207  176.401
  470324.99  5892652.13   1.225869   0.000099   0.000210  176.408
  470325.07  5892650.90   1.228298   0.000100   0.000214  176.415
  470325.14  5892649.67   1.230725   0.000102   0.000218  176.422
  470325.22  5892648.45   1.233149   0.000103   0.000222  176.429
  470325.30  5892647.21   1.235572   0.000104   0.000226  176.436
  470325.37  5892645.98   1.237992   0.000106   0.000229  176.444
  470325.45  5892644.74   1.240411   0.000107   0.000233  176.451
  470325.53  5892643.50   1.242827   0.000108   0.000237  176.459
  470325.60  5892642.26   1.245241   0.000110   0.000241  176.466
  470325.68  5892641.02   1.247653   0.000111   0.000244  176.474
  470325.76  5892639.77   1.250063   0.000113   0.000249  176.482
  470325.83  5892638.52   1.252473   0.000114   0.000253  176.490
  470325.91  5892637.27   1.254881   0.000115   0.000255  176.498
  470325.99  5892636.02   1.257282   0.000115   0.000257  176.507
  470326.06  5892634.76   1.259675   0.000115   0.000258  176.515
  470326.14  5892633.50   1.262060   0.000115   0.000259  176.523
  470326.21  5892632.24   1.264438   0.000115   0.000261  176.532
  470326.29  5892630.98   1.266808   0.000115   0.000262  176.540
  470326.37  5892629.71   1.269170   0.000116   0.000263  176.548
  470326.44  5892628.44   1.271524   0.000116   0.000265  176.557
  470326.52  5892627.17   1.273871   0.000116   0.000266  176.565
  470326.60  5892625.90   1.276210   0.000116   0.000267  176.574
  470326.67  5892624.63   1.278541   0.000116   0.000269  176.582
  470326.75  5892623.35   1.280864   0.000116   0.000270  176.591
  470326.82  5892622.07   1.283180   0.000116   0.000271  176.599
  470326.90  5892620.79   1.285488   0.000117   0.000273  176.608
  470326.98  5892619.50   1.287788   0.000117   0.000274  176.616
  470327.05  5892618.22   1.290081   0.000117   0.000275  176.625
  470327.13  5892616.93   1.292366   0.000117   0.000277  176.634
  470327.20  5892615.63   1.294643   0.000117   0.000278  176.642
  470327.28  5892614.34   1.296913   0.000117   0.000279  176.651
  470327.35  5892613.05   1.299175   0.000118   0.000281  176.660
  470327.43  5892611.75   1.301429   0.000118   0.000282  176.668
  470327.51  5892610.45   1.303675   0.000118   0.000283  176.677
  470327.58  5892609.14   1.305914   0.000118   0.000285  176.686
  470327.66  5892607.84   1.308145   0.000118   0.000286  176.695
  470327.73  5892606.53   1.310368   0.000118   0.000287  176.704
  470327.81  5892605.22   1.312583   0.000118   0.000289  176.712
  470327.88  5892603.91   1.314791   0.000119   0.000290  176.721
  470327.96  5892602.60   1.316991   0.000119   0.000291  176.730
  470328.03  5892601.28   1.319184   0.000119   0.000293  176.739
  470328.11  5892599.96   1.321368   0.000119   0.000294  176.748
  470328.18  5892598.64   1.323545   0.000119   0.000295  176.757
  470328.26  5892597.32   1.325715   0.000119   0.000297  176.766
  470328.33  5892596.00   1.327876   0.000120   0.000298  176.775
  470328.41  5892594.67   1.330030   0.000120   0.000299  176.785
  470328.48  5892593.34   1.332176   0.000120   0.000301  176.794
  470328.55  5892592.01   1.334315   0.000120   0.000302  176.803
  470328.63  5892590.68   1.336445   0.000120   0.000304  176.812
  470328.70  5892589.34   1.338569   0.000120   0.000305  176.821
  470328.78  5892588.00   1.340684   0.000120   0.000306  176.830
  470328.85  5892586.66   1.342791   0.000121   0.000308  176.840
  470328.93  5892585.32   1.344891   0.000121   0.000309  176.849
  470329.00  5892583.98   1.346984   0.000121   0.000310  176.858
  470329.07  5892582.63   1.349068   0.000121   0.000312  176.868
  470329.15  5892581.28   1.351145   0.000121   0.000313  176.877
  470329.22  5892579.93   1.353214   0.000121   0.000315  176.886
  470329.29  5892578.58   1.355276   0.000122   0.000316  176.896
  470329.37  5892577.23   1.357329   0.000122   0.000317  176.905
  470329.44  5892575.87   1.359375   0.000122   0.000319  176.915
  470329.51  5892574.51   1.361414   0.000122   0.000320  176.924
  470329.59  5892573.15   1.363444   0.000122   0.000322  176.934
  470329.66  5892571.79   1.365467   0.000122   0.000323  176.943
  470329.73  5892570.42   1.367483   0.000123   0.000324  176.953
  470329.80  5892569.06   1.369490   0.000123   0.000326  176.962
  470329.88  5892567.69   1.371490   0.000123   0.000327  176.972
  470329.95  5892566.32   1.373482   0.000123   0.000328  176.982
  470330.02  5892564.95   1.375467   0.000123   0.000330  176.991
  470330.09  5892563.57   1.377443   0.000123   0.000331  177.001
  470330.16  5892562.19   1.379412   0.000124   0.000333  177.011
  470330.24  5892560.82   1.381374   0.000124   0.000335  177.021
  470330.31  5892559.44   1.383327   0.000124   0.000336  177.030
  470330.38  5892558.05   1.385273   0.000124   0.000338  177.040
  470330.45  5892556.67   1.387212   0.000125   0.000339  177.050
  470330.52  5892555.28   1.389142   0.000125   0.000341  177.060
  470330.59  5892553.89   1.391065   0.000125   0.000343  177.070
  470330.66  5892552.50   1.392980   0.000126   0.000344  177.080
  470330.73  5892551.11   1.394888   0.000126   0.000346  177.090
  470330.80  5892549.72   1.396788   0.000126   0.000348  177.100
  470330.88  5892548.32   1.398680   0.000126   0.000349  177.110
  470330.95  5892546.92   1.400564   0.000127   0.000351  177.120
  470331.02  5892545.52   1.402441   0.000127   0.000353  177.130
  470331.09  5892544.12   1.404310   0.000127   0.000354  177.141
  470331.16  5892542.72   1.406171   0.000127   0.000356  177.151
  470331.23  5892541.31   1.408025   0.000128   0.000358  177.161
  470331.29  5892539.91   1.409871   0.000128   0.000359  177.171
  470331.36  5892538.50   1.411709   0.000128   0.000361  177.182
  470331.43  5892537.09   1.413539   0.000128   0.000363  177.192
  470331.50  5892535.67   1.415362   0.000129   0.000364  177.202
  470331.57  5892534.26   1.417178   0.000129   0.000366  177.213
  470331.64  5892532.84   1.418985   0.000129   0.000368  177.223
  470331.71  5892531.42   1.420785   0.000129   0.000369  177.234
  470331.78  5892530.00   1.422577   0.000130   0.000371  177.244
  470331.84  5892528.58   1.424361   0.000130   0.000373  177.255
  470331.91  5892527.16   1.426138   0.000130   0.000374  177.266
  470331.98  5892525.73   1.427907   0.000130   0.000376  177.276
  470332.05  5892524.31   1.429669   0.000131   0.000378  177.287
  470332.12  5892522.88   1.431422   0.000131   0.000379  177.298
  470332.18  5892521.45   1.433168   0.000131   0.000381  177.308
  470332.25  5892520.01   1.434907   0.000131   0.000383  177.319
  470332.32  5892518.58   1.436637   0.000132   0.000384  177.330
  470332.38  5892517.14   1.438360   0.000132   0.000386  177.341
  470332.45  5892515.71   1.440076   0.000132   0.000388  177.352
  470332.52  5892514.27   1.441783   0.000132   0.000389  177.362
  470332.58  5892512.83   1.443483   0.000133   0.000391  177.373
  470332.65  5892511.38   1.445175   0.000133   0.000393  177.384
  470332.71  5892509.94   1.446860   0.000133   0.000395  177.395
  470332.78  5892508.49   1.448537   0.000134   0.000396  177.406
  470332.84  5892507.04   1.450206   0.000134   0.000398  177.418
  470332.91  5892505.59   1.451868   0.000134   0.000400  177.429
  470332.97  5892504.14   1.453522   0.000134   0.000401  177.440
  470333.04  5892502.69   1.455168   0.000135   0.000403  177.451
  470333.10  5892501.24   1.456806   0.000135   0.000405  177.462
  470333.17  5892499.78   1.458437   0.000135   0.000407  177.474
  470333.23  5892498.32   1.460060   0.000135   0.000408  177.485
  470333.30  5892496.86   1.461676   0.000136   0.000410  177.496
  470333.36  5892495.40   1.463284   0.000136   0.000412  177.508
  470333.42  5892493.94   1.464884   0.000136   0.000414  177.519
  470333.49  5892492.47   1.466476   0.000137   0.000415  177.530
  470333.55  5892491.01   1.468061   0.000137   0.000417  177.542
  470333.61  5892489.54   1.469638   0.000137   0.000419  177.553
  470333.67  5892488.07   1.471208   0.000137   0.000421  177.565
  470333.74  5892486.60   1.472770   0.000138   0.000422  177.576
  470333.80  5892485.13   1.474324   0.000138   0.000424  177.588
  470333.86  5892483.66   1.475870   0.000138   0.000426  177.600
  470333.92  5892482.18   1.477409   0.000139   0.000428  177.611
  470333.98  5892480.70   1.478940   0.000139   0.000429  177.623
  470334.04  5892479.22   1.480464   0.000139   0.000431  177.635
  470334.11  5892477.74   1.481980   0.000139   0.000433  177.647
  470334.17  5892476.26   1.483488   0.000140   0.000435  177.659
  470334.23  5892474.78   1.484989   0.000140   0.000437  177.670
  470334.29  5892473.30   1.486482   0.000140   0.000438  177.682
  470334.35  5892471.81   1.487967   0.000141   0.000440  177.694
  470334.41  5892470.32   1.489444   0.000141   0.000442  177.706
  470334.46  5892468.83   1.490914   0.000141   0.000444  177.718
  470334.52  5892467.34   1.492377   0.000141   0.000445  177.730
  470334.58  5892465.85   1.493831   0.000142   0.000447  177.742
  470334.64  5892464.36   1.495278   0.000142   0.000449  177.755
  470334.70  5892462.86   1.496717   0.000142   0.000451  177.767
  470334.76  5892461.37   1.498149   0.000143   0.000453  177.779
  470334.82  5892459.87   1.499573   0.000143   0.000454  177.791
  470334.87  5892458.37   1.500989   0.000143   0.000456  177.803
  470334.93  5892456.87   1.502398   0.000144   0.000458  177.816
  470334.99  5892455.37   1.503799   0.000144   0.000460  177.828
  470335.04  5892453.86   1.505193   0.000144   0.000462  177.841
  470335.10  5892452.36   1.506578   0.000144   0.000464  177.853
  470335.16  5892450.85   1.507956   0.000145   0.000465  177.865
  470335.21  5892449.34   1.509327   0.000145   0.000467  177.878
  470335.27  5892447.84   1.510690   0.000145   0.000469  177.890
  470335.32  5892446.32   1.512045   0.000146   0.000471  177.903
  470335.38  5892444.81   1.513392   0.000146   0.000473  177.916
  470335.43  5892443.30   1.514732   0.000146   0.000475  177.928
  470335.49  5892441.79   1.516065   0.000147   0.000477  177.941
  470335.54  5892440.27   1.517389   0.000147   0.000478  177.954
  470335.60  5892438.75   1.518706   0.000147   0.000480  177.967
  470335.65  5892437.23   1.520016   0.000148   0.000482  177.979
  470335.70  5892435.71   1.521317   0.000148   0.000484  177.992
  470335.76  5892434.19   1.522611   0.000148   0.000486  178.005
  470335.81  5892432.67   1.523898   0.000149   0.000488  178.018
  470335.86  5892431.15   1.525176   0.000149   0.000490  178.031
  470335.91  5892429.62   1.526448   0.000149   0.000491  178.044
  470335.96  5892428.10   1.527711   0.000149   0.000493  178.057
  470336.02  5892426.57   1.528967   0.000150   0.000495  178.070
  470336.07  5892425.04   1.530215   0.000150   0.000497  178.083
  470336.12  5892423.51   1.531456   0.000150   0.000499  178.096
  470336.17  5892421.98   1.532689   0.000151   0.000501  178.110
  470336.22  5892420.45   1.533914   0.000151   0.000503  178.123
  470336.27  5892418.91   1.535132   0.000151   0.000505  178.136
  470336.32  5892417.38   1.536342   0.000152   0.000507  178.149
  470336.37  5892415.84   1.537545   0.000152   0.000509  178.163
  470336.42  5892414.30   1.538740   0.000152   0.000511  178.176
  470336.46  5892412.77   1.539927   0.000153   0.000512  178.190
  470336.51  5892411.23   1.541106   0.000153   0.000514  178.203
  470336.56  5892409.69   1.542278   0.000153   0.000516  178.217
  470336.61  5892408.14   1.543443   0.000154   0.000518  178.230
  470336.66  5892406.60   1.544600   0.000154   0.000520  178.244
  470336.70  5892405.06   1.545749   0.000155   0.000522  178.257
  470336.75  5892403.51   1.546890   0.000155   0.000524  178.271
  470336.80  5892401.96   1.548024   0.000155   0.000526  178.285
  470336.84  5892400.41   1.549150   0.000156   0.000528  178.299
  470336.89  5892398.87   1.550269   0.000156   0.000530  178.312
  470336.93  5892397.32   1.551380   0.000156   0.000532  178.326
  470336.98  5892395.76   1.552484   0.000157   0.000534  178.340
  470337.02  5892394.21   1.553579   0.000157   0.000536  178.354
  470337.07  5892392.66   1.554668   0.000157   0.000538  178.368
  470337.11  5892391.10   1.555749   0.000158   0.000539  178.382
  470337.15  5892389.55   1.556822   0.000158   0.000542  178.396
  470337.20  5892387.99   1.557887   0.000159   0.000545  178.410
  470337.24  5892386.43   1.558944   0.000159   0.000547  178.424
  470337.28  5892384.87   1.559992   0.000160   0.000550  178.439
  470337.32  5892383.31   1.561031   0.000160   0.000553  178.453
  470337.37  5892381.75   1.562062   0.000161   0.000556  178.467
  470337.41  5892380.19   1.563085   0.000162   0.000559  178.482
  470337.45  5892378.63   1.564099   0.000162   0.000561  178.496
  470337.49  5892377.06   1.565104   0.000163   0.000564  178.511
  470337.53  5892375.50   1.566101   0.000163   0.000567  178.525
  470337.57  5892373.93   1.567090   0.000164   0.000570  178.540
  470337.61  5892372.37   1.568070   0.000165   0.000573  178.555
  470337.65  5892370.80   1.569042   0.000165   0.000575  178.570
  470337.69  5892369.23   1.570005   0.000166   0.000578  178.584
  470337.73  5892367.66   1.570960   0.000166   0.000581  178.599
  470337.76  5892366.09   1.571906   0.000167   0.000584  178.614
  470337.80  5892364.52   1.572844   0.000168   0.000587  178.629
  470337.84  5892362.94   1.573773   0.000168   0.000590  178.644
  470337.88  5892361.37   1.574694   0.000169   0.000592  178.660
  470337.91  5892359.80   1.575607   0.000170   0.000596  178.675
  470337.95  5892358.22   1.576509   0.000170   0.000599  178.690
  470337.98  5892356.64   1.577402   0.000171   0.000601  178.706
  470338.02  5892355.07   1.578291   0.000171   0.000603  178.721
  470338.05  5892353.49   1.579176   0.000171   0.000605  178.736
  470338.09  5892351.91   1.580058   0.000172   0.000607  178.752
  470338.12  5892350.33   1.580935   0.000172   0.000608  178.768
  470338.16  5892348.75   1.581808   0.000172   0.000610  178.783
  470338.19  5892347.16   1.582677   0.000173   0.000612  178.799
  470338.22  5892345.58   1.583542   0.000173   0.000614  178.814
  470338.25  5892344.00   1.584402   0.000173   0.000616  178.830
  470338.29  5892342.41   1.585259   0.000174   0.000617  178.846
  470338.32  5892340.83   1.586112   0.000174   0.000619  178.862
  470338.35  5892339.24   1.586961   0.000174   0.000621  178.877
  470338.38  5892337.66   1.587805   0.000175   0.000623  178.893
  470338.41  5892336.07   1.588646   0.000175   0.000625  178.909
  470338.44  5892334.48   1.589482   0.000175   0.000627  178.925
  470338.47  5892332.89   1.590315   0.000176   0.000628  178.941
  470338.50  5892331.30   1.591143   0.000176   0.000630  178.957
  470338.53  5892329.71   1.591968   0.000176   0.000632  178.973
  470338.55  5892328.11   1.592788   0.000177   0.000634  178.989
  470338.58  5892326.52   1.593604   0.000177   0.000636  179.005
  470338.61  5892324.93   1.594416   0.000177   0.000638  179.022
  470338.64  5892323.33   1.595224   0.000178   0.000640  179.038
  470338.66  5892321.74   1.596029   0.000178   0.000641  179.054
  470338.69  5892320.14   1.596829   0.000178   0.000643  179.070
  470338.71  5892318.54   1.597625   0.000179   0.000645  179.087
  470338.74  5892316.95   1.598417   0.000179   0.000647  179.103
  470338.76  5892315.35   1.599205   0.000179   0.000649  179.119
  470338.79  5892313.75   1.599989   0.000180   0.000651  179.136
  470338.81  5892312.15   1.600769   0.000180   0.000653  179.152
  470338.83  5892310.55   1.601544   0.000180   0.000655  179.169
  470338.86  5892308.95   1.602316   0.000181   0.000656  179.185
  470338.88  5892307.34   1.603084   0.000181   0.000658  179.202
  470338.90  5892305.74   1.603848   0.000181   0.000660  179.219
  470338.92  5892304.14   1.604608   0.000182   0.000662  179.235
  470338.94  5892302.53   1.605363   0.000182   0.000664  179.252
  470338.96  5892300.93   1.606115   0.000183   0.000666  179.269
  470338.98  5892299.32   1.606863   0.000183   0.000668  179.286
  470339.00  5892297.71   1.607606   0.000183   0.000670  179.302
  470339.02  5892296.10   1.608346   0.000184   0.000672  179.319
  470339.04  5892294.50   1.609081   0.000184   0.000674  179.336
  470339.06  5892292.89   1.609813   0.000184   0.000675  179.353
  470339.08  5892291.28   1.610540   0.000185   0.000677  179.370
  470339.09  5892289.67   1.611264   0.000185   0.000679  179.387
  470339.11  5892288.05   1.611983   0.000185   0.000681  179.404
  470339.13  5892286.44   1.612699   0.000186   0.000683  179.421
  470339.14  5892284.83   1.613410   0.000186   0.000685  179.439
  470339.16  5892283.21   1.614118   0.000186   0.000687  179.456
  470339.17  5892281.60   1.614821   0.000187   0.000689  179.473
  470339.19  5892279.99   1.615521   0.000187   0.000691  179.490
  470339.20  5892278.37   1.616216   0.000188   0.000693  179.508
  470339.21  5892276.75   1.616907   0.000188   0.000695  179.525
  470339.23  5892275.14   1.617595   0.000188   0.000697  179.542
  470339.24  5892273.52   1.618278   0.000189   0.000699  179.560
  470339.25  5892271.90   1.618957   0.000189   0.000700  179.577
  470339.26  5892270.28   1.619633   0.000189   0.000702  179.595
  470339.27  5892268.66   1.620304   0.000190   0.000704  179.612
  470339.28  5892267.04   1.620972   0.000190   0.000706  179.630
  470339.29  5892265.42   1.621635   0.000190   0.000708  179.648
  470339.30  5892263.80   1.622294   0.000191   0.000710  179.665
  470339.31  5892262.17   1.622950   0.000191   0.000712  179.683
  470339.32  5892260.55   1.623601   0.000192   0.000714  179.701
  470339.33  5892258.93   1.624248   0.000192   0.000716  179.719
  470339.34  5892257.30   1.624892   0.000192   0.000718  179.737
  470339.34  5892255.68   1.625531   0.000193   0.000720  179.755
  470339.35  5892254.05   1.626166   0.000193   0.000722  179.772
  470339.36  5892252.42   1.626798   0.000193   0.000724  179.790
  470339.36  5892250.80   1.627425   0.000194   0.000726  179.808
  470339.37  5892249.17   1.628049   0.000194   0.000728  179.827
  470339.37  5892247.54   1.628668   0.000195   0.000730  179.845
  470339.38  5892245.91   1.629283   0.000195   0.000732  179.863
  470339.38  5892244.28   1.629895   0.000195   0.000734  179.881
  470339.38  5892242.65   1.630502   0.000196   0.000736  179.899
  470339.38  5892241.02   1.631106   0.000196   0.000738  179.918
  470339.39  5892239.39   1.631705   0.000197   0.000740  179.936
  470339.39  5892237.76   1.632301   0.000197   0.000742  179.954
  470339.39  5892236.13   1.632892   0.000197   0.000744  179.973
  470339.39  5892234.49   1.633480   0.000198   0.000746  179.991
  470339.39  5892232.86   1.634063   0.000198   0.000748 -179.990
  470339.39  5892231.22   1.634643   0.000198   0.000750 -179.972
  470339.39  5892229.59   1.635219   0.000199   0.000752 -179.953
  470339.38  5892227.95   1.635790   0.000199   0.000754 -179.935
  470339.38  5892226.32   1.636358   0.000200   0.000756 -179.916
  470339.38  5892224.68   1.636922   0.000200   0.000758 -179.897
  470339.38  5892223.04   1.637482   0.000200   0.000760 -179.878
  470339.37  5892221.41   1.638037   0.000201   0.000762 -179.860
  470339.37  5892219.77   1.638589   0.000201   0.000764 -179.841
  470339.36  5892218.13   1.639137   0.000202   0.000766 -179.822
  470339.36  5892216.49   1.639681   0.000202   0.000768 -179.803
  470339.35  5892214.85   1.640221   0.000202   0.000770 -179.784
  470339.34  5892213.21   1.640757   0.000203   0.000772 -179.765
  470339.34  5892211.57   1.641289   0.000203   0.000775 -179.746
  470339.33  5892209.93   1.641817   0.000204   0.000777 -179.727
  470339.32  5892208.28   1.642341   0.000204   0.000779 -179.708
  470339.31  5892206.64   1.642861   0.000205   0.000781 -179.688
  470339.30  5892205.00   1.643378   0.000205   0.000783 -179.669
  470339.29  5892203.36   1.643890   0.000205   0.000785 -179.650
  470339.28  5892201.71   1.644398   0.000206   0.000787 -179.630
  470339.27  5892200.07   1.644903   0.000206   0.000789 -179.611
  470339.26  5892198.42   1.645403   0.000207   0.000791 -179.592
  470339.25  5892196.78   1.645900   0.000207   0.000793 -179.572
  470339.23  5892195.13   1.646392   0.000207   0.000795 -179.553
  470339.22  5892193.48   1.646881   0.000208   0.000797 -179.533
  470339.20  5892191.84   1.647365   0.000208   0.000799 -179.513
  470339.19  5892190.19   1.647846   0.000209   0.000802 -179.494
  470339.18  5892188.54   1.648323   0.000209   0.000804 -179.474
  470339.16  5892186.89   1.648796   0.000210   0.000806 -179.454
  470339.14  5892185.24   1.649265   0.000210   0.000808 -179.434
  470339.13  5892183.59   1.649730   0.000210   0.000810 -179.415
  470339.11  5892181.94   1.650191   0.000211   0.000812 -179.395
  470339.09  5892180.29   1.650648   0.000211   0.000814 -179.375
  470339.07  5892178.64   1.651101   0.000212   0.000816 -179.355
  470339.05  5892176.99   1.651550   0.000212   0.000819 -179.335
  470339.03  5892175.34   1.651996   0.000213   0.000821 -179.315
  470339.01  5892173.69   1.652437   0.000213   0.000823 -179.295
  470338.99  5892172.04   1.652875   0.000214   0.000825 -179.274
  470338.97  5892170.38   1.653308   0.000214   0.000827 -179.254
  470338.95  5892168.73   1.653738   0.000214   0.000829 -179.234
  470338.93  5892167.08   1.654164   0.000215   0.000831 -179.214
  470338.90  5892165.42   1.654586   0.000215   0.000834 -179.193
  470338.88  5892163.77   1.655004   0.000216   0.000836 -179.173
  470338.85  5892162.11   1.655418   0.000216   0.000838 -179.152
  470338.83  5892160.46   1.655828   0.000217   0.000840 -179.132
  470338.80  5892158.80   1.656234   0.000217   0.000842 -179.111
  470338.78  5892157.14   1.656636   0.000218   0.000844 -179.091
  470338.75  5892155.49   1.657035   0.000218   0.000847 -179.070
  470338.72  5892153.83   1.657429   0.000218   0.000849 -179.049
  470338.69  5892152.17   1.657820   0.000219   0.000851 -179.029
  470338.67  5892150.52   1.658207   0.000219   0.000853 -179.008
  470338.64  5892148.86   1.658590   0.000220   0.000855 -178.987
  470338.61  5892147.20   1.658968   0.000220   0.000857 -178.966
  470338.58  5892145.54   1.659343   0.000221   0.000860 -178.945
  470338.54  5892143.88   1.659715   0.000221   0.000862 -178.924
  470338.51  5892142.22   1.660082   0.000222   0.000864 -178.903
  470338.48  5892140.56   1.660445   0.000222   0.000866 -178.882
  470338.45  5892138.90   1.660805   0.000223   0.000868 -178.861
  470338.41  5892137.24   1.661160   0.000223   0.000871 -178.840
  470338.38  5892135.58   1.661512   0.000224   0.000873 -178.819
  470338.34  5892133.92   1.661860   0.000224   0.000875 -178.797
  470338.31  5892132.26   1.662204   0.000225   0.000877 -178.776
  470338.27  5892130.59   1.662544   0.000225   0.000880 -178.755
  470338.24  5892128.93   1.662880   0.000225   0.000882 -178.733
  470338.20  5892127.27   1.663212   0.000226   0.000884 -178.712
  470338.16  5892125.61   1.663541   0.000226   0.000886 -178.690
  470338.12  5892123.94   1.663865   0.000227   0.000889 -178.668
  470338.08  5892122.28   1.664186   0.000227   0.000891 -178.647
  470338.04  5892120.62   1.664503   0.000228   0.000893 -178.625
  470338.00  5892118.95   1.664816   0.000228   0.000895 -178.603
  470337.96  5892117.29   1.665125   0.000229   0.000898 -178.582
  470337.92  5892115.62   1.665430   0.000229   0.000900 -178.560
  470337.88  5892113.96   1.665731   0.000230   0.000902 -178.538
  470337.83  5892112.29   1.666029   0.000230   0.000904 -178.516
  470337.79  5892110.63   1.666323   0.000231   0.000907 -178.494
  470337.75  5892108.96   1.666612   0.000231   0.000909 -178.472
  470337.70  5892107.29   1.666898   0.000232   0.000911 -178.450
  470337.65  5892105.63   1.667181   0.000232   0.000913 -178.428
  470337.61  5892103.96   1.667459   0.000233   0.000916 -178.405
  470337.56  5892102.29   1.667733   0.000233   0.000918 -178.383
  470337.51  5892100.63   1.668004   0.000234   0.000920 -178.361
  470337.47  5892098.96   1.668270   0.000234   0.000923 -178.339
  470337.42  5892097.29   1.668533   0.000235   0.000925 -178.316
  470337.37  5892095.62   1.668792   0.000235   0.000927 -178.294
  470337.32  5892093.96   1.669048   0.000236   0.000930 -178.271
  470337.27  5892092.29   1.669299   0.000236   0.000932 -178.249
  470337.21  5892090.62   1.669546   0.000237   0.000934 -178.226
  470337.16  5892088.95   1.669790   0.000238   0.000937 -178.203
  470337.11  5892087.28   1.670030   0.000238   0.000939 -178.181
  470337.05  5892085.61   1.670266   0.000239   0.000941 -178.158
  470337.00  5892083.94   1.670498   0.000239   0.000944 -178.135
  470336.95  5892082.27   1.670725   0.000240   0.000946 -178.112
  470336.89  5892080.60   1.670948   0.000240   0.000948 -178.089
  470336.83  5892078.93   1.671170   0.000241   0.000950 -178.066
  470336.78  5892077.26   1.671392   0.000241   0.000952 -178.043
  470336.72  5892075.59   1.671614   0.000242   0.000955 -178.020
  470336.66  5892073.92   1.671835   0.000242   0.000957 -177.997
  470336.60  5892072.25   1.672055   0.000242   0.000959 -177.974
  470336.54  5892070.58   1.672275   0.000243   0.000961 -177.951
  470336.48  5892068.91   1.672494   0.000243   0.000963 -177.927
  470336.42  5892067.24   1.672713   0.000244   0.000965 -177.904
  470336.36  5892065.56   1.672931   0.000244   0.000967 -177.881
  470336.29  5892063.89   1.673149   0.000245   0.000969 -177.857
  470336.23  5892062.22   1.673367   0.000245   0.000971 -177.834
  470336.17  5892060.55   1.673584   0.000246   0.000973 -177.810
  470336.10  5892058.88   1.673800   0.000246   0.000976 -177.787
  470336.04  5892057.20   1.674016   0.000247   0.000978 -177.763
  470335.97  5892055.53   1.674231   0.000247   0.000980 -177.739
  470335.90  5892053.86   1.674446   0.000248   0.000982 -177.716
  470335.84  5892052.18   1.674661   0.000248   0.000984 -177.692
  470335.77  5892050.51   1.674875   0.000249   0.000986 -177.668
  470335.70  5892048.84   1.675088   0.000249   0.000988 -177.644
  470335.63  5892047.16   1.675301   0.000250   0.000990 -177.620
  470335.56  5892045.49   1.675514   0.000250   0.000992 -177.596
  470335.49  5892043.82   1.675726   0.000250   0.000995 -177.572
  470335.42  5892042.14   1.675938   0.000251   0.000997 -177.548
  470335.35  5892040.47   1.676149   0.000251   0.000999 -177.524
  470335.27  5892038.79   1.676360   0.000252   0.001001 -177.500
  470335.20  5892037.12   1.676570   0.000252   0.001003 -177.476
  470335.12  5892035.44   1.676780   0.000253   0.001005 -177.452
  470335.05  5892033.77   1.676989   0.000253   0.001007 -177.427
  470334.97  5892032.09   1.677198   0.000254   0.001009 -177.403
  470334.90  5892030.42   1.677406   0.000254   0.001011 -177.379
  470334.82  5892028.74   1.677614   0.000255   0.001014 -177.354
  470334.74  5892027.06   1.677822   0.000255   0.001016 -177.330
  470334.66  5892025.39   1.678029   0.000256   0.001018 -177.305
  470334.58  5892023.71   1.678235   0.000256   0.001020 -177.281
  470334.50  5892022.04   1.678441   0.000257   0.001022 -177.256
  470334.42  5892020.36   1.678647   0.000257   0.001024 -177.231
  470334.34  5892018.68   1.678852   0.000257   0.001026 -177.207
  470334.26  5892017.01   1.679057   0.000258   0.001028 -177.182
  470334.17  5892015.33   1.679262   0.000258   0.001031 -177.157
  470334.09  5892013.65   1.679465   0.000259   0.001033 -177.132
  470334.00  5892011.97   1.679669   0.000259   0.001035 -177.107
  470333.92  5892010.30   1.679872   0.000260   0.001037 -177.082
  470333.83  5892008.62   1.680075   0.000260   0.001039 -177.057
  470333.75  5892006.94   1.680277   0.000261   0.001041 -177.032
  470333.66  5892005.26   1.680479   0.000261   0.001043 -177.007
  470333.57  5892003.58   1.680680   0.000262   0.001045 -176.982
  470333.48  5892001.91   1.680881   0.000262   0.001048 -176.957
  470333.39  5892000.23   1.681081   0.000263   0.001050 -176.931
  470333.30  5891998.55   1.681282   0.000263   0.001052 -176.906
  470333.21  5891996.87   1.681481   0.000264   0.001054 -176.881
  470333.12  5891995.19   1.681680   0.000264   0.001056 -176.855
  470333.02  5891993.51   1.681879   0.000265   0.001058 -176.830
  470332.93  5891991.83   1.682078   0.000265   0.001060 -176.805
  470332.83  5891990.15   1.682276   0.000265   0.001062 -176.779
  470332.74  5891988.47   1.682473   0.000266   0.001065 -176.753
  470332.64  5891986.79   1.682671   0.000266   0.001067 -176.728
  470332.55  5891985.11   1.682867   0.000267   0.001069 -176.702
  470332.45  5891983.43   1.683064   0.000267   0.001071 -176.676
  470332.35  5891981.75   1.683260   0.000268   0.001073 -176.651
  470332.25  5891980.07   1.683455   0.000268   0.001075 -176.625
  470332.15  5891978.39   1.683651   0.000269   0.001077 -176.599
  470332.05  5891976.71   1.683845   0.000269   0.001079 -176.573
  470331.95  5891975.03   1.684040   0.000270   0.001082 -176.547
  470331.85  5891973.35   1.684234   0.000270   0.001084 -176.521
  470331.74  5891971.67   1.684427   0.000271   0.001086 -176.495
  470331.64  5891969.99   1.684621   0.000271   0.001088 -176.469
  470331.54  5891968.30   1.684814   0.000272   0.001090 -176.443
  470331.43  5891966.62   1.685006   0.000272   0.001092 -176.416
  470331.32  5891964.94   1.685198   0.000272   0.001094 -176.390
  470331.22  5891963.26   1.685390   0.000273   0.001096 -176.364
  470331.11  5891961.58   1.685581   0.000273   0.001099 -176.337
  470331.00  5891959.90   1.685772   0.000274   0.001101 -176.311
  470330.89  5891958.21   1.685963   0.000274   0.001103 -176.285
  470330.78  5891956.53   1.686153   0.000275   0.001105 -176.258
  470330.67  5891954.85   1.686343   0.000275   0.001107 -176.232
  470330.56  5891953.17   1.686533   0.000276   0.001109 -176.205
  470330.45  5891951.48   1.686722   0.000276   0.001111 -176.178
  470330.33  5891949.80   1.686911   0.000277   0.001114 -176.152
  470330.22  5891948.12   1.687099   0.000277   0.001116 -176.125
  470330.10  5891946.43   1.687287   0.000278   0.001118 -176.098
  470329.99  5891944.75   1.687475   0.000278   0.001120 -176.071
  470329.87  5891943.07   1.687662   0.000279   0.001122 -176.044
  470329.76  5891941.38   1.687849   0.000279   0.001124 -176.017
  470329.64  5891939.70   1.688036   0.000280   0.001126 -175.990
  470329.52  5891938.01   1.688222   0.000280   0.001129 -175.963
  470329.40  5891936.33   1.688408   0.000280   0.001131 -175.936
  470329.28  5891934.65   1.688594   0.000281   0.001133 -175.909
  470329.16  5891932.96   1.688779   0.000281   0.001135 -175.882
  470329.04  5891931.28   1.688964   0.000282   0.001137 -175.855
  470328.91  5891929.59   1.689149   0.000282   0.001139 -175.827
  470328.79  5891927.91   1.689333   0.000283   0.001141 -175.800
  470328.66  5891926.22   1.689517   0.000283   0.001144 -175.773
  470328.54  5891924.54   1.689701   0.000284   0.001146 -175.745
  470328.41  5891922.85   1.689884   0.000284   0.001148 -175.718
  470328.29  5891921.17   1.690067   0.000285   0.001150 -175.690
  470328.16  5891919.48   1.690250   0.000285   0.001152 -175.663
  470328.03  5891917.80   1.690432   0.000286   0.001154 -175.635
  470327.90  5891916.11   1.690614   0.000286   0.001156 -175.608
  470327.77  5891914.43   1.690796   0.000287   0.001159 -175.580
  470327.64  5891912.74   1.690977   0.000287   0.001161 -175.552
  470327.51  5891911.05   1.691158   0.000288   0.001163 -175.524
  470327.37  5891909.37   1.691339   0.000288   0.001165 -175.496
  470327.24  5891907.68   1.691520   0.000288   0.001167 -175.468
  470327.11  5891906.00   1.691700   0.000289   0.001169 -175.440
  470326.97  5891904.31   1.691880   0.000289   0.001172 -175.412
  470326.83  5891902.62   1.692059   0.000290   0.001174 -175.384
  470326.70  5891900.94   1.692239   0.000290   0.001176 -175.356
  470326.56  5891899.25   1.692418   0.000291   0.001178 -175.328
  470326.42  5891897.56   1.692596   0.000291   0.001180 -175.300
  470326.28  5891895.88   1.692775   0.000292   0.001182 -175.272
  470326.14  5891894.19   1.692953   0.000292   0.001184 -175.243
  470326.00  5891892.50   1.693131   0.000293   0.001187 -175.215
  470325.86  5891890.81   1.693308   0.000293   0.001189 -175.187
  470325.71  5891889.13   1.693485   0.000294   0.001191 -175.158
  470325.57  5891887.44   1.693662   0.000294   0.001193 -175.130
  470325.43  5891885.75   1.693839   0.000295   0.001195 -175.101
  470325.28  5891884.06   1.694016   0.000295   0.001197 -175.073
  470325.13  5891882.38   1.694192   0.000296   0.001200 -175.044
  470324.99  5891880.69   1.694368   0.000296   0.001202 -175.015
  470324.84  5891879.00   1.694543   0.000296   0.001204 -174.987
  470324.69  5891877.31   1.694719   0.000297   0.001206 -174.958
  470324.54  5891875.62   1.694894   0.000297   0.001208 -174.929
  470324.39  5891873.94   1.695069   0.000298   0.001210 -174.900
  470324.24  5891872.25   1.695243   0.000298   0.001212 -174.871
  470324.09  5891870.56   1.695417   0.000299   0.001215 -174.842
  470323.93  5891868.87   1.695592   0.000299   0.001217 -174.813
  470323.78  5891867.18   1.695765   0.000300   0.001219 -174.784
  470323.62  5891865.49   1.695939   0.000300   0.001221 -174.755
  470323.47  5891863.80   1.696112   0.000301   0.001223 -174.726
  470323.31  5891862.12   1.696285   0.000301   0.001225 -174.697
  470323.15  5891860.43   1.696458   0.000302   0.001228 -174.667
  470322.99  5891858.74   1.696631   0.000302   0.001230 -174.638
  470322.83  5891857.05   1.696803   0.000303   0.001232 -174.609
  470322.67  5891855.36   1.696975   0.000303   0.001234 -174.579
  470322.51  5891853.67   1.697147   0.000304   0.001236 -174.550
  470322.35  5891851.98   1.697319   0.000304   0.001238 -174.520
  470322.19  5891850.29   1.697490   0.000304   0.001241 -174.491
  470322.02  5891848.60   1.697661   0.000305   0.001243 -174.461
  470321.86  5891846.91   1.697832   0.000305   0.001245 -174.431
  470321.69  5891845.22   1.698003   0.000306   0.001247 -174.402
  470321.53  5891843.53   1.698174   0.000306   0.001249 -174.372
  470321.36  5891841.84   1.698344   0.000307   0.001251 -174.342
  470321.19  5891840.15   1.698514   0.000307   0.001254 -174.312
  470321.02  5891838.46   1.698684   0.000308   0.001256 -174.282
  470320.85  5891836.77   1.698854   0.000308   0.001258 -174.252
  470320.68  5891835.08   1.699023   0.000309   0.001260 -174.222
  470320.51  5891833.39   1.699193   0.000309   0.001262 -174.192
  470320.34  5891831.70   1.699362   0.000310   0.001264 -174.162
  470320.16  5891830.01   1.699531   0.000310   0.001267 -174.132
  470319.99  5891828.32   1.699699   0.000311   0.001269 -174.102
  470319.81  5891826.63   1.699868   0.000311   0.001271 -174.072
  470319.64  5891824.94   1.700036   0.000311   0.001273 -174.041
  470319.46  5891823.25   1.700204   0.000312   0.001275 -174.011
  470319.28  5891821.56   1.700372   0.000312   0.001278 -173.981
  470319.10  5891819.86   1.700540   0.000313   0.001280 -173.950
  470318.92  5891818.17   1.700707   0.000313   0.001282 -173.920
  470318.74  5891816.48   1.700875   0.000314   0.001284 -173.889
  470318.56  5891814.79   1.701042   0.000314   0.001286 -173.859
  470318.38  5891813.10   1.701209   0.000315   0.001288 -173.828
  470318.19  5891811.41   1.701376   0.000315   0.001291 -173.797
  470318.01  5891809.72   1.701542   0.000316   0.001293 -173.767
  470317.82  5891808.03   1.701709   0.000316   0.001295 -173.736
  470317.63  5891806.33   1.701875   0.000317   0.001297 -173.705
  470317.45  5891804.64   1.702042   0.000317   0.001299 -173.674
  470317.26  5891802.95   1.702208   0.000318   0.001301 -173.643
  470317.07  5891801.26   1.702373   0.000318   0.001304 -173.612
  470316.88  5891799.57   1.702539   0.000319   0.001306 -173.581
  470316.69  5891797.88   1.702705   0.000319   0.001308 -173.550
  470316.50  5891796.18   1.702870   0.000319   0.001310 -173.519
  470316.30  5891794.49   1.703035   0.000320   0.001312 -173.488
  470316.11  5891792.80   1.703201   0.000320   0.001315 -173.457
  470315.91  5891791.11   1.703366   0.000321   0.001317 -173.425
  470315.72  5891789.42   1.703530   0.000322   0.001320 -173.394
  470315.52  5891787.72   1.703695   0.000322   0.001323 -173.363
  470315.32  5891786.03   1.703859   0.000322   0.001323 -173.331
  470315.12  5891784.34   1.704024   0.000322   0.001322 -173.300
  470314.92  5891782.65   1.704189   0.000322   0.001322 -173.268
  470314.72  5891780.95   1.704355   0.000322   0.001321 -173.237
  470314.52  5891779.26   1.704522   0.000321   0.001320 -173.205
  470314.32  5891777.57   1.704689   0.000321   0.001319 -173.174
  470314.12  5891775.88   1.704857   0.000321   0.001318 -173.143
  470313.91  5891774.18   1.705026   0.000320   0.001318 -173.111
  470313.71  5891772.49   1.705195   0.000320   0.001317 -173.080
  470313.50  5891770.80   1.705365   0.000320   0.001316 -173.049
  470313.29  5891769.11   1.705535   0.000320   0.001315 -173.017
  470313.08  5891767.41   1.705706   0.000319   0.001314 -172.986
  470312.87  5891765.72   1.705878   0.000319   0.001314 -172.955
  470312.66  5891764.03   1.706050   0.000319   0.001313 -172.924
  470312.45  5891762.33   1.706223   0.000319   0.001312 -172.893
  470312.24  5891760.64   1.706396   0.000318   0.001311 -172.861
  470312.03  5891758.95   1.706571   0.000318   0.001310 -172.830
  470311.81  5891757.25   1.706745   0.000318   0.001310 -172.799
  470311.60  5891755.56   1.706921   0.000318   0.001309 -172.768
  470311.38  5891753.87   1.707097   0.000317   0.001308 -172.737
  470311.17  5891752.17   1.707273   0.000317   0.001307 -172.706
  470310.95  5891750.48   1.707450   0.000317   0.001306 -172.675
  470310.73  5891748.79   1.707628   0.000317   0.001305 -172.644
  470310.51  5891747.09   1.707807   0.000316   0.001305 -172.613
  470310.29  5891745.40   1.707986   0.000316   0.001304 -172.582
  470310.07  5891743.71   1.708165   0.000316   0.001303 -172.551
  470309.85  5891742.01   1.708345   0.000316   0.001302 -172.520
  470309.62  5891740.32   1.708526   0.000315   0.001302 -172.489
  470309.40  5891738.63   1.708707   0.000315   0.001302 -172.459
  470309.17  5891736.93   1.708889   0.000315   0.001300 -172.428
  470308.95  5891735.24   1.709072   0.000314   0.001296 -172.397
  470308.72  5891733.54   1.709256   0.000313   0.001291 -172.366
  470308.49  5891731.85   1.709442   0.000311   0.001287 -172.336
  470308.26  5891730.16   1.709628   0.000310   0.001283 -172.305
  470308.03  5891728.46   1.709817   0.000309   0.001279 -172.275
  470307.80  5891726.77   1.710006   0.000308   0.001275 -172.244
  470307.57  5891725.07   1.710197   0.000307   0.001270 -172.214
  470307.34  5891723.38   1.710389   0.000306   0.001266 -172.184
  470307.11  5891721.68   1.710582   0.000305   0.001262 -172.154
  470306.87  5891719.99   1.710776   0.000304   0.001258 -172.124
  470306.64  5891718.29   1.710972   0.000303   0.001254 -172.094
  470306.40  5891716.60   1.711169   0.000302   0.001249 -172.065
  470306.16  5891714.90   1.711367   0.000301   0.001245 -172.035
  470305.92  5891713.21   1.711567   0.000300   0.001241 -172.006
  470305.69  5891711.52   1.711768   0.000298   0.001237 -171.976
  470305.45  5891709.82   1.711970   0.000297   0.001233 -171.947
  470305.20  5891708.13   1.712173   0.000296   0.001228 -171.918
  470304.96  5891706.43   1.712377   0.000295   0.001224 -171.889
  470304.72  5891704.73   1.712583   0.000294   0.001220 -171.860
  470304.48  5891703.04   1.712790   0.000293   0.001216 -171.831
  470304.23  5891701.34   1.712998   0.000292   0.001212 -171.802
  470303.99  5891699.65   1.713207   0.000291   0.001207 -171.773
  470303.74  5891697.95   1.713418   0.000290   0.001203 -171.745
  470303.49  5891696.26   1.713630   0.000289   0.001199 -171.716
  470303.25  5891694.56   1.713843   0.000288   0.001195 -171.688
  470303.00  5891692.87   1.714057   0.000287   0.001190 -171.660
  470302.75  5891691.17   1.714272   0.000285   0.001186 -171.632
  470302.50  5891689.47   1.714489   0.000284   0.001182 -171.604
  470302.25  5891687.78   1.714706   0.000283   0.001178 -171.576
  470302.00  5891686.08   1.714925   0.000282   0.001174 -171.548
  470301.74  5891684.39   1.715145   0.000281   0.001169 -171.520
  470301.49  5891682.69   1.715366   0.000280   0.001165 -171.493
  470301.23  5891680.99   1.715589   0.000279   0.001161 -171.465
  470300.98  5891679.30   1.715812   0.000278   0.001157 -171.438
  470300.72  5891677.60   1.716037   0.000277   0.001152 -171.410
  470300.47  5891675.90   1.716262   0.000276   0.001148 -171.383
  470300.21  5891674.21   1.716489   0.000275   0.001144 -171.356
  470299.95  5891672.51   1.716717   0.000273   0.001140 -171.329
  470299.69  5891670.81   1.716947   0.000272   0.001136 -171.302
  470299.43  5891669.11   1.717177   0.000271   0.001131 -171.275
  470299.17  5891667.42   1.717409   0.000270   0.001127 -171.249
  470298.91  5891665.72   1.717641   0.000269   0.001123 -171.222
  470298.64  5891664.02   1.717875   0.000268   0.001119 -171.196
  470298.38  5891662.32   1.718110   0.000267   0.001114 -171.169
  470298.11  5891660.63   1.718346   0.000266   0.001110 -171.143
  470297.85  5891658.93   1.718583   0.000265   0.001106 -171.117
  470297.58  5891657.23   1.718821   0.000264   0.001102 -171.091
  470297.32  5891655.53   1.719060   0.000263   0.001098 -171.065
  470297.05  5891653.83   1.719300   0.000262   0.001093 -171.039
  470296.78  5891652.14   1.719542   0.000260   0.001089 -171.013
  470296.51  5891650.44   1.719784   0.000259   0.001085 -170.987
  470296.24  5891648.74   1.720028   0.000258   0.001081 -170.962
  470295.97  5891647.04   1.720273   0.000257   0.001076 -170.936
  470295.70  5891645.34   1.720518   0.000256   0.001072 -170.911
  470295.42  5891643.64   1.720765   0.000255   0.001068 -170.886
  470295.15  5891641.94   1.721013   0.000254   0.001064 -170.861
  470294.88  5891640.24   1.721262   0.000253   0.001059 -170.836
  470294.60  5891638.55   1.721512   0.000252   0.001055 -170.811
  470294.33  5891636.85   1.721763   0.000251   0.001051 -170.786
  470294.05  5891635.15   1.722015   0.000250   0.001047 -170.761
  470293.77  5891633.45   1.722268   0.000249   0.001042 -170.737
  470293.49  5891631.75   1.722523   0.000247   0.001038 -170.712
  470293.22  5891630.05   1.722778   0.000246   0.001034 -170.688
  470292.94  5891628.35   1.723034   0.000245   0.001030 -170.663
  470292.66  5891626.65   1.723291   0.000244   0.001026 -170.639
  470292.37  5891624.95   1.723550   0.000243   0.001021 -170.615
  470292.09  5891623.25   1.723809   0.000242   0.001017 -170.591
  470291.81  5891621.55   1.724070   0.000241   0.001013 -170.567
  470291.53  5891619.84   1.724331   0.000240   0.001009 -170.543
  470291.24  5891618.14   1.724593   0.000239   0.001004 -170.520
  470290.96  5891616.44   1.724857   0.000238   0.001000 -170.496
  470290.67  5891614.74   1.725121   0.000237   0.000996 -170.472
  470290.39  5891613.04   1.725387   0.000236   0.000992 -170.449
  470290.10  5891611.34   1.725653   0.000234   0.000987 -170.426
  470289.81  5891609.64   1.725921   0.000233   0.000983 -170.403
  470289.52  5891607.94   1.726189   0.000232   0.000979 -170.380
  470289.23  5891606.23   1.726458   0.000231   0.000975 -170.357
  470288.94  5891604.53   1.726729   0.000230   0.000970 -170.334
  470288.65  5891602.83   1.727000   0.000229   0.000966 -170.311
  470288.36  5891601.13   1.727272   0.000228   0.000962 -170.288
  470288.07  5891599.42   1.727546   0.000227   0.000958 -170.266
  470287.78  5891597.72   1.727820   0.000226   0.000953 -170.243
  470287.48  5891596.02   1.728095   0.000225   0.000949 -170.221
  470287.19  5891594.32   1.728372   0.000224   0.000945 -170.199
  470286.89  5891592.61   1.728649   0.000223   0.000941 -170.176
  470286.60  5891590.91   1.728927   0.000222   0.000936 -170.154
  470286.30  5891589.21   1.729206   0.000220   0.000932 -170.132
  470286.01  5891587.50   1.729486   0.000219   0.000928 -170.111
  470285.71  5891585.80   1.729767   0.000218   0.000924 -170.089
  470285.41  5891584.09   1.730049   0.000217   0.000919 -170.067
  470285.11  5891582.39   1.730332   0.000216   0.000915 -170.046
  470284.81  5891580.69   1.730615   0.000215   0.000911 -170.024
  470284.51  5891578.98   1.730900   0.000214   0.000907 -170.003
  470284.21  5891577.28   1.731186   0.000213   0.000903 -169.982
  470283.91  5891575.57   1.731472   0.000212   0.000898 -169.961
  470283.61  5891573.87   1.731760   0.000211   0.000894 -169.940
  470283.30  5891572.16   1.732048   0.000210   0.000890 -169.919
  470283.00  5891570.46   1.732338   0.000209   0.000886 -169.898
  470282.69  5891568.75   1.732628   0.000208   0.000881 -169.877
  470282.39  5891567.04   1.732919   0.000207   0.000877 -169.857
  470282.08  5891565.34   1.733211   0.000205   0.000873 -169.836
  470281.78  5891563.63   1.733504   0.000204   0.000869 -169.816
  470281.47  5891561.93   1.733798   0.000203   0.000864 -169.795
  470281.16  5891560.22   1.734093   0.000202   0.000860 -169.775
  470280.85  5891558.51   1.734388   0.000201   0.000856 -169.755
  470280.54  5891556.81   1.734685   0.000200   0.000852 -169.735
  470280.23  5891555.10   1.734982   0.000199   0.000849 -169.715
  470279.92  5891553.39   1.735281   0.000198   0.000843 -169.695
  470279.61  5891551.69   1.735580   0.000196   0.000836 -169.676
  470279.30  5891549.98   1.735880   0.000195   0.000829 -169.656
  470278.99  5891548.27   1.736181   0.000193   0.000822 -169.637
  470278.68  5891546.56   1.736482   0.000191   0.000815 -169.618
  470278.36  5891544.85   1.736785   0.000189   0.000808 -169.599
  470278.05  5891543.15   1.737088   0.000188   0.000801 -169.580
  470277.73  5891541.44   1.737392   0.000186   0.000794 -169.561
  470277.42  5891539.73   1.737697   0.000184   0.000787 -169.543
  470277.10  5891538.02   1.738003   0.000183   0.000780 -169.524
  470276.79  5891536.31   1.738310   0.000181   0.000773 -169.506
  470276.47  5891534.60   1.738617   0.000179   0.000766 -169.488
  470276.15  5891532.89   1.738925   0.000177   0.000759 -169.470
  470275.83  5891531.18   1.739234   0.000176   0.000752 -169.452
  470275.51  5891529.47   1.739544   0.000174   0.000745 -169.435
  470275.19  5891527.76   1.739854   0.000172   0.000738 -169.418
  470274.87  5891526.05   1.740166   0.000171   0.000731 -169.400
  470274.55  5891524.34   1.740478   0.000169   0.000724 -169.383
  470274.23  5891522.63   1.740790   0.000167   0.000717 -169.367
  470273.91  5891520.92   1.741104   0.000166   0.000710 -169.350
  470273.59  5891519.21   1.741418   0.000164   0.000703 -169.333
  470273.26  5891517.50   1.741733   0.000162   0.000696 -169.317
  470272.94  5891515.79   1.742049   0.000160   0.000689 -169.301
  470272.62  5891514.07   1.742366   0.000159   0.000682 -169.285
  470272.29  5891512.36   1.742683   0.000157   0.000675 -169.269
  470271.97  5891510.65   1.743001   0.000155   0.000668 -169.253
  470271.64  5891508.94   1.743320   0.000154   0.000661 -169.238
  470271.32  5891507.22   1.743639   0.000152   0.000654 -169.222
  470270.99  5891505.51   1.743960   0.000150   0.000647 -169.207
  470270.66  5891503.80   1.744281   0.000149   0.000640 -169.192
  470270.34  5891502.08   1.744602   0.000147   0.000633 -169.177
  470270.01  5891500.37   1.744925   0.000145   0.000626 -169.163
  470269.68  5891498.66   1.745248   0.000144   0.000619 -169.148
  470269.35  5891496.94   1.745572   0.000142   0.000612 -169.134
  470269.02  5891495.23   1.745896   0.000140   0.000605 -169.120
  470268.69  5891493.51   1.746221   0.000139   0.000598 -169.106
  470268.36  5891491.80   1.746547   0.000137   0.000591 -169.092
  470268.03  5891490.08   1.746874   0.000135   0.000584 -169.078
  470267.70  5891488.37   1.747201   0.000134   0.000577 -169.064
  470267.37  5891486.65   1.747529   0.000132   0.000570 -169.051
  470267.03  5891484.94   1.747858   0.000130   0.000563 -169.038
  470266.70  5891483.22   1.748187   0.000129   0.000556 -169.025
  470266.37  5891481.51   1.748517   0.000127   0.000549 -169.012
  470266.03  5891479.79   1.748848   0.000125   0.000542 -168.999
  470265.70  5891478.07   1.749179   0.000124   0.000535 -168.987
  470265.36  5891476.35   1.749511   0.000122   0.000528 -168.974
  470265.03  5891474.64   1.749843   0.000120   0.000521 -168.962
  470264.69  5891472.92   1.750177   0.000119   0.000514 -168.950
  470264.36  5891471.20   1.750511   0.000117   0.000507 -168.938
  470264.02  5891469.48   1.750845   0.000115   0.000500 -168.926
  470263.69  5891467.77   1.751181   0.000114   0.000493 -168.915
  470263.35  5891466.05   1.751516   0.000112   0.000486 -168.903
  470263.01  5891464.33   1.751853   0.000110   0.000479 -168.892
  470262.67  5891462.61   1.752190   0.000109   0.000472 -168.881
  470262.33  5891460.89   1.752528   0.000107   0.000465 -168.870
  470262.00  5891459.17   1.752866   0.000105   0.000458 -168.859
  470261.66  5891457.45   1.753205   0.000104   0.000451 -168.849
  470261.32  5891455.73   1.753545   0.000102   0.000444 -168.838
  470260.98  5891454.01   1.753886   0.000100   0.000437 -168.828
  470260.64  5891452.29   1.754226   0.000099   0.000430 -168.818
  470260.30  5891450.57   1.754568   0.000097   0.000423 -168.808
  470259.96  5891448.85   1.754910   0.000096   0.000416 -168.798
  470259.62  5891447.12   1.755253   0.000094   0.000409 -168.789
  470259.27  5891445.40   1.755596   0.000092   0.000402 -168.779
  470258.93  5891443.68   1.755940   0.000091   0.000395 -168.770
  470258.59  5891441.96   1.756285   0.000089   0.000388 -168.761
  470258.25  5891440.24   1.756630   0.000087   0.000381 -168.752
  470257.90  5891438.51   1.756976   0.000086   0.000374 -168.743
  470257.56  5891436.79   1.757323   0.000084   0.000367 -168.735
  470257.22  5891435.07   1.757670   0.000082   0.000360 -168.726
  470256.87  5891433.34   1.758017   0.000081   0.000353 -168.718
  470256.53  5891431.62   1.758366   0.000079   0.000346 -168.710
  470256.18  5891429.89   1.758714   0.000078   0.000339 -168.702
  470255.84  5891428.17   1.759064   0.000076   0.000332 -168.694
  470255.49  5891426.44   1.759414   0.000074   0.000326 -168.686
  470255.15  5891424.72   1.759764   0.000073   0.000319 -168.679
  470254.80  5891422.99   1.760116   0.000071   0.000312 -168.671
  470254.46  5891421.27   1.760467   0.000070   0.000305 -168.664
  470254.11  5891419.54   1.760820   0.000068   0.000298 -168.657
  470253.76  5891417.81   1.761173   0.000066   0.000291 -168.650
  470253.42  5891416.09   1.761526   0.000065   0.000284 -168.644
  470253.07  5891414.36   1.761880   0.000063   0.000277 -168.637
  470252.72  5891412.63   1.762235   0.000061   0.000270 -168.631
  470252.38  5891410.90   1.762590   0.000060   0.000263 -168.625
  470252.03  5891409.18   1.762946   0.000058   0.000256 -168.618
  470251.68  5891407.45   1.763302   0.000057   0.000249 -168.613
  470251.33  5891405.72   1.763659   0.000055   0.000242 -168.607
  470250.98  5891403.99   1.764017   0.000053   0.000235 -168.601
  470250.63  5891402.26   1.764375   0.000052   0.000228 -168.596
  470250.28  5891400.53   1.764733   0.000050   0.000221 -168.591
  470249.94  5891398.80   1.765092   0.000049   0.000214 -168.586
  470249.59  5891397.07   1.765452   0.000047   0.000207 -168.581
  470249.24  5891395.34   1.765813   0.000045   0.000201 -168.576
  470248.89  5891393.61   1.766173   0.000044   0.000194 -168.571
  470248.54  5891391.88   1.766535   0.000042   0.000187 -168.567
  470248.19  5891390.15   1.766897   0.000041   0.000180 -168.563
  470247.84  5891388.41   1.767259   0.000039   0.000173 -168.558
  470247.48  5891386.68   1.767622   0.000038   0.000166 -168.554
  470247.13  5891384.95   1.767986   0.000036   0.000159 -168.551
  470246.78  5891383.22   1.768350   0.000034   0.000152 -168.547
  470246.43  5891381.48   1.768715   0.000033   0.000145 -168.544
  470246.08  5891379.75   1.769080   0.000031   0.000138 -168.540
  470245.73  5891378.02   1.769446   0.000030   0.000131 -168.537
  470245.38  5891376.28   1.769812   0.000028   0.000124 -168.534
  470245.02  5891374.55   1.770179   0.000026   0.000117 -168.531
  470244.67  5891372.81   1.770547   0.000025   0.000110 -168.529
  470244.32  5891371.08   1.770915   0.000023   0.000104 -168.526
  470243.97  5891369.34   1.771283   0.000022   0.000097 -168.524
  470243.62  5891367.60   1.771653   0.000020   0.000090 -168.521
  470243.26  5891365.87   1.772022   0.000019   0.000083 -168.519
  470242.91  5891364.13   1.772392   0.000017   0.000076 -168.517
  470242.56  5891362.39   1.772763   0.000016   0.000069 -168.516
  470242.20  5891360.66   1.773135   0.000014   0.000062 -168.514
  470241.85  5891358.92   1.773506   0.000012   0.000055 -168.513
  470241.50  5891357.18   1.773879   0.000011   0.000048 -168.512
  470241.14  5891355.44   1.774252   0.000009   0.000041 -168.510
  470240.79  5891353.70   1.774625   0.000008   0.000034 -168.509
  470240.44  5891351.96   1.774999   0.000006   0.000028 -168.509
  470240.08  5891350.22   1.775374   0.000005   0.000021 -168.508
  470239.73  5891348.48   1.775749   0.000003   0.000014 -168.508
  470239.38  5891346.74   1.776124   0.000002   0.000007 -168.507
  470239.02  5891345.00   1.776501   0.000000   0.000000 -168.507
  470238.67  5891343.26   1.776877   0.000002   0.000007 -168.507
  470238.31  5891341.52   1.777255   0.000003   0.000014 -168.507
  470237.96  5891339.78   1.777632   0.000005   0.000021 -168.508
  470237.61  5891338.04   1.778011   0.000006   0.000028 -168.508
  470237.25  5891336.29   1.778390   0.000008   0.000034 -168.509
  470236.90  5891334.55   1.778769   0.000009   0.000041 -168.509
  470236.54  5891332.81   1.779149   0.000011   0.000048 -168.510
  470236.19  5891331.06   1.779529   0.000012   0.000055 -168.511
  470235.83  5891329.32   1.779911   0.000014   0.000062 -168.513
  470235.48  5891327.58   1.780292   0.000015   0.000069 -168.514
  470235.12  5891325.83   1.780674   0.000017   0.000076 -168.516
  470234.77  5891324.09   1.781057   0.000018   0.000083 -168.517
  470234.42  5891322.34   1.781440   0.000020   0.000090 -168.519
  470234.06  5891320.59   1.781824   0.000021   0.000096 -168.521
  470233.71  5891318.85   1.782208   0.000023   0.000103 -168.524
  470233.35  5891317.10   1.782593   0.000025   0.000110 -168.526
  470233.00  5891315.35   1.782979   0.000026   0.000117 -168.528
  470232.64  5891313.61   1.783364   0.000028   0.000124 -168.531
  470232.29  5891311.86   1.783751   0.000029   0.000131 -168.534
  470231.93  5891310.11   1.784138   0.000031   0.000138 -168.537
  470231.58  5891308.36   1.784526   0.000032   0.000144 -168.540
  470231.22  5891306.61   1.784914   0.000034   0.000151 -168.543
  470230.87  5891304.86   1.785305   0.000035   0.000158 -168.547
  470230.52  5891303.11   1.785697   0.000037   0.000165 -168.550
  470230.16  5891301.36   1.786084   0.000038   0.000171 -168.554
  470229.81  5891299.61   1.786467   0.000039   0.000178 -168.558
  470229.45  5891297.86   1.786845   0.000041   0.000184 -168.562
  470229.10  5891296.11   1.787218   0.000042   0.000190 -168.566
  470228.74  5891294.36   1.787587   0.000044   0.000197 -168.570
  470228.39  5891292.60   1.787951   0.000045   0.000203 -168.575
  470228.04  5891290.85   1.788311   0.000046   0.000209 -168.579
  470227.68  5891289.10   1.788666   0.000048   0.000216 -168.584
  470227.33  5891287.35   1.789016   0.000049   0.000222 -168.589
  470226.97  5891285.59   1.789362   0.000050   0.000228 -168.594
  470226.62  5891283.84   1.789704   0.000052   0.000235 -168.599
  470226.27  5891282.08   1.790040   0.000053   0.000241 -168.605
  470225.91  5891280.33   1.790372   0.000055   0.000247 -168.610
  470225.56  5891278.57   1.790700   0.000056   0.000253 -168.616
  470225.21  5891276.82   1.791023   0.000057   0.000260 -168.621
  470224.85  5891275.06   1.791341   0.000059   0.000266 -168.627
  470224.50  5891273.30   1.791655   0.000060   0.000272 -168.633
  470224.15  5891271.55   1.791964   0.000061   0.000279 -168.639
  470223.79  5891269.79   1.792269   0.000063   0.000285 -168.646
  470223.44  5891268.03   1.792569   0.000064   0.000291 -168.652
  470223.09  5891266.28   1.792864   0.000065   0.000298 -168.659
  470222.74  5891264.52   1.793155   0.000067   0.000304 -168.666
  470222.38  5891262.76   1.793442   0.000068   0.000310 -168.672
  470222.03  5891261.00   1.793723   0.000070   0.000317 -168.679
  470221.68  5891259.24   1.794000   0.000071   0.000323 -168.687
  470221.33  5891257.48   1.794273   0.000072   0.000329 -168.694
  470220.98  5891255.72   1.794541   0.000074   0.000336 -168.701
  470220.63  5891253.96   1.794805   0.000075   0.000342 -168.709
  470220.27  5891252.20   1.795064   0.000076   0.000348 -168.717
  470219.92  5891250.44   1.795318   0.000078   0.000355 -168.724
  470219.57  5891248.68   1.795568   0.000079   0.000361 -168.732
  470219.22  5891246.92   1.795813   0.000081   0.000367 -168.741
  470218.87  5891245.16   1.796054   0.000082   0.000374 -168.749
  470218.52  5891243.40   1.796290   0.000083   0.000380 -168.757
  470218.17  5891241.63   1.796520   0.000085   0.000386 -168.766
  470217.82  5891239.87   1.796746   0.000086   0.000392 -168.775
  470217.47  5891238.11   1.796969   0.000087   0.000399 -168.783
  470217.12  5891236.35   1.797191   0.000089   0.000405 -168.792
  470216.77  5891234.58   1.797412   0.000090   0.000412 -168.802
  470216.43  5891232.82   1.797630   0.000092   0.000418 -168.811
  470216.08  5891231.06   1.797846   0.000093   0.000425 -168.820
  470215.73  5891229.29   1.798061   0.000094   0.000431 -168.830
  470215.38  5891227.53   1.798274   0.000096   0.000438 -168.840
  470215.03  5891225.76   1.798485   0.000097   0.000444 -168.849
  470214.69  5891224.00   1.798694   0.000099   0.000451 -168.859
  470214.34  5891222.23   1.798901   0.000100   0.000457 -168.870
  470213.99  5891220.47   1.799106   0.000101   0.000464 -168.880
  470213.64  5891218.70   1.799310   0.000103   0.000470 -168.890
  470213.30  5891216.94   1.799512   0.000104   0.000477 -168.901
  470212.95  5891215.17   1.799712   0.000105   0.000483 -168.912
  470212.61  5891213.41   1.799910   0.000107   0.000489 -168.922
  470212.26  5891211.64   1.800106   0.000108   0.000496 -168.933
  470211.92  5891209.87   1.800301   0.000110   0.000502 -168.945
  470211.57  5891208.11   1.800493   0.000111   0.000509 -168.956
  470211.23  5891206.34   1.800684   0.000112   0.000515 -168.967
  470210.88  5891204.57   1.800873   0.000114   0.000522 -168.979
  470210.54  5891202.80   1.801061   0.000115   0.000528 -168.991
  470210.19  5891201.03   1.801246   0.000117   0.000535 -169.003
  470209.85  5891199.27   1.801430   0.000118   0.000541 -169.015
  470209.51  5891197.50   1.801612   0.000119   0.000548 -169.027
  470209.17  5891195.73   1.801792   0.000121   0.000554 -169.039
  470208.82  5891193.96   1.801970   0.000122   0.000561 -169.052
  470208.48  5891192.19   1.802147   0.000123   0.000567 -169.064
  470208.14  5891190.42   1.802321   0.000125   0.000574 -169.077
  470207.80  5891188.65   1.802494   0.000127   0.000582 -169.090
  470207.46  5891186.88   1.802666   0.000129   0.000591 -169.103
  470207.12  5891185.11   1.802836   0.000129   0.000593 -169.116
  470206.78  5891183.34   1.803003   0.000128   0.000590 -169.130
  470206.44  5891181.57   1.803167   0.000128   0.000587 -169.143
  470206.10  5891179.80   1.803329   0.000127   0.000584 -169.156
  470205.76  5891178.03   1.803487   0.000126   0.000581 -169.169
  470205.42  5891176.26   1.803642   0.000126   0.000578 -169.182
  470205.08  5891174.48   1.803795   0.000125   0.000575 -169.195
  470204.75  5891172.71   1.803944   0.000124   0.000572 -169.208
  470204.41  5891170.94   1.804091   0.000124   0.000569 -169.221
  470204.07  5891169.17   1.804235   0.000123   0.000567 -169.234
  470203.73  5891167.39   1.804376   0.000122   0.000564 -169.247
  470203.40  5891165.62   1.804514   0.000122   0.000561 -169.259
  470203.06  5891163.85   1.804649   0.000121   0.000558 -169.272
  470202.73  5891162.08   1.804781   0.000120   0.000555 -169.284
  470202.39  5891160.30   1.804910   0.000120   0.000552 -169.297
  470202.06  5891158.53   1.805036   0.000119   0.000549 -169.309
  470201.72  5891156.75   1.805160   0.000118   0.000546 -169.321
  470201.39  5891154.98   1.805280   0.000118   0.000543 -169.334
  470201.05  5891153.21   1.805397   0.000117   0.000540 -169.346
  470200.72  5891151.43   1.805512   0.000117   0.000537 -169.358
  470200.39  5891149.66   1.805624   0.000116   0.000534 -169.370
  470200.05  5891147.88   1.805732   0.000115   0.000531 -169.382
  470199.72  5891146.11   1.805838   0.000115   0.000528 -169.394
  470199.39  5891144.33   1.805941   0.000114   0.000526 -169.406
  470199.06  5891142.56   1.806041   0.000113   0.000523 -169.418
  470198.73  5891140.78   1.806138   0.000113   0.000520 -169.429
  470198.40  5891139.01   1.806232   0.000112   0.000517 -169.441
  470198.07  5891137.23   1.806323   0.000111   0.000514 -169.453
  470197.74  5891135.45   1.806411   0.000111   0.000511 -169.464
  470197.41  5891133.68   1.806496   0.000110   0.000508 -169.476
  470197.08  5891131.90   1.806578   0.000109   0.000505 -169.487
  470196.75  5891130.13   1.806657   0.000109   0.000502 -169.498
  470196.42  5891128.35   1.806734   0.000108   0.000499 -169.510
  470196.09  5891126.57   1.806807   0.000108   0.000497 -169.521
  470195.76  5891124.80   1.806877   0.000107   0.000494 -169.532
  470195.43  5891123.02   1.806945   0.000106   0.000491 -169.543
  470195.11  5891121.24   1.807009   0.000106   0.000488 -169.554
  470194.78  5891119.46   1.807071   0.000105   0.000485 -169.565
  470194.45  5891117.69   1.807130   0.000104   0.000482 -169.576
  470194.12  5891115.91   1.807185   0.000104   0.000479 -169.587
  470193.80  5891114.13   1.807238   0.000103   0.000476 -169.597
  470193.47  5891112.36   1.807288   0.000102   0.000473 -169.608
  470193.15  5891110.58   1.807335   0.000102   0.000471 -169.619
  470192.82  5891108.80   1.807378   0.000101   0.000468 -169.629
  470192.50  5891107.02   1.807419   0.000101   0.000465 -169.640
  470192.17  5891105.24   1.807457   0.000100   0.000462 -169.650
  470191.85  5891103.47   1.807492   0.000099   0.000459 -169.660
  470191.52  5891101.69   1.807524   0.000099   0.000456 -169.671
  470191.20  5891099.91   1.807553   0.000098   0.000453 -169.681
  470190.88  5891098.13   1.807579   0.000097   0.000450 -169.691
  470190.55  5891096.35   1.807602   0.000097   0.000448 -169.701
  470190.23  5891094.57   1.807622   0.000096   0.000445 -169.711
  470189.91  5891092.79   1.807639   0.000096   0.000442 -169.721
  470189.58  5891091.02   1.807654   0.000095   0.000439 -169.731
  470189.26  5891089.24   1.807664   0.000094   0.000437 -169.741
  470188.94  5891087.46   1.807671   0.000094   0.000433 -169.751
  470188.62  5891085.68   1.807677   0.000093   0.000430 -169.760
  470188.30  5891083.90   1.807683   0.000092   0.000426 -169.770
  470187.98  5891082.12   1.807687   0.000091   0.000422 -169.780
  470187.66  5891080.34   1.807691   0.000091   0.000419 -169.789
  470187.34  5891078.56   1.807694   0.000090   0.000415 -169.798
  470187.02  5891076.78   1.807696   0.000089   0.000411 -169.808
  470186.70  5891075.01   1.807697   0.000088   0.000408 -169.817
  470186.38  5891073.23   1.807697   0.000087   0.000404 -169.826
  470186.06  5891071.45   1.807697   0.000087   0.000400 -169.835
  470185.74  5891069.67   1.807695   0.000086   0.000397 -169.844
  470185.42  5891067.89   1.807693   0.000085   0.000393 -169.853
  470185.10  5891066.11   1.807690   0.000084   0.000389 -169.862
  470184.79  5891064.33   1.807686   0.000083   0.000386 -169.871
  470184.47  5891062.55   1.807681   0.000083   0.000382 -169.879
  470184.15  5891060.77   1.807675   0.000082   0.000379 -169.888
  470183.83  5891058.99   1.807668   0.000081   0.000375 -169.896
  470183.52  5891057.21   1.807661   0.000080   0.000371 -169.905
  470183.20  5891055.43   1.807652   0.000080   0.000368 -169.913
  470182.88  5891053.65   1.807643   0.000079   0.000364 -169.921
  470182.57  5891051.87   1.807633   0.000078   0.000360 -169.929
  470182.25  5891050.09   1.807622   0.000077   0.000357 -169.937
  470181.94  5891048.31   1.807610   0.000076   0.000353 -169.945
  470181.62  5891046.53   1.807597   0.000076   0.000349 -169.953
  470181.31  5891044.75   1.807583   0.000075   0.000346 -169.961
  470180.99  5891042.97   1.807568   0.000074   0.000342 -169.969
  470180.68  5891041.19   1.807553   0.000073   0.000338 -169.977
  470180.36  5891039.41   1.807536   0.000072   0.000335 -169.984
  470180.05  5891037.63   1.807519   0.000072   0.000331 -169.992
  470179.73  5891035.85   1.807501   0.000071   0.000328 -169.999
  470179.42  5891034.07   1.807482   0.000070   0.000324 -170.006
  470179.11  5891032.29   1.807462   0.000069   0.000320 -170.014
  470178.79  5891030.51   1.807441   0.000068   0.000316 -170.021
  470178.48  5891028.73   1.807418   0.000068   0.000313 -170.028
  470178.17  5891026.95   1.807396   0.000067   0.000310 -170.035
  470177.86  5891025.17   1.807374   0.000067   0.000307 -170.042
  470177.54  5891023.39   1.807353   0.000066   0.000304 -170.049
  470177.23  5891021.61   1.807331   0.000065   0.000302 -170.056
  470176.92  5891019.83   1.807310   0.000065   0.000299 -170.062
  470176.61  5891018.05   1.807289   0.000064   0.000296 -170.069
  470176.30  5891016.27   1.807268   0.000063   0.000293 -170.076
  470175.99  5891014.49   1.807248   0.000063   0.000290 -170.082
  470175.67  5891012.71   1.807228   0.000062   0.000287 -170.089
  470175.36  5891010.93   1.807208   0.000062   0.000285 -170.095
  470175.05  5891009.15   1.807188   0.000061   0.000282 -170.102
  470174.74  5891007.37   1.807168   0.000060   0.000279 -170.108
  470174.43  5891005.59   1.807149   0.000060   0.000276 -170.114
  470174.12  5891003.81   1.807130   0.000059   0.000273 -170.120
  470173.81  5891002.03   1.807111   0.000059   0.000270 -170.127
  470173.50  5891000.25   1.807092   0.000058   0.000268 -170.133
  470173.19  5890998.47   1.807073   0.000057   0.000265 -170.139
  470172.88  5890996.69   1.807055   0.000057   0.000262 -170.145
  470172.57  5890994.91   1.807037   0.000056   0.000259 -170.150
  470172.27  5890993.13   1.807019   0.000055   0.000256 -170.156
  470171.96  5890991.35   1.807002   0.000055   0.000253 -170.162
  470171.65  5890989.56   1.806984   0.000054   0.000250 -170.168
  470171.34  5890987.78   1.806967   0.000054   0.000248 -170.173
  470171.03  5890986.00   1.806950   0.000053   0.000245 -170.179
  470170.72  5890984.22   1.806933   0.000052   0.000242 -170.184
  470170.42  5890982.44   1.806917   0.000052   0.000239 -170.190
  470170.11  5890980.66   1.806900   0.000051   0.000236 -170.195
  470169.80  5890978.88   1.806884   0.000051   0.000233 -170.200
  470169.49  5890977.10   1.806868   0.000050   0.000231 -170.206
  470169.19  5890975.32   1.806852   0.000049   0.000228 -170.211
  470168.88  5890973.54   1.806837   0.000049   0.000225 -170.216
  470168.57  5890971.76   1.806821   0.000048   0.000222 -170.221
  470168.26  5890969.98   1.806806   0.000047   0.000219 -170.226
  470167.96  5890968.20   1.806791   0.000047   0.000216 -170.231
  470167.65  5890966.42   1.806777   0.000046   0.000213 -170.236
  470167.35  5890964.64   1.806762   0.000046   0.000211 -170.240
  470167.04  5890962.86   1.806748   0.000045   0.000208 -170.245
  470166.73  5890961.08   1.806734   0.000044   0.000205 -170.250
  470166.43  5890959.30   1.806720   0.000044   0.000202 -170.254
  470166.12  5890957.51   1.806706   0.000043   0.000199 -170.259
  470165.82  5890955.73   1.806693   0.000043   0.000196 -170.263
  470165.51  5890953.95   1.806680   0.000042   0.000194 -170.268
  470165.21  5890952.17   1.806667   0.000041   0.000191 -170.272
  470164.90  5890950.39   1.806654   0.000041   0.000188 -170.276
  470164.60  5890948.61   1.806641   0.000040   0.000185 -170.281
  470164.29  5890946.83   1.806629   0.000039   0.000182 -170.285
  470163.99  5890945.05   1.806617   0.000039   0.000179 -170.289
  470163.68  5890943.27   1.806604   0.000038   0.000177 -170.293
  470163.38  5890941.49   1.806593   0.000038   0.000174 -170.297
  470163.07  5890939.71   1.806581   0.000037   0.000171 -170.301
  470162.77  5890937.93   1.806570   0.000036   0.000168 -170.305
  470162.46  5890936.15   1.806558   0.000036   0.000165 -170.308
  470162.16  5890934.36   1.806547   0.000035   0.000162 -170.312
  470161.86  5890932.58   1.806536   0.000035   0.000159 -170.316
  470161.55  5890930.80   1.806526   0.000034   0.000157 -170.319
  470161.25  5890929.02   1.806515   0.000033   0.000154 -170.323
  470160.95  5890927.24   1.806505   0.000033   0.000151 -170.326
  470160.64  5890925.46   1.806495   0.000032   0.000148 -170.330
  470160.34  5890923.68   1.806485   0.000031   0.000145 -170.333
  470160.04  5890921.90   1.806476   0.000031   0.000142 -170.336
  470159.73  5890920.12   1.806466   0.000030   0.000140 -170.339
  470159.43  5890918.34   1.806457   0.000030   0.000137 -170.343
  470159.13  5890916.56   1.806448   0.000029   0.000134 -170.346
  470158.82  5890914.78   1.806439   0.000028   0.000131 -170.349
  470158.52  5890912.99   1.806430   0.000028   0.000128 -170.352
  470158.22  5890911.21   1.806422   0.000027   0.000125 -170.354
  470157.92  5890909.43   1.806414   0.000027   0.000122 -170.357
  470157.61  5890907.65   1.806406   0.000026   0.000120 -170.360
  470157.31  5890905.87   1.806398   0.000025   0.000117 -170.363
  470157.01  5890904.09   1.806390   0.000025   0.000114 -170.365
  470156.71  5890902.31   1.806382   0.000024   0.000111 -170.368
  470156.40  5890900.53   1.806375   0.000023   0.000108 -170.370
  470156.10  5890898.75   1.806368   0.000023   0.000105 -170.373
  470155.80  5890896.97   1.806361   0.000022   0.000102 -170.375
  470155.50  5890895.19   1.806354   0.000022   0.000100 -170.377
  470155.20  5890893.40   1.806348   0.000021   0.000097 -170.380
  470154.89  5890891.62   1.806341   0.000020   0.000094 -170.382
  470154.59  5890889.84   1.806335   0.000020   0.000091 -170.384
  470154.29  5890888.06   1.806329   0.000019   0.000088 -170.386
  470153.99  5890886.28   1.806324   0.000019   0.000085 -170.388
  470153.69  5890884.50   1.806318   0.000018   0.000083 -170.390
  470153.39  5890882.72   1.806313   0.000017   0.000080 -170.392
  470153.08  5890880.94   1.806307   0.000017   0.000077 -170.394
  470152.78  5890879.16   1.806302   0.000016   0.000074 -170.395
  470152.48  5890877.38   1.806298   0.000015   0.000071 -170.397
  470152.18  5890875.59   1.806293   0.000015   0.000068 -170.399
  470151.88  5890873.81   1.806289   0.000014   0.000065 -170.400
  470151.58  5890872.03   1.806284   0.000014   0.000063 -170.402
  470151.28  5890870.25   1.806280   0.000013   0.000060 -170.403
  470150.98  5890868.47   1.806276   0.000012   0.000057 -170.404
  470150.67  5890866.69   1.806273   0.000012   0.000054 -170.406
  470150.37  5890864.91   1.806269   0.000011   0.000051 -170.407
  470150.07  5890863.13   1.806266   0.000010   0.000048 -170.408
  470149.77  5890861.35   1.806263   0.000010   0.000046 -170.409
  470149.47  5890859.57   1.806260   0.000009   0.000043 -170.410
  470149.17  5890857.78   1.806257   0.000009   0.000040 -170.411
  470148.87  5890856.00   1.806255   0.000008   0.000037 -170.412
  470148.57  5890854.22   1.806252   0.000007   0.000034 -170.413
  470148.27  5890852.44   1.806250   0.000007   0.000031 -170.413
  470147.97  5890850.66   1.806248   0.000006   0.000028 -170.414
  470147.67  5890848.88   1.806246   0.000006   0.000026 -170.415
  470147.37  5890847.10   1.806245   0.000005   0.000023 -170.415
  470147.06  5890845.32   1.806243   0.000004   0.000020 -170.416
  470146.76  5890843.54   1.806242   0.000004   0.000017 -170.416
  470146.46  5890841.76   1.806241   0.000003   0.000014 -170.417
  470146.16  5890839.97   1.806240   0.000002   0.000011 -170.417
  470145.86  5890838.19   1.806240   0.000002   0.000009 -170.417
  470145.56  5890836.41   1.806239   0.000001   0.000005 -170.417
  470145.26  5890834.63   1.806239   0.000001   0.000003 -170.418
