  470601.00  5898753.50   0.041081   0.000397   0.000001    0.000
  470601.02  5898753.47   0.041587   0.000766   0.000002  141.594
  470601.05  5898753.44   0.042598   0.001433   0.000004  141.592
  470601.08  5898753.40   0.043610   0.002022   0.000005  141.588
  470601.11  5898753.37   0.044622   0.002544   0.000007  141.583
  470601.13  5898753.33   0.045635   0.003006   0.000009  141.577
  470601.16  5898753.30   0.046649   0.003415   0.000011  141.569
  470601.19  5898753.26   0.047664   0.003778   0.000012  141.560
  470601.22  5898753.22   0.048679   0.004098   0.000014  141.549
  470601.25  5898753.18   0.049695   0.004382   0.000015  141.538
  470601.28  5898753.14   0.050711   0.004632   0.000017  141.525
  470601.31  5898753.10   0.051728   0.004853   0.000018  141.512
  470601.35  5898753.06   0.052746   0.005048   0.000020  141.498
  470601.38  5898753.02   0.053765   0.005219   0.000021  141.482
  470601.41  5898752.98   0.054784   0.005369   0.000023  141.466
  470601.45  5898752.93   0.055804   0.005500   0.000024  141.449
  470601.48  5898752.89   0.056825   0.005614   0.000026  141.432
  470601.52  5898752.85   0.057846   0.005713   0.000027  141.414
  470601.56  5898752.80   0.058868   0.005799   0.000028  141.395
  470601.59  5898752.75   0.059890   0.005871   0.000030  141.375
  470601.63  5898752.71   0.060914   0.005933   0.000031  141.355
  470601.67  5898752.66   0.061938   0.005985   0.000032  141.334
  470601.71  5898752.61   0.062962   0.006027   0.000034  141.313
  470601.75  5898752.56   0.063988   0.006062   0.000035  141.291
  470601.79  5898752.51   0.065014   0.006089   0.000036  141.269
  470601.83  5898752.46   0.066040   0.006109   0.000038  141.246
  470601.87  5898752.41   0.067068   0.006123   0.000039  141.223
  470601.91  5898752.35   0.068096   0.006132   0.000040  141.200
  470601.96  5898752.30   0.069125   0.006136   0.000041  141.176
  470602.00  5898752.25   0.070154   0.006135   0.000043  141.151
  470602.04  5898752.19   0.071184   0.006131   0.000044  141.127
  470602.09  5898752.14   0.072215   0.006123   0.000045  141.102
  470602.14  5898752.08   0.073247   0.006111   0.000046  141.076
  470602.18  5898752.02   0.074279   0.006097   0.000048  141.051
  470602.23  5898751.96   0.075312   0.006080   0.000049  141.025
  470602.28  5898751.90   0.076345   0.006060   0.000050  140.999
  470602.32  5898751.84   0.077380   0.006039   0.000051  140.972
  470602.37  5898751.78   0.078415   0.006015   0.000052  140.945
  470602.42  5898751.72   0.079450   0.005990   0.000053  140.918
  470602.47  5898751.66   0.080487   0.005963   0.000055  140.891
  470602.53  5898751.60   0.081524   0.005934   0.000056  140.864
  470602.58  5898751.53   0.082562   0.005905   0.000057  140.836
  470602.63  5898751.47   0.083600   0.005874   0.000058  140.808
  470602.68  5898751.41   0.084640   0.005843   0.000059  140.780
  470602.74  5898751.34   0.085680   0.005810   0.000060  140.751
  470602.79  5898751.27   0.086720   0.005777   0.000061  140.723
  470602.85  5898751.20   0.087762   0.005743   0.000063  140.694
  470602.90  5898751.14   0.088804   0.005708   0.000064  140.665
  470602.96  5898751.07   0.089847   0.005673   0.000065  140.636
  470603.02  5898751.00   0.090890   0.005638   0.000066  140.607
  470603.07  5898750.93   0.091934   0.005602   0.000067  140.578
  470603.13  5898750.86   0.092979   0.005566   0.000068  140.548
  470603.19  5898750.78   0.094025   0.005530   0.000069  140.519
  470603.25  5898750.71   0.095071   0.005493   0.000070  140.489
  470603.31  5898750.64   0.096118   0.005456   0.000071  140.459
  470603.38  5898750.56   0.097166   0.005420   0.000072  140.429
  470603.44  5898750.49   0.098215   0.005383   0.000073  140.399
  470603.50  5898750.41   0.099264   0.005346   0.000074  140.368
  470603.56  5898750.33   0.100314   0.005309   0.000076  140.338
  470603.63  5898750.26   0.101365   0.005272   0.000077  140.307
  470603.69  5898750.18   0.102416   0.005235   0.000078  140.277
  470603.76  5898750.10   0.103468   0.005199   0.000079  140.246
  470603.83  5898750.02   0.104521   0.005162   0.000080  140.215
  470603.89  5898749.94   0.105575   0.005126   0.000081  140.184
  470603.96  5898749.86   0.106629   0.005089   0.000082  140.153
  470604.03  5898749.77   0.107684   0.005053   0.000083  140.122
  470604.10  5898749.69   0.108740   0.005017   0.000084  140.091
  470604.17  5898749.61   0.109797   0.004981   0.000085  140.060
  470604.24  5898749.52   0.110854   0.004946   0.000086  140.028
  470604.31  5898749.44   0.111912   0.004910   0.000087  139.997
  470604.38  5898749.35   0.112971   0.004875   0.000088  139.966
  470604.46  5898749.27   0.114030   0.004840   0.000089  139.934
  470604.53  5898749.18   0.115091   0.004806   0.000090  139.902
  470604.61  5898749.09   0.116152   0.004771   0.000091  139.871
  470604.68  5898749.00   0.117213   0.004737   0.000092  139.839
  470604.76  5898748.91   0.118276   0.004703   0.000093  139.807
  470604.83  5898748.82   0.119339   0.004669   0.000094  139.775
  470604.91  5898748.73   0.120403   0.004636   0.000095  139.743
  470604.99  5898748.64   0.121468   0.004603   0.000096  139.711
  470605.07  5898748.54   0.122533   0.004570   0.000097  139.679
  470605.15  5898748.45   0.123600   0.004537   0.000098  139.647
  470605.23  5898748.35   0.124667   0.004505   0.000099  139.615
  470605.31  5898748.26   0.125734   0.004473   0.000100  139.583
  470605.39  5898748.16   0.126803   0.004441   0.000101  139.551
  470605.47  5898748.07   0.127872   0.004410   0.000102  139.518
  470605.56  5898747.97   0.128942   0.004378   0.000103  139.486
  470605.64  5898747.87   0.130013   0.004348   0.000104  139.454
  470605.73  5898747.77   0.131084   0.004317   0.000105  139.421
  470605.81  5898747.67   0.132157   0.004287   0.000106  139.389
  470605.90  5898747.57   0.133230   0.004256   0.000107  139.356
  470605.99  5898747.47   0.134303   0.004227   0.000108  139.324
  470606.07  5898747.37   0.135378   0.004197   0.000109  139.291
  470606.16  5898747.26   0.136453   0.004168   0.000110  139.259
  470606.25  5898747.16   0.137529   0.004139   0.000111  139.226
  470606.34  5898747.06   0.138606   0.004110   0.000112  139.194
  470606.43  5898746.95   0.139684   0.004082   0.000113  139.161
  470606.53  5898746.84   0.140762   0.004054   0.000114  139.128
  470606.62  5898746.74   0.141842   0.004026   0.000115  139.096
  470606.71  5898746.63   0.142922   0.003998   0.000116  139.063
  470606.80  5898746.52   0.144002   0.003971   0.000116  139.030
  470606.90  5898746.41   0.145084   0.003944   0.000117  138.997
  470607.00  5898746.30   0.146166   0.003917   0.000118  138.965
  470607.09  5898746.19   0.147249   0.003891   0.000119  138.932
  470607.19  5898746.08   0.148333   0.003864   0.000120  138.899
  470607.29  5898745.97   0.149417   0.003838   0.000121  138.866
  470607.39  5898745.86   0.150503   0.003813   0.000122  138.833
  470607.49  5898745.74   0.151589   0.003787   0.000123  138.800
  470607.59  5898745.63   0.152676   0.003762   0.000124  138.768
  470607.69  5898745.51   0.153764   0.003737   0.000125  138.735
  470607.79  5898745.40   0.154852   0.003712   0.000126  138.702
  470607.89  5898745.28   0.155942   0.003687   0.000127  138.669
  470607.99  5898745.16   0.157032   0.003663   0.000128  138.636
  470608.10  5898745.04   0.158122   0.003639   0.000129  138.603
  470608.20  5898744.93   0.159214   0.003615   0.000130  138.570
  470608.31  5898744.81   0.160307   0.003592   0.000131  138.537
  470608.42  5898744.68   0.161400   0.003568   0.000131  138.504
  470608.52  5898744.56   0.162494   0.003545   0.000132  138.471
  470608.63  5898744.44   0.163589   0.003522   0.000133  138.438
  470608.74  5898744.32   0.164684   0.003500   0.000134  138.405
  470608.85  5898744.20   0.165781   0.003477   0.000135  138.372
  470608.96  5898744.07   0.166878   0.003455   0.000136  138.339
  470609.07  5898743.95   0.167976   0.003433   0.000137  138.306
  470609.18  5898743.82   0.169075   0.003411   0.000138  138.273
  470609.30  5898743.69   0.170174   0.003390   0.000139  138.240
  470609.41  5898743.57   0.171275   0.003368   0.000140  138.207
  470609.53  5898743.44   0.172376   0.003347   0.000141  138.174
  470609.64  5898743.31   0.173478   0.003326   0.000142  138.141
  470609.76  5898743.18   0.174581   0.003305   0.000142  138.108
  470609.87  5898743.05   0.175685   0.003285   0.000143  138.074
  470609.99  5898742.92   0.176789   0.003264   0.000144  138.041
  470610.11  5898742.79   0.177894   0.003244   0.000145  138.008
  470610.23  5898742.65   0.179000   0.003224   0.000146  137.975
  470610.35  5898742.52   0.180107   0.003204   0.000147  137.942
  470610.47  5898742.39   0.181215   0.003184   0.000148  137.909
  470610.59  5898742.25   0.182323   0.003165   0.000149  137.876
  470610.72  5898742.12   0.183433   0.003146   0.000150  137.843
  470610.84  5898741.98   0.184543   0.003127   0.000151  137.810
  470610.96  5898741.84   0.185654   0.003108   0.000151  137.777
  470611.09  5898741.71   0.186765   0.003089   0.000152  137.744
  470611.22  5898741.57   0.187878   0.003070   0.000153  137.711
  470611.34  5898741.43   0.188991   0.003052   0.000154  137.678
  470611.47  5898741.29   0.190106   0.003034   0.000155  137.645
  470611.60  5898741.15   0.191221   0.003016   0.000156  137.612
  470611.73  5898741.01   0.192336   0.002998   0.000157  137.579
  470611.86  5898740.86   0.193453   0.002980   0.000158  137.546
  470611.99  5898740.72   0.194571   0.002963   0.000159  137.513
  470612.12  5898740.58   0.195689   0.002945   0.000159  137.480
  470612.25  5898740.43   0.196808   0.002928   0.000160  137.447
  470612.39  5898740.29   0.197928   0.002911   0.000161  137.414
  470612.52  5898740.14   0.199049   0.002894   0.000162  137.380
  470612.66  5898739.99   0.200171   0.002877   0.000163  137.347
  470612.79  5898739.85   0.201293   0.002860   0.000164  137.314
  470612.93  5898739.70   0.202416   0.002844   0.000165  137.282
  470613.07  5898739.55   0.203540   0.002828   0.000166  137.249
  470613.21  5898739.40   0.204665   0.002811   0.000167  137.216
  470613.35  5898739.25   0.205791   0.002795   0.000167  137.183
  470613.49  5898739.10   0.206918   0.002779   0.000168  137.150
  470613.63  5898738.94   0.208045   0.002764   0.000169  137.117
  470613.77  5898738.79   0.209174   0.002748   0.000170  137.084
  470613.91  5898738.64   0.210303   0.002733   0.000171  137.051
  470614.06  5898738.48   0.211433   0.002717   0.000172  137.018
  470614.20  5898738.33   0.212564   0.002702   0.000173  136.985
  470614.35  5898738.17   0.213695   0.002687   0.000174  136.952
  470614.49  5898738.02   0.214828   0.002672   0.000174  136.919
  470614.64  5898737.86   0.215961   0.002657   0.000175  136.886
  470614.79  5898737.70   0.217095   0.002642   0.000176  136.853
  470614.94  5898737.54   0.218231   0.002628   0.000177  136.821
  470615.09  5898737.38   0.219366   0.002613   0.000178  136.788
  470615.24  5898737.22   0.220503   0.002599   0.000179  136.755
  470615.39  5898737.06   0.221641   0.002585   0.000180  136.722
  470615.54  5898736.90   0.222779   0.002571   0.000180  136.689
  470615.69  5898736.74   0.223919   0.002557   0.000181  136.656
  470615.85  5898736.57   0.225059   0.002543   0.000182  136.624
  470616.00  5898736.41   0.226200   0.002529   0.000183  136.591
  470616.16  5898736.25   0.227342   0.002515   0.000184  136.558
  470616.32  5898736.08   0.228484   0.002502   0.000185  136.525
  470616.47  5898735.91   0.229628   0.002489   0.000186  136.492
  470616.63  5898735.75   0.230772   0.002475   0.000186  136.460
  470616.79  5898735.58   0.231918   0.002462   0.000187  136.427
  470616.95  5898735.41   0.233064   0.002449   0.000188  136.394
  470617.11  5898735.24   0.234211   0.002436   0.000189  136.362
  470617.28  5898735.07   0.235359   0.002423   0.000190  136.329
  470617.44  5898734.90   0.236508   0.002410   0.000191  136.296
  470617.60  5898734.73   0.237657   0.002398   0.000192  136.264
  470617.77  5898734.56   0.238808   0.002385   0.000192  136.231
  470617.93  5898734.39   0.239959   0.002373   0.000193  136.198
  470618.10  5898734.21   0.241111   0.002360   0.000194  136.166
  470618.27  5898734.04   0.242264   0.002348   0.000195  136.133
  470618.44  5898733.86   0.243418   0.002336   0.000196  136.100
  470618.61  5898733.69   0.244573   0.002324   0.000197  136.068
  470618.78  5898733.51   0.245729   0.002312   0.000197  136.035
  470618.95  5898733.33   0.246885   0.002300   0.000198  136.003
  470619.12  5898733.16   0.248043   0.002288   0.000199  135.970
  470619.29  5898732.98   0.249201   0.002277   0.000200  135.938
  470619.46  5898732.80   0.250360   0.002265   0.000201  135.905
  470619.64  5898732.62   0.251520   0.002254   0.000202  135.873
  470619.82  5898732.44   0.252681   0.002242   0.000202  135.840
  470619.99  5898732.26   0.253843   0.002231   0.000203  135.808
  470620.17  5898732.07   0.255006   0.002220   0.000204  135.775
  470620.35  5898731.89   0.256169   0.002208   0.000205  135.743
  470620.53  5898731.71   0.257334   0.002197   0.000206  135.710
  470620.71  5898731.52   0.258499   0.002186   0.000207  135.678
  470620.89  5898731.34   0.259666   0.002176   0.000207  135.646
  470621.07  5898731.15   0.260833   0.002165   0.000208  135.613
  470621.25  5898730.96   0.262001   0.002154   0.000209  135.581
  470621.44  5898730.78   0.263170   0.002143   0.000210  135.549
  470621.62  5898730.59   0.264339   0.002133   0.000211  135.516
  470621.81  5898730.40   0.265510   0.002122   0.000212  135.484
  470621.99  5898730.21   0.266682   0.002112   0.000212  135.452
  470622.18  5898730.02   0.267854   0.002102   0.000213  135.419
  470622.37  5898729.83   0.269027   0.002091   0.000214  135.387
  470622.56  5898729.64   0.270202   0.002081   0.000215  135.355
  470622.75  5898729.44   0.271377   0.002071   0.000216  135.323
  470622.94  5898729.25   0.272553   0.002061   0.000217  135.291
  470623.13  5898729.06   0.273730   0.002051   0.000217  135.258
  470623.33  5898728.86   0.274908   0.002041   0.000218  135.226
  470623.52  5898728.67   0.276086   0.002031   0.000219  135.194
  470623.72  5898728.47   0.277266   0.002022   0.000220  135.162
  470623.91  5898728.27   0.278446   0.002012   0.000221  135.130
  470624.11  5898728.08   0.279628   0.002002   0.000221  135.098
  470624.31  5898727.88   0.280810   0.001993   0.000222  135.066
  470624.51  5898727.68   0.281993   0.001983   0.000223  135.034
  470624.71  5898727.48   0.283177   0.001974   0.000224  135.001
  470624.91  5898727.28   0.284362   0.001965   0.000225  134.969
  470625.11  5898727.08   0.285548   0.001955   0.000225  134.937
  470625.31  5898726.87   0.286735   0.001946   0.000226  134.905
  470625.51  5898726.67   0.287923   0.001937   0.000227  134.873
  470625.72  5898726.47   0.289112   0.001928   0.000228  134.842
  470625.92  5898726.26   0.290301   0.001919   0.000229  134.810
  470626.13  5898726.06   0.291492   0.001910   0.000230  134.778
  470626.34  5898725.85   0.292683   0.001901   0.000230  134.746
  470626.55  5898725.65   0.293875   0.001893   0.000231  134.714
  470626.76  5898725.44   0.295069   0.001884   0.000232  134.682
  470626.97  5898725.23   0.296263   0.001893   0.000235  134.650
  470627.18  5898725.02   0.297455   0.001902   0.000238  134.618
  470627.39  5898724.82   0.298648   0.001858   0.000234  134.585
  470627.60  5898724.61   0.299848   0.001779   0.000226  134.554
  470627.82  5898724.39   0.301054   0.001701   0.000218  134.523
  470628.03  5898724.18   0.302267   0.001624   0.000210  134.494
  470628.25  5898723.97   0.303486   0.001549   0.000202  134.465
  470628.47  5898723.76   0.304712   0.001475   0.000194  134.439
  470628.68  5898723.54   0.305945   0.001403   0.000186  134.413
  470628.90  5898723.33   0.307184   0.001332   0.000178  134.388
  470629.12  5898723.11   0.308429   0.001262   0.000170  134.365
  470629.34  5898722.90   0.309681   0.001193   0.000162  134.342
  470629.57  5898722.68   0.310940   0.001125   0.000154  134.321
  470629.79  5898722.46   0.312205   0.001059   0.000146  134.301
  470630.01  5898722.25   0.313476   0.000994   0.000138  134.282
  470630.24  5898722.03   0.314754   0.000930   0.000130  134.264
  470630.46  5898721.81   0.316039   0.000867   0.000122  134.248
  470630.69  5898721.59   0.317330   0.000805   0.000115  134.232
  470630.92  5898721.36   0.318628   0.000745   0.000107  134.217
  470631.15  5898721.14   0.319932   0.000685   0.000099  134.204
  470631.38  5898720.92   0.321242   0.000627   0.000091  134.191
  470631.61  5898720.69   0.322559   0.000570   0.000084  134.180
  470631.84  5898720.47   0.323882   0.000514   0.000076  134.169
  470632.07  5898720.24   0.325212   0.000459   0.000069  134.160
  470632.31  5898720.02   0.326548   0.000405   0.000061  134.151
  470632.54  5898719.79   0.327891   0.000352   0.000053  134.144
  470632.78  5898719.56   0.329240   0.000300   0.000046  134.137
  470633.01  5898719.33   0.330596   0.000249   0.000038  134.131
  470633.25  5898719.10   0.331958   0.000199   0.000031  134.127
  470633.49  5898718.87   0.333327   0.000150   0.000024  134.123
  470633.73  5898718.63   0.334702   0.000102   0.000016  134.120
  470633.97  5898718.40   0.336083   0.000055   0.000009  134.118
  470634.21  5898718.17   0.337471   0.000009   0.000001  134.117
  470634.46  5898717.93   0.338866   0.000036   0.000006  134.117
  470634.70  5898717.69   0.340267   0.000080   0.000013  134.117
  470634.95  5898717.46   0.341674   0.000123   0.000020  134.119
  470635.19  5898717.22   0.343088   0.000166   0.000028  134.121
  470635.44  5898716.98   0.344508   0.000207   0.000035  134.125
  470635.69  5898716.74   0.345934   0.000248   0.000042  134.129
  470635.93  5898716.50   0.347367   0.000287   0.000049  134.134
  470636.18  5898716.25   0.348807   0.000326   0.000056  134.139
  470636.43  5898716.01   0.350253   0.000364   0.000063  134.146
  470636.69  5898715.77   0.351705   0.000401   0.000070  134.153
  470636.94  5898715.52   0.353164   0.000438   0.000077  134.161
  470637.19  5898715.27   0.354630   0.000473   0.000084  134.170
  470637.45  5898715.03   0.356102   0.000508   0.000091  134.180
  470637.70  5898714.78   0.357580   0.000542   0.000098  134.190
  470637.96  5898714.53   0.359065   0.000576   0.000105  134.201
  470638.22  5898714.28   0.360556   0.000608   0.000112  134.213
  470638.48  5898714.03   0.362054   0.000640   0.000119  134.226
  470638.74  5898713.77   0.363558   0.000671   0.000125  134.239
  470639.00  5898713.52   0.365069   0.000701   0.000132  134.253
  470639.26  5898713.26   0.366586   0.000731   0.000139  134.268
  470639.52  5898713.01   0.368109   0.000760   0.000146  134.283
  470639.79  5898712.75   0.369640   0.000788   0.000152  134.299
  470640.05  5898712.49   0.371176   0.000816   0.000159  134.316
  470640.32  5898712.23   0.372719   0.000842   0.000166  134.333
  470640.59  5898711.97   0.374269   0.000869   0.000172  134.351
  470640.85  5898711.71   0.375825   0.000894   0.000179  134.370
  470641.12  5898711.44   0.377388   0.000919   0.000185  134.389
  470641.39  5898711.18   0.378957   0.000944   0.000192  134.409
  470641.66  5898710.91   0.380533   0.000967   0.000198  134.429
  470641.94  5898710.65   0.382115   0.000990   0.000205  134.450
  470642.21  5898710.38   0.383704   0.001013   0.000211  134.472
  470642.48  5898710.11   0.385299   0.001035   0.000217  134.494
  470642.76  5898709.84   0.386901   0.001056   0.000224  134.517
  470643.04  5898709.57   0.388510   0.001077   0.000230  134.540
  470643.31  5898709.29   0.390125   0.001097   0.000236  134.564
  470643.59  5898709.02   0.391746   0.001117   0.000242  134.589
  470643.87  5898708.74   0.393374   0.001136   0.000249  134.614
  470644.15  5898708.47   0.395009   0.001155   0.000255  134.640
  470644.43  5898708.19   0.396650   0.001173   0.000261  134.666
  470644.72  5898707.91   0.398298   0.001191   0.000267  134.692
  470645.00  5898707.63   0.399953   0.001208   0.000273  134.720
  470645.28  5898707.34   0.401614   0.001225   0.000279  134.747
  470645.57  5898707.06   0.403281   0.001241   0.000285  134.775
  470645.86  5898706.78   0.404956   0.001256   0.000291  134.804
  470646.14  5898706.49   0.406636   0.001272   0.000297  134.833
  470646.43  5898706.20   0.408324   0.001286   0.000303  134.863
  470646.72  5898705.91   0.410018   0.001301   0.000309  134.893
  470647.01  5898705.62   0.411719   0.001314   0.000315  134.924
  470647.31  5898705.33   0.413426   0.001328   0.000321  134.955
  470647.60  5898705.04   0.415140   0.001341   0.000327  134.986
  470647.89  5898704.75   0.416861   0.001354   0.000333  135.018
  470648.19  5898704.45   0.418588   0.001366   0.000338  135.050
  470648.48  5898704.15   0.420322   0.001377   0.000344  135.083
  470648.78  5898703.85   0.422063   0.001389   0.000350  135.116
  470649.08  5898703.55   0.423811   0.001400   0.000356  135.150
  470649.38  5898703.25   0.425565   0.001410   0.000361  135.184
  470649.68  5898702.95   0.427326   0.001421   0.000367  135.218
  470649.98  5898702.65   0.429093   0.001430   0.000372  135.253
  470650.28  5898702.34   0.430867   0.001440   0.000378  135.288
  470650.59  5898702.03   0.432648   0.001449   0.000384  135.324
  470650.89  5898701.73   0.434436   0.001458   0.000389  135.360
  470651.20  5898701.42   0.436230   0.001466   0.000395  135.396
  470651.50  5898701.10   0.438032   0.001474   0.000400  135.433
  470651.81  5898700.79   0.439839   0.001482   0.000406  135.470
  470652.12  5898700.48   0.441654   0.001490   0.000411  135.507
  470652.43  5898700.16   0.443476   0.001497   0.000416  135.545
  470652.74  5898699.84   0.445304   0.001504   0.000422  135.583
  470653.05  5898699.52   0.447139   0.001510   0.000427  135.621
  470653.37  5898699.20   0.448981   0.001516   0.000432  135.660
  470653.68  5898698.88   0.450829   0.001522   0.000438  135.699
  470654.00  5898698.56   0.452684   0.001528   0.000443  135.738
  470654.31  5898698.23   0.454547   0.001533   0.000448  135.778
  470654.63  5898697.91   0.456416   0.001538   0.000453  135.818
  470654.95  5898697.58   0.458291   0.001543   0.000458  135.858
  470655.27  5898697.25   0.460174   0.001548   0.000464  135.898
  470655.59  5898696.92   0.462064   0.001552   0.000469  135.939
  470655.91  5898696.58   0.463960   0.001556   0.000474  135.980
  470656.23  5898696.25   0.465863   0.001560   0.000479  136.022
  470656.56  5898695.91   0.467773   0.001564   0.000484  136.063
  470656.88  5898695.58   0.469690   0.001567   0.000489  136.105
  470657.21  5898695.24   0.471614   0.001570   0.000494  136.147
  470657.54  5898694.90   0.473545   0.001573   0.000499  136.190
  470657.86  5898694.55   0.475482   0.001575   0.000504  136.232
  470658.19  5898694.21   0.477427   0.001578   0.000509  136.275
  470658.52  5898693.86   0.479378   0.001580   0.000513  136.318
  470658.85  5898693.51   0.481337   0.001582   0.000518  136.362
  470659.19  5898693.17   0.483302   0.001584   0.000523  136.406
  470659.52  5898692.81   0.485274   0.001585   0.000528  136.449
  470659.86  5898692.46   0.487253   0.001587   0.000533  136.493
  470660.19  5898692.11   0.489240   0.001588   0.000537  136.538
  470660.53  5898691.75   0.491233   0.001589   0.000542  136.582
  470660.87  5898691.39   0.493233   0.001590   0.000547  136.627
  470661.21  5898691.03   0.495240   0.001590   0.000552  136.672
  470661.55  5898690.67   0.497254   0.001591   0.000556  136.717
  470661.89  5898690.31   0.499275   0.001591   0.000561  136.762
  470662.23  5898689.95   0.501303   0.001591   0.000565  136.808
  470662.57  5898689.58   0.503338   0.001591   0.000570  136.854
  470662.92  5898689.21   0.505380   0.001591   0.000575  136.899
  470663.26  5898688.84   0.507429   0.001590   0.000579  136.945
  470663.61  5898688.47   0.509485   0.001590   0.000584  136.992
  470663.96  5898688.09   0.511548   0.001589   0.000588  137.038
  470664.31  5898687.72   0.513618   0.001588   0.000592  137.085
  470664.66  5898687.34   0.515695   0.001587   0.000597  137.131
  470665.01  5898686.96   0.517779   0.001586   0.000601  137.178
  470665.36  5898686.58   0.519871   0.001585   0.000606  137.225
  470665.71  5898686.20   0.521969   0.001583   0.000610  137.273
  470666.07  5898685.82   0.524075   0.001582   0.000614  137.320
  470666.42  5898685.43   0.526187   0.001580   0.000619  137.367
  470666.78  5898685.04   0.528307   0.001578   0.000623  137.415
  470667.14  5898684.65   0.530434   0.001576   0.000627  137.463
  470667.50  5898684.26   0.532567   0.001574   0.000631  137.511
  470667.86  5898683.86   0.534708   0.001572   0.000636  137.559
  470668.22  5898683.47   0.536857   0.001570   0.000640  137.607
  470668.58  5898683.07   0.539012   0.001567   0.000644  137.655
  470668.95  5898682.67   0.541174   0.001565   0.000648  137.704
  470669.31  5898682.27   0.543344   0.001562   0.000652  137.752
  470669.68  5898681.87   0.545520   0.001560   0.000656  137.801
  470670.04  5898681.46   0.547704   0.001557   0.000660  137.850
  470670.41  5898681.05   0.549895   0.001554   0.000665  137.898
  470670.78  5898680.65   0.552094   0.001551   0.000669  137.947
  470671.15  5898680.23   0.554299   0.001548   0.000673  137.996
  470671.52  5898679.82   0.556512   0.001545   0.000677  138.046
  470671.89  5898679.41   0.558731   0.001541   0.000681  138.095
  470672.27  5898678.99   0.560959   0.001538   0.000684  138.144
  470672.64  5898678.57   0.563193   0.001535   0.000688  138.194
  470673.02  5898678.15   0.565434   0.001531   0.000692  138.243
  470673.39  5898677.73   0.567683   0.001527   0.000696  138.293
  470673.77  5898677.30   0.569939   0.001524   0.000700  138.342
  470674.15  5898676.87   0.572202   0.001520   0.000704  138.392
  470674.53  5898676.45   0.574472   0.001516   0.000708  138.442
  470674.91  5898676.01   0.576750   0.001512   0.000711  138.492
  470675.30  5898675.58   0.579035   0.001508   0.000715  138.542
  470675.68  5898675.15   0.581327   0.001504   0.000719  138.592
  470676.06  5898674.71   0.583627   0.001500   0.000723  138.642
  470676.45  5898674.27   0.585934   0.001496   0.000726  138.692
  470676.84  5898673.83   0.588248   0.001492   0.000730  138.742
  470677.23  5898673.39   0.590569   0.001488   0.000734  138.793
  470677.62  5898672.94   0.592898   0.001483   0.000737  138.843
  470678.01  5898672.49   0.595234   0.001479   0.000741  138.893
  470678.40  5898672.04   0.597577   0.001474   0.000745  138.944
  470678.79  5898671.59   0.599928   0.001470   0.000748  138.994
  470679.19  5898671.14   0.602286   0.001465   0.000752  139.045
  470679.58  5898670.68   0.604651   0.001461   0.000755  139.095
  470679.98  5898670.22   0.607024   0.001456   0.000759  139.146
  470680.37  5898669.76   0.609404   0.001452   0.000762  139.197
  470680.77  5898669.30   0.611791   0.001447   0.000766  139.247
  470681.17  5898668.83   0.614186   0.001442   0.000769  139.298
  470681.57  5898668.37   0.616588   0.001437   0.000773  139.349
  470681.98  5898667.90   0.618998   0.001432   0.000776  139.400
  470682.38  5898667.43   0.621414   0.001427   0.000780  139.450
  470682.78  5898666.95   0.623839   0.001423   0.000783  139.501
  470683.19  5898666.48   0.626270   0.001418   0.000786  139.552
  470683.59  5898666.00   0.628710   0.001413   0.000790  139.603
  470684.00  5898665.52   0.631156   0.001408   0.000793  139.654
  470684.41  5898665.04   0.633610   0.001403   0.000796  139.705
  470684.82  5898664.55   0.636071   0.001397   0.000800  139.756
  470685.23  5898664.07   0.638540   0.001392   0.000803  139.807
  470685.65  5898663.58   0.641016   0.001387   0.000806  139.858
  470686.06  5898663.09   0.643500   0.001382   0.000809  139.908
  470686.47  5898662.59   0.645991   0.001377   0.000813  139.959
  470686.89  5898662.10   0.648490   0.001372   0.000816  140.010
  470687.31  5898661.60   0.650996   0.001366   0.000819  140.061
  470687.73  5898661.10   0.653509   0.001361   0.000822  140.112
  470688.14  5898660.60   0.656030   0.001356   0.000825  140.163
  470688.57  5898660.09   0.658559   0.001351   0.000828  140.214
  470688.99  5898659.58   0.661095   0.001345   0.000831  140.265
  470689.41  5898659.07   0.663638   0.001340   0.000835  140.316
  470689.83  5898658.56   0.666189   0.001335   0.000838  140.367
  470690.26  5898658.05   0.668747   0.001329   0.000841  140.418
  470690.69  5898657.53   0.671313   0.001324   0.000844  140.469
  470691.11  5898657.01   0.673887   0.001318   0.000847  140.520
  470691.54  5898656.49   0.676468   0.001313   0.000850  140.571
  470691.97  5898655.97   0.679056   0.001308   0.000853  140.622
  470692.40  5898655.44   0.681652   0.001302   0.000856  140.673
  470692.84  5898654.91   0.684256   0.001297   0.000859  140.723
  470693.27  5898654.38   0.686867   0.001291   0.000862  140.774
  470693.70  5898653.85   0.689486   0.001286   0.000864  140.825
  470694.14  5898653.31   0.692112   0.001280   0.000867  140.876
  470694.58  5898652.77   0.694746   0.001275   0.000870  140.927
  470695.02  5898652.23   0.697387   0.001269   0.000873  140.977
  470695.45  5898651.69   0.700036   0.001264   0.000876  141.028
  470695.90  5898651.14   0.702692   0.001259   0.000879  141.079
  470696.34  5898650.59   0.705356   0.001253   0.000882  141.130
  470696.78  5898650.04   0.708028   0.001248   0.000884  141.180
  470697.22  5898649.49   0.710707   0.001242   0.000887  141.231
  470697.67  5898648.93   0.713394   0.001237   0.000890  141.281
  470698.12  5898648.38   0.716088   0.001231   0.000893  141.332
  470698.56  5898647.82   0.718790   0.001226   0.000895  141.382
  470699.01  5898647.25   0.721500   0.001220   0.000898  141.433
  470699.46  5898646.69   0.724217   0.001215   0.000901  141.483
  470699.91  5898646.12   0.726942   0.001209   0.000904  141.534
  470700.37  5898645.55   0.729675   0.001204   0.000906  141.584
  470700.82  5898644.98   0.732415   0.001198   0.000909  141.634
  470701.28  5898644.40   0.735163   0.001193   0.000912  141.685
  470701.73  5898643.82   0.737918   0.001187   0.000914  141.735
  470702.19  5898643.24   0.740681   0.001182   0.000917  141.785
  470702.65  5898642.66   0.743452   0.001176   0.000919  141.835
  470703.11  5898642.07   0.746230   0.001171   0.000922  141.885
  470703.57  5898641.48   0.749016   0.001165   0.000925  141.935
  470704.03  5898640.89   0.751810   0.001160   0.000927  141.985
  470704.49  5898640.30   0.754611   0.001154   0.000930  142.035
  470704.96  5898639.70   0.757420   0.001149   0.000932  142.085
  470705.42  5898639.10   0.760237   0.001144   0.000935  142.135
  470705.89  5898638.50   0.763061   0.001138   0.000937  142.185
  470706.36  5898637.90   0.765893   0.001133   0.000940  142.235
  470706.83  5898637.29   0.768733   0.001127   0.000942  142.284
  470707.30  5898636.68   0.771581   0.001122   0.000945  142.334
  470707.77  5898636.07   0.774436   0.001116   0.000947  142.384
  470708.24  5898635.45   0.777299   0.001111   0.000949  142.433
  470708.72  5898634.83   0.780169   0.001106   0.000952  142.483
  470709.19  5898634.21   0.783048   0.001100   0.000954  142.532
  470709.67  5898633.59   0.785934   0.001095   0.000957  142.581
  470710.15  5898632.96   0.788827   0.001090   0.000959  142.631
  470710.63  5898632.34   0.791729   0.001084   0.000961  142.680
  470711.11  5898631.71   0.794638   0.001079   0.000964  142.729
  470711.59  5898631.07   0.797555   0.001074   0.000966  142.778
  470712.07  5898630.43   0.800480   0.001069   0.000968  142.827
  470712.56  5898629.80   0.803412   0.001063   0.000971  142.876
  470713.04  5898629.15   0.806353   0.001058   0.000973  142.925
  470713.53  5898628.51   0.809300   0.001053   0.000975  142.974
  470714.02  5898627.86   0.812256   0.001048   0.000977  143.023
  470714.50  5898627.21   0.815220   0.001042   0.000980  143.072
  470715.00  5898626.56   0.818191   0.001037   0.000982  143.121
  470715.49  5898625.90   0.821170   0.001032   0.000984  143.169
  470715.98  5898625.24   0.824157   0.001027   0.000986  143.218
  470716.47  5898624.58   0.827151   0.001022   0.000988  143.266
  470716.97  5898623.92   0.830154   0.001016   0.000991  143.315
  470717.46  5898623.25   0.833164   0.001011   0.000993  143.363
  470717.96  5898622.58   0.836182   0.001006   0.000995  143.411
  470718.46  5898621.90   0.839207   0.001001   0.000997  143.459
  470718.96  5898621.23   0.842241   0.000996   0.000999  143.508
  470719.46  5898620.55   0.845282   0.000991   0.001001  143.556
  470719.96  5898619.87   0.848331   0.000986   0.001003  143.604
  470720.47  5898619.18   0.851388   0.000981   0.001006  143.652
  470720.97  5898618.50   0.854453   0.000976   0.001008  143.699
  470721.48  5898617.81   0.857525   0.000971   0.001010  143.747
  470721.99  5898617.11   0.860606   0.000966   0.001012  143.795
  470722.50  5898616.42   0.863694   0.000961   0.001014  143.842
  470723.00  5898615.72   0.866790   0.000956   0.001016  143.890
  470723.52  5898615.02   0.869894   0.000951   0.001018  143.938
  470724.03  5898614.31   0.873006   0.000946   0.001020  143.985
  470724.54  5898613.60   0.876125   0.000941   0.001022  144.032
  470725.06  5898612.89   0.879252   0.000936   0.001024  144.080
  470725.57  5898612.18   0.882388   0.000932   0.001026  144.127
  470726.09  5898611.46   0.885531   0.000927   0.001028  144.174
  470726.61  5898610.74   0.888682   0.000922   0.001030  144.221
  470727.13  5898610.02   0.891840   0.000917   0.001032  144.268
  470727.65  5898609.29   0.895007   0.000912   0.001034  144.315
  470728.17  5898608.57   0.898181   0.000908   0.001035  144.361
  470728.70  5898607.83   0.901364   0.000903   0.001037  144.408
  470729.22  5898607.10   0.904554   0.000898   0.001039  144.455
  470729.75  5898606.36   0.907752   0.000893   0.001041  144.501
  470730.28  5898605.62   0.910958   0.000889   0.001043  144.548
  470730.80  5898604.88   0.914172   0.000884   0.001045  144.594
  470731.33  5898604.13   0.917394   0.000879   0.001047  144.640
  470731.86  5898603.38   0.920623   0.000875   0.001049  144.687
  470732.40  5898602.63   0.923861   0.000870   0.001050  144.733
  470732.93  5898601.87   0.927106   0.000866   0.001052  144.779
  470733.47  5898601.11   0.930359   0.000861   0.001054  144.825
  470734.00  5898600.35   0.933621   0.000856   0.001056  144.871
  470734.54  5898599.58   0.936890   0.000852   0.001058  144.917
  470735.08  5898598.82   0.940167   0.000847   0.001059  144.962
  470735.62  5898598.04   0.943451   0.000843   0.001061  145.008
  470736.16  5898597.27   0.946744   0.000838   0.001063  145.054
  470736.70  5898596.49   0.950045   0.000834   0.001065  145.099
  470737.25  5898595.71   0.953354   0.000830   0.001066  145.144
  470737.79  5898594.93   0.956670   0.000825   0.001068  145.190
  470738.34  5898594.14   0.959995   0.000821   0.001070  145.235
  470738.89  5898593.35   0.963327   0.000816   0.001071  145.280
  470739.44  5898592.56   0.966667   0.000812   0.001073  145.325
  470739.99  5898591.76   0.970015   0.000808   0.001075  145.370
  470740.54  5898590.96   0.973372   0.000803   0.001077  145.415
  470741.09  5898590.16   0.976736   0.000799   0.001078  145.460
  470741.64  5898589.35   0.980108   0.000795   0.001080  145.505
  470742.20  5898588.54   0.983488   0.000791   0.001081  145.549
  470742.76  5898587.73   0.986876   0.000786   0.001083  145.594
  470743.31  5898586.91   0.990271   0.000782   0.001085  145.638
  470743.87  5898586.09   0.993675   0.000778   0.001086  145.683
  470744.43  5898585.27   0.997087   0.000774   0.001088  145.727
  470745.00  5898584.44   1.000507   0.000770   0.001090  145.771
  470745.56  5898583.61   1.003934   0.000766   0.001091  145.815
  470746.12  5898582.78   1.007370   0.000761   0.001093  145.859
  470746.69  5898581.95   1.010814   0.000757   0.001094  145.903
  470747.26  5898581.11   1.014265   0.000753   0.001096  145.947
  470747.82  5898580.26   1.017725   0.000749   0.001097  145.991
  470748.39  5898579.42   1.021192   0.000745   0.001099  146.035
  470748.96  5898578.57   1.024668   0.000741   0.001100  146.078
  470749.54  5898577.72   1.028151   0.000737   0.001102  146.122
  470750.11  5898576.86   1.031642   0.000733   0.001103  146.165
  470750.68  5898576.00   1.035142   0.000729   0.001105  146.208
  470751.26  5898575.14   1.038649   0.000725   0.001106  146.252
  470751.84  5898574.28   1.042165   0.000721   0.001108  146.295
  470752.42  5898573.41   1.045688   0.000717   0.001109  146.338
  470753.00  5898572.54   1.049219   0.000714   0.001111  146.381
  470753.58  5898571.66   1.052759   0.000710   0.001112  146.424
  470754.16  5898570.78   1.056306   0.000706   0.001114  146.467
  470754.74  5898569.90   1.059861   0.000702   0.001115  146.509
  470755.33  5898569.01   1.063424   0.000698   0.001117  146.552
  470755.92  5898568.12   1.066996   0.000694   0.001118  146.594
  470756.50  5898567.23   1.070575   0.000691   0.001120  146.637
  470757.09  5898566.33   1.074162   0.000687   0.001121  146.679
  470757.68  5898565.43   1.077758   0.000683   0.001122  146.722
  470758.28  5898564.53   1.081361   0.000680   0.001124  146.764
  470758.87  5898563.63   1.084972   0.000676   0.001125  146.806
  470759.46  5898562.72   1.088592   0.000672   0.001127  146.848
  470760.06  5898561.80   1.092219   0.000669   0.001128  146.890
  470760.65  5898560.89   1.095854   0.000665   0.001129  146.932
  470761.25  5898559.97   1.099498   0.000661   0.001131  146.973
  470761.85  5898559.04   1.103149   0.000658   0.001132  147.015
  470762.45  5898558.11   1.106809   0.000654   0.001133  147.057
  470763.06  5898557.18   1.110476   0.000651   0.001135  147.098
  470763.66  5898556.25   1.114152   0.000647   0.001136  147.139
  470764.26  5898555.31   1.117835   0.000644   0.001137  147.181
  470764.87  5898554.37   1.121527   0.000640   0.001139  147.222
  470765.48  5898553.42   1.125226   0.000637   0.001140  147.263
  470766.09  5898552.48   1.128934   0.000633   0.001141  147.304
  470766.70  5898551.52   1.132649   0.000630   0.001142  147.345
  470767.31  5898550.57   1.136373   0.000626   0.001144  147.386
  470767.92  5898549.61   1.140105   0.000623   0.001145  147.427
  470768.54  5898548.65   1.143845   0.000619   0.001146  147.467
  470769.15  5898547.68   1.147593   0.000616   0.001147  147.508
  470769.77  5898546.71   1.151348   0.000613   0.001149  147.549
  470770.39  5898545.74   1.155112   0.000609   0.001150  147.589
  470771.01  5898544.76   1.158884   0.000607   0.001152  147.629
  470771.63  5898543.78   1.162665   0.000604   0.001155  147.670
  470772.25  5898542.79   1.166454   0.000600   0.001154  147.710
  470772.87  5898541.81   1.170249   0.000594   0.001150  147.750
  470773.50  5898540.81   1.174051   0.000588   0.001147  147.790
  470774.12  5898539.82   1.177858   0.000583   0.001143  147.829
  470774.75  5898538.82   1.181672   0.000577   0.001140  147.869
  470775.38  5898537.82   1.185491   0.000572   0.001137  147.908
  470776.01  5898536.81   1.189317   0.000567   0.001133  147.947
  470776.64  5898535.80   1.193149   0.000561   0.001130  147.985
  470777.27  5898534.79   1.196987   0.000556   0.001127  148.024
  470777.91  5898533.77   1.200831   0.000551   0.001123  148.062
  470778.54  5898532.75   1.204681   0.000546   0.001120  148.100
  470779.18  5898531.72   1.208537   0.000541   0.001117  148.137
  470779.82  5898530.70   1.212400   0.000536   0.001113  148.175
  470780.46  5898529.66   1.216268   0.000531   0.001110  148.212
  470781.10  5898528.63   1.220143   0.000526   0.001107  148.249
  470781.74  5898527.59   1.224023   0.000521   0.001104  148.286
  470782.39  5898526.54   1.227913   0.000517   0.001102  148.322
  470783.03  5898525.50   1.231808   0.000511   0.001097  148.359
  470783.68  5898524.45   1.235704   0.000506   0.001092  148.395
  470784.33  5898523.39   1.239600   0.000500   0.001087  148.430
  470784.97  5898522.33   1.243497   0.000494   0.001081  148.466
  470785.63  5898521.27   1.247394   0.000489   0.001076  148.501
  470786.28  5898520.21   1.251292   0.000484   0.001071  148.536
  470786.93  5898519.14   1.255190   0.000478   0.001065  148.571
  470787.59  5898518.06   1.259089   0.000473   0.001060  148.605
  470788.24  5898516.99   1.262988   0.000468   0.001055  148.639
  470788.90  5898515.91   1.266887   0.000463   0.001050  148.673
  470789.56  5898514.82   1.270787   0.000457   0.001045  148.707
  470790.22  5898513.73   1.274687   0.000452   0.001040  148.740
  470790.88  5898512.64   1.278587   0.000447   0.001035  148.773
  470791.54  5898511.55   1.282488   0.000443   0.001029  148.806
  470792.21  5898510.45   1.286390   0.000438   0.001024  148.838
  470792.87  5898509.35   1.290291   0.000433   0.001019  148.871
  470793.54  5898508.24   1.294193   0.000428   0.001014  148.903
  470794.21  5898507.13   1.298095   0.000424   0.001009  148.934
  470794.88  5898506.01   1.301998   0.000419   0.001005  148.966
  470795.55  5898504.90   1.305901   0.000414   0.001000  148.997
  470796.23  5898503.78   1.309805   0.000410   0.000995  149.028
  470796.90  5898502.65   1.313708   0.000406   0.000990  149.059
  470797.58  5898501.52   1.317612   0.000401   0.000985  149.089
  470798.25  5898500.39   1.321517   0.000397   0.000980  149.120
  470798.93  5898499.25   1.325421   0.000393   0.000975  149.150
  470799.61  5898498.11   1.329326   0.000389   0.000972  149.180
  470800.29  5898496.97   1.333235   0.000385   0.000968  149.209
  470800.98  5898495.82   1.337143   0.000380   0.000961  149.239
  470801.66  5898494.67   1.341046   0.000375   0.000953  149.268
  470802.35  5898493.52   1.344943   0.000369   0.000944  149.297
  470803.03  5898492.36   1.348834   0.000364   0.000936  149.325
  470803.72  5898491.20   1.352719   0.000358   0.000927  149.353
  470804.41  5898490.03   1.356598   0.000353   0.000919  149.381
  470805.10  5898488.86   1.360472   0.000348   0.000910  149.408
  470805.80  5898487.69   1.364339   0.000343   0.000902  149.435
  470806.49  5898486.51   1.368201   0.000338   0.000894  149.462
  470807.19  5898485.33   1.372056   0.000333   0.000886  149.489
  470807.88  5898484.15   1.375906   0.000328   0.000877  149.515
  470808.58  5898482.96   1.379750   0.000323   0.000869  149.541
  470809.28  5898481.77   1.383587   0.000318   0.000861  149.566
  470809.98  5898480.57   1.387419   0.000313   0.000853  149.591
  470810.69  5898479.37   1.391245   0.000309   0.000845  149.616
  470811.39  5898478.17   1.395065   0.000304   0.000837  149.641
  470812.10  5898476.97   1.398879   0.000300   0.000829  149.665
  470812.80  5898475.76   1.402687   0.000295   0.000821  149.689
  470813.51  5898474.54   1.406489   0.000291   0.000813  149.713
  470814.22  5898473.33   1.410285   0.000286   0.000805  149.736
  470814.93  5898472.11   1.414074   0.000282   0.000797  149.759
  470815.64  5898470.88   1.417858   0.000278   0.000790  149.782
  470816.36  5898469.66   1.421636   0.000274   0.000782  149.805
  470817.07  5898468.43   1.425408   0.000269   0.000774  149.827
  470817.79  5898467.19   1.429174   0.000265   0.000766  149.849
  470818.51  5898465.95   1.432934   0.000261   0.000759  149.871
  470819.23  5898464.71   1.436687   0.000257   0.000751  149.892
  470819.95  5898463.47   1.440435   0.000253   0.000743  149.914
  470820.67  5898462.22   1.444176   0.000249   0.000736  149.934
  470821.40  5898460.97   1.447912   0.000246   0.000728  149.955
  470822.12  5898459.71   1.451641   0.000242   0.000721  149.975
  470822.85  5898458.45   1.455365   0.000238   0.000713  149.996
  470823.58  5898457.19   1.459082   0.000234   0.000706  150.015
  470824.31  5898455.93   1.462793   0.000231   0.000698  150.035
  470825.04  5898454.66   1.466498   0.000227   0.000691  150.054
  470825.77  5898453.38   1.470197   0.000224   0.000683  150.073
  470826.50  5898452.11   1.473890   0.000220   0.000676  150.092
  470827.24  5898450.83   1.477577   0.000217   0.000669  150.111
  470827.98  5898449.55   1.481258   0.000213   0.000662  150.129
  470828.72  5898448.26   1.484935   0.000210   0.000656  150.147
  470829.45  5898446.97   1.488605   0.000206   0.000647  150.165
  470830.20  5898445.68   1.492265   0.000202   0.000637  150.183
  470830.94  5898444.38   1.495915   0.000198   0.000627  150.200
  470831.68  5898443.08   1.499554   0.000194   0.000617  150.217
  470832.43  5898441.78   1.503182   0.000190   0.000607  150.234
  470833.17  5898440.47   1.506799   0.000186   0.000597  150.250
  470833.92  5898439.16   1.510406   0.000182   0.000587  150.266
  470834.67  5898437.85   1.514003   0.000178   0.000577  150.282
  470835.42  5898436.53   1.517588   0.000174   0.000567  150.297
  470836.18  5898435.21   1.521163   0.000170   0.000557  150.312
  470836.93  5898433.89   1.524728   0.000167   0.000548  150.327
  470837.69  5898432.56   1.528281   0.000163   0.000538  150.342
  470838.44  5898431.23   1.531824   0.000159   0.000528  150.356
  470839.20  5898429.90   1.535357   0.000156   0.000519  150.370
  470839.96  5898428.56   1.538878   0.000152   0.000509  150.384
  470840.72  5898427.22   1.542389   0.000148   0.000499  150.397
  470841.48  5898425.88   1.545889   0.000145   0.000490  150.410
  470842.25  5898424.53   1.549379   0.000141   0.000480  150.423
  470843.01  5898423.18   1.552858   0.000138   0.000471  150.436
  470843.78  5898421.83   1.556326   0.000135   0.000461  150.448
  470844.55  5898420.48   1.559783   0.000131   0.000452  150.460
  470845.32  5898419.12   1.563230   0.000128   0.000442  150.472
  470846.09  5898417.76   1.566666   0.000125   0.000433  150.483
  470846.86  5898416.39   1.570091   0.000121   0.000423  150.494
  470847.63  5898415.02   1.573506   0.000118   0.000414  150.505
  470848.41  5898413.65   1.576909   0.000115   0.000405  150.516
  470849.19  5898412.28   1.580303   0.000112   0.000396  150.526
  470849.96  5898410.90   1.583685   0.000109   0.000386  150.536
  470850.74  5898409.52   1.587056   0.000106   0.000377  150.546
  470851.53  5898408.14   1.590417   0.000103   0.000368  150.556
  470852.31  5898406.75   1.593767   0.000100   0.000359  150.565
  470853.09  5898405.36   1.597107   0.000097   0.000349  150.574
  470853.88  5898403.97   1.600435   0.000094   0.000340  150.583
  470854.66  5898402.57   1.603753   0.000091   0.000331  150.592
  470855.45  5898401.17   1.607060   0.000088   0.000322  150.600
  470856.24  5898399.77   1.610356   0.000085   0.000313  150.608
  470857.03  5898398.37   1.613642   0.000083   0.000304  150.616
  470857.82  5898396.96   1.616917   0.000080   0.000295  150.624
  470858.62  5898395.55   1.620181   0.000077   0.000286  150.631
  470859.41  5898394.13   1.623434   0.000074   0.000277  150.638
  470860.21  5898392.72   1.626676   0.000072   0.000268  150.645
  470861.01  5898391.30   1.629908   0.000069   0.000259  150.652
  470861.81  5898389.88   1.633129   0.000066   0.000250  150.659
  470862.61  5898388.45   1.636339   0.000064   0.000241  150.665
  470863.41  5898387.02   1.639539   0.000061   0.000233  150.671
  470864.21  5898385.59   1.642727   0.000059   0.000224  150.676
  470865.02  5898384.16   1.645905   0.000056   0.000215  150.682
  470865.83  5898382.72   1.649072   0.000054   0.000206  150.687
  470866.63  5898381.28   1.652228   0.000051   0.000197  150.692
  470867.44  5898379.84   1.655373   0.000049   0.000189  150.697
  470868.25  5898378.40   1.658508   0.000046   0.000180  150.702
  470869.07  5898376.95   1.661632   0.000044   0.000171  150.706
  470869.88  5898375.50   1.664745   0.000041   0.000163  150.710
  470870.70  5898374.04   1.667847   0.000039   0.000154  150.714
  470871.51  5898372.59   1.670938   0.000037   0.000145  150.718
  470872.33  5898371.13   1.674019   0.000034   0.000137  150.722
  470873.15  5898369.67   1.677089   0.000032   0.000128  150.725
  470873.97  5898368.20   1.680148   0.000030   0.000119  150.728
  470874.79  5898366.74   1.683196   0.000028   0.000111  150.731
  470875.62  5898365.27   1.686233   0.000025   0.000102  150.734
  470876.44  5898363.79   1.689260   0.000023   0.000094  150.736
  470877.27  5898362.32   1.692276   0.000021   0.000085  150.738
  470878.09  5898360.84   1.695281   0.000019   0.000077  150.740
  470878.92  5898359.36   1.698275   0.000017   0.000068  150.742
  470879.75  5898357.88   1.701258   0.000015   0.000060  150.744
  470880.59  5898356.39   1.704231   0.000012   0.000051  150.745
  470881.42  5898354.91   1.707192   0.000010   0.000043  150.746
  470882.26  5898353.41   1.710143   0.000008   0.000034  150.747
  470883.09  5898351.92   1.713083   0.000006   0.000026  150.748
  470883.93  5898350.43   1.716013   0.000004   0.000017  150.749
  470884.77  5898348.93   1.718931   0.000002   0.000009  150.749
  470885.61  5898347.43   1.721839   0.000000   0.000001  150.749
  470886.45  5898345.92   1.724736   0.000002   0.000008  150.749
  470887.30  5898344.42   1.727622   0.000004   0.000016  150.749
  470888.14  5898342.91   1.730497   0.000006   0.000024  150.749
  470888.99  5898341.40   1.733362   0.000008   0.000033  150.748
  470889.83  5898339.88   1.736215   0.000010   0.000041  150.748
  470890.68  5898338.37   1.739058   0.000012   0.000049  150.747
  470891.53  5898336.85   1.741890   0.000013   0.000058  150.745
  470892.39  5898335.33   1.744711   0.000015   0.000066  150.744
  470893.24  5898333.80   1.747522   0.000017   0.000074  150.743
  470894.09  5898332.28   1.750321   0.000019   0.000082  150.741
  470894.95  5898330.75   1.753110   0.000021   0.000091  150.739
  470895.81  5898329.22   1.755888   0.000023   0.000099  150.737
  470896.67  5898327.69   1.758655   0.000024   0.000107  150.735
  470897.53  5898326.15   1.761412   0.000026   0.000115  150.732
  470898.39  5898324.61   1.764157   0.000028   0.000123  150.729
  470899.25  5898323.07   1.766892   0.000030   0.000132  150.727
  470900.12  5898321.53   1.769616   0.000032   0.000140  150.724
  470900.98  5898319.99   1.772329   0.000033   0.000148  150.720
  470901.85  5898318.44   1.775031   0.000035   0.000156  150.717
  470902.72  5898316.89   1.777723   0.000037   0.000164  150.713
  470903.59  5898315.34   1.780404   0.000038   0.000172  150.710
  470904.46  5898313.78   1.783074   0.000040   0.000180  150.706
  470905.34  5898312.23   1.785733   0.000042   0.000189  150.702
  470906.21  5898310.67   1.788381   0.000043   0.000197  150.697
  470907.09  5898309.11   1.791019   0.000045   0.000205  150.693
  470907.96  5898307.55   1.793646   0.000047   0.000213  150.688
  470908.84  5898305.98   1.796262   0.000048   0.000221  150.683
  470909.72  5898304.41   1.798867   0.000050   0.000229  150.678
  470910.60  5898302.84   1.801461   0.000052   0.000237  150.673
  470911.49  5898301.27   1.804045   0.000053   0.000245  150.668
  470912.37  5898299.70   1.806618   0.000055   0.000253  150.662
  470913.26  5898298.12   1.809180   0.000056   0.000261  150.657
  470914.15  5898296.54   1.811731   0.000058   0.000269  150.651
  470915.03  5898294.96   1.814272   0.000060   0.000277  150.645
  470915.92  5898293.38   1.816801   0.000061   0.000285  150.639
  470916.82  5898291.80   1.819320   0.000063   0.000293  150.632
  470917.71  5898290.21   1.821828   0.000064   0.000301  150.626
  470918.60  5898288.62   1.824326   0.000066   0.000309  150.619
  470919.50  5898287.03   1.826813   0.000067   0.000317  150.612
  470920.40  5898285.44   1.829288   0.000069   0.000325  150.605
  470921.29  5898283.84   1.831753   0.000070   0.000333  150.598
  470922.19  5898282.25   1.834208   0.000072   0.000341  150.591
  470923.10  5898280.65   1.836651   0.000073   0.000349  150.583
  470924.00  5898279.05   1.839084   0.000075   0.000357  150.575
  470924.90  5898277.45   1.841506   0.000076   0.000365  150.568
  470925.81  5898275.84   1.843918   0.000078   0.000373  150.560
  470926.72  5898274.23   1.846318   0.000079   0.000381  150.551
  470927.63  5898272.63   1.848708   0.000080   0.000389  150.543
  470928.54  5898271.01   1.851087   0.000082   0.000397  150.535
  470929.45  5898269.40   1.853455   0.000083   0.000405  150.526
  470930.36  5898267.79   1.855813   0.000085   0.000412  150.517
  470931.27  5898266.17   1.858160   0.000086   0.000420  150.508
  470932.19  5898264.55   1.860496   0.000087   0.000428  150.499
  470933.11  5898262.93   1.862821   0.000089   0.000436  150.489
  470934.02  5898261.31   1.865136   0.000090   0.000444  150.480
  470934.94  5898259.69   1.867440   0.000092   0.000452  150.470
  470935.87  5898258.06   1.869733   0.000093   0.000460  150.461
  470936.79  5898256.43   1.872015   0.000095   0.000469  150.451
  470937.71  5898254.80   1.874286   0.000096   0.000479  150.440
  470938.64  5898253.17   1.876547   0.000097   0.000483  150.430
  470939.56  5898251.54   1.878798   0.000097   0.000485  150.420
  470940.49  5898249.91   1.881039   0.000097   0.000486  150.409
  470941.42  5898248.27   1.883272   0.000097   0.000487  150.399
  470942.35  5898246.63   1.885495   0.000097   0.000488  150.388
  470943.29  5898244.99   1.887709   0.000097   0.000489  150.378
  470944.22  5898243.35   1.889914   0.000097   0.000490  150.367
  470945.16  5898241.71   1.892110   0.000097   0.000491  150.357
  470946.09  5898240.06   1.894296   0.000097   0.000492  150.346
  470947.03  5898238.41   1.896473   0.000097   0.000493  150.336
  470947.97  5898236.76   1.898641   0.000097   0.000494  150.325
  470948.91  5898235.11   1.900800   0.000097   0.000495  150.315
  470949.85  5898233.46   1.902950   0.000097   0.000496  150.304
  470950.80  5898231.81   1.905090   0.000097   0.000497  150.294
  470951.74  5898230.15   1.907221   0.000097   0.000498  150.283
  470952.69  5898228.50   1.909343   0.000097   0.000499  150.272
  470953.64  5898226.84   1.911455   0.000097   0.000500  150.262
  470954.58  5898225.18   1.913558   0.000097   0.000502  150.251
  470955.53  5898223.51   1.915652   0.000097   0.000503  150.241
  470956.49  5898221.85   1.917737   0.000097   0.000504  150.230
  470957.44  5898220.19   1.919813   0.000097   0.000505  150.219
  470958.39  5898218.52   1.921879   0.000097   0.000506  150.209
  470959.35  5898216.85   1.923936   0.000097   0.000507  150.198
  470960.31  5898215.18   1.925984   0.000097   0.000508  150.187
  470961.26  5898213.51   1.928023   0.000097   0.000509  150.177
  470962.22  5898211.83   1.930053   0.000097   0.000510  150.166
  470963.19  5898210.16   1.932073   0.000097   0.000512  150.155
  470964.15  5898208.48   1.934084   0.000097   0.000513  150.144
  470965.11  5898206.80   1.936086   0.000097   0.000514  150.134
  470966.08  5898205.13   1.938078   0.000097   0.000515  150.123
  470967.04  5898203.44   1.940062   0.000097   0.000516  150.112
  470968.01  5898201.76   1.942036   0.000097   0.000517  150.101
  470968.98  5898200.08   1.944001   0.000097   0.000519  150.091
  470969.95  5898198.39   1.945956   0.000097   0.000520  150.080
  470970.92  5898196.70   1.947903   0.000097   0.000521  150.069
  470971.89  5898195.02   1.949840   0.000097   0.000522  150.058
  470972.87  5898193.32   1.951768   0.000097   0.000523  150.047
  470973.84  5898191.63   1.953687   0.000097   0.000524  150.036
  470974.82  5898189.94   1.955596   0.000097   0.000526  150.026
  470975.80  5898188.25   1.957497   0.000097   0.000527  150.015
  470976.78  5898186.55   1.959388   0.000097   0.000528  150.004
  470977.76  5898184.85   1.961270   0.000097   0.000529  149.993
  470978.74  5898183.15   1.963143   0.000097   0.000530  149.982
  470979.72  5898181.45   1.965006   0.000097   0.000532  149.971
  470980.70  5898179.75   1.966860   0.000097   0.000533  149.960
  470981.69  5898178.05   1.968705   0.000097   0.000534  149.949
  470982.68  5898176.34   1.970541   0.000097   0.000535  149.938
  470983.66  5898174.64   1.972368   0.000098   0.000536  149.927
  470984.65  5898172.93   1.974185   0.000098   0.000538  149.916
  470985.64  5898171.22   1.975993   0.000098   0.000539  149.905
  470986.64  5898169.51   1.977792   0.000098   0.000540  149.894
  470987.63  5898167.80   1.979582   0.000098   0.000541  149.883
  470988.62  5898166.09   1.981363   0.000098   0.000543  149.872
  470989.62  5898164.37   1.983134   0.000098   0.000544  149.861
  470990.61  5898162.66   1.984896   0.000098   0.000545  149.850
  470991.61  5898160.94   1.986649   0.000098   0.000546  149.838
  470992.61  5898159.22   1.988393   0.000098   0.000548  149.827
  470993.61  5898157.50   1.990127   0.000098   0.000549  149.816
  470994.61  5898155.78   1.991852   0.000098   0.000550  149.805
  470995.62  5898154.06   1.993569   0.000098   0.000552  149.794
  470996.62  5898152.33   1.995275   0.000098   0.000553  149.783
  470997.62  5898150.61   1.996973   0.000098   0.000554  149.771
  470998.63  5898148.88   1.998661   0.000098   0.000555  149.760
  470999.64  5898147.16   2.000341   0.000098   0.000557  149.749
  471000.65  5898145.43   2.002011   0.000098   0.000558  149.738
  471001.66  5898143.70   2.003672   0.000099   0.000559  149.726
  471002.67  5898141.97   2.005323   0.000099   0.000561  149.715
  471003.68  5898140.24   2.006966   0.000099   0.000562  149.704
  471004.69  5898138.50   2.008599   0.000099   0.000563  149.692
  471005.71  5898136.77   2.010223   0.000099   0.000565  149.681
  471006.72  5898135.03   2.011837   0.000099   0.000566  149.670
  471007.74  5898133.29   2.013443   0.000099   0.000567  149.658
  471008.76  5898131.56   2.015039   0.000099   0.000569  149.647
  471009.78  5898129.82   2.016627   0.000099   0.000570  149.635
  471010.80  5898128.08   2.018205   0.000099   0.000571  149.624
  471011.82  5898126.33   2.019773   0.000099   0.000573  149.612
  471012.84  5898124.59   2.021333   0.000099   0.000574  149.601
  471013.86  5898122.85   2.022883   0.000099   0.000575  149.589
  471014.89  5898121.10   2.024424   0.000100   0.000577  149.578
  471015.91  5898119.36   2.025955   0.000100   0.000578  149.566
  471016.94  5898117.61   2.027476   0.000100   0.000579  149.555
  471017.97  5898115.86   2.028991   0.000100   0.000580  149.543
  471019.00  5898114.11   2.030500   0.000100   0.000581  149.532
  471020.03  5898112.36   2.032004   0.000100   0.000582  149.520
  471021.06  5898110.61   2.033501   0.000100   0.000583  149.508
  471022.09  5898108.86   2.034992   0.000100   0.000584  149.497
  471023.13  5898107.10   2.036478   0.000100   0.000585  149.485
  471024.16  5898105.35   2.037957   0.000100   0.000586  149.474
  471025.20  5898103.59   2.039430   0.000100   0.000587  149.462
  471026.23  5898101.84   2.040898   0.000100   0.000588  149.450
  471027.27  5898100.08   2.042359   0.000100   0.000589  149.439
  471028.31  5898098.32   2.043814   0.000100   0.000590  149.427
  471029.35  5898096.56   2.045264   0.000100   0.000590  149.415
  471030.39  5898094.80   2.046707   0.000100   0.000592  149.404
  471031.43  5898093.04   2.048145   0.000100   0.000593  149.392
  471032.48  5898091.27   2.049577   0.000100   0.000593  149.380
  471033.52  5898089.51   2.051002   0.000100   0.000593  149.368
  471034.57  5898087.74   2.052422   0.000099   0.000593  149.357
  471035.62  5898085.98   2.053835   0.000099   0.000592  149.345
  471036.66  5898084.21   2.055243   0.000099   0.000592  149.333
  471037.71  5898082.44   2.056644   0.000099   0.000591  149.322
  471038.76  5898080.67   2.058040   0.000099   0.000591  149.310
  471039.81  5898078.90   2.059429   0.000098   0.000591  149.298
  471040.87  5898077.13   2.060813   0.000098   0.000590  149.287
  471041.92  5898075.36   2.062190   0.000098   0.000590  149.275
  471042.97  5898073.59   2.063562   0.000098   0.000590  149.263
  471044.03  5898071.81   2.064927   0.000098   0.000589  149.252
  471045.09  5898070.04   2.066287   0.000098   0.000589  149.240
  471046.14  5898068.26   2.067640   0.000097   0.000589  149.229
  471047.20  5898066.48   2.068988   0.000097   0.000588  149.217
  471048.26  5898064.71   2.070329   0.000097   0.000588  149.206
  471049.32  5898062.93   2.071665   0.000097   0.000588  149.194
  471050.38  5898061.15   2.072994   0.000097   0.000588  149.183
  471051.45  5898059.37   2.074317   0.000097   0.000587  149.171
  471052.51  5898057.58   2.075635   0.000096   0.000587  149.160
  471053.57  5898055.80   2.076946   0.000096   0.000587  149.148
  471054.64  5898054.02   2.078252   0.000096   0.000586  149.137
  471055.71  5898052.23   2.079551   0.000096   0.000586  149.125
  471056.77  5898050.45   2.080844   0.000096   0.000586  149.114
  471057.84  5898048.66   2.082132   0.000096   0.000586  149.103
  471058.91  5898046.88   2.083413   0.000095   0.000585  149.091
  471059.98  5898045.09   2.084688   0.000095   0.000585  149.080
  471061.06  5898043.30   2.085958   0.000095   0.000585  149.068
  471062.13  5898041.51   2.087221   0.000095   0.000584  149.057
  471063.20  5898039.72   2.088478   0.000095   0.000584  149.046
  471064.28  5898037.93   2.089729   0.000095   0.000584  149.034
  471065.35  5898036.14   2.090975   0.000094   0.000584  149.023
  471066.43  5898034.34   2.092214   0.000094   0.000584  149.012
  471067.51  5898032.55   2.093448   0.000094   0.000583  149.000
  471068.59  5898030.75   2.094675   0.000094   0.000581  148.989
  471069.67  5898028.96   2.095895   0.000093   0.000579  148.978
  471070.75  5898027.16   2.097108   0.000093   0.000577  148.967
  471071.83  5898025.36   2.098314   0.000092   0.000575  148.956
  471072.91  5898023.57   2.099514   0.000092   0.000573  148.945
  471074.00  5898021.77   2.100707   0.000091   0.000571  148.933
  471075.08  5898019.97   2.101893   0.000091   0.000569  148.922
  471076.17  5898018.17   2.103072   0.000091   0.000566  148.912
  471077.25  5898016.37   2.104244   0.000090   0.000564  148.901
  471078.34  5898014.56   2.105409   0.000090   0.000562  148.890
  471079.43  5898012.76   2.106568   0.000089   0.000560  148.879
  471080.52  5898010.96   2.107719   0.000089   0.000558  148.868
  471081.61  5898009.15   2.108864   0.000088   0.000556  148.857
  471082.70  5898007.35   2.110002   0.000088   0.000554  148.847
  471083.79  5898005.54   2.111134   0.000088   0.000552  148.836
  471084.89  5898003.74   2.112258   0.000087   0.000550  148.825
  471085.98  5898001.93   2.113376   0.000087   0.000548  148.815
  471087.07  5898000.12   2.114486   0.000086   0.000546  148.804
  471088.17  5897998.31   2.115590   0.000086   0.000544  148.794
  471089.27  5897996.50   2.116687   0.000085   0.000541  148.784
  471090.36  5897994.69   2.117777   0.000085   0.000540  148.773
  471091.46  5897992.88   2.118861   0.000085   0.000539  148.763
  471092.56  5897991.07   2.119939   0.000085   0.000539  148.753
  471093.66  5897989.25   2.121011   0.000085   0.000538  148.742
  471094.76  5897987.44   2.122077   0.000084   0.000537  148.732
  471095.87  5897985.63   2.123137   0.000084   0.000537  148.722
  471096.97  5897983.81   2.124192   0.000084   0.000536  148.711
  471098.07  5897982.00   2.125240   0.000084   0.000535  148.701
  471099.18  5897980.18   2.126283   0.000084   0.000535  148.691
  471100.28  5897978.36   2.127320   0.000083   0.000534  148.681
  471101.39  5897976.55   2.128351   0.000083   0.000533  148.671
  471102.50  5897974.73   2.129376   0.000083   0.000533  148.661
  471103.60  5897972.91   2.130395   0.000083   0.000532  148.650
  471104.71  5897971.09   2.131408   0.000083   0.000531  148.640
  471105.82  5897969.27   2.132416   0.000083   0.000531  148.630
  471106.93  5897967.45   2.133417   0.000082   0.000530  148.620
  471108.05  5897965.63   2.134413   0.000082   0.000529  148.610
  471109.16  5897963.80   2.135403   0.000082   0.000529  148.600
  471110.27  5897961.98   2.136387   0.000082   0.000528  148.590
  471111.39  5897960.16   2.137365   0.000082   0.000528  148.580
  471112.50  5897958.33   2.138337   0.000081   0.000527  148.570
  471113.62  5897956.51   2.139303   0.000081   0.000526  148.560
  471114.73  5897954.68   2.140263   0.000081   0.000526  148.550
  471115.85  5897952.86   2.141218   0.000081   0.000525  148.540
  471116.97  5897951.03   2.142166   0.000081   0.000525  148.530
  471118.09  5897949.20   2.143109   0.000081   0.000524  148.520
  471119.21  5897947.37   2.144046   0.000080   0.000523  148.510
  471120.33  5897945.55   2.144977   0.000080   0.000523  148.500
  471121.45  5897943.72   2.145902   0.000080   0.000522  148.490
  471122.57  5897941.89   2.146821   0.000080   0.000522  148.481
  471123.69  5897940.06   2.147734   0.000080   0.000521  148.471
  471124.82  5897938.23   2.148642   0.000080   0.000520  148.461
  471125.94  5897936.40   2.149543   0.000080   0.000520  148.451
  471127.07  5897934.56   2.150439   0.000079   0.000519  148.441
  471128.19  5897932.73   2.151329   0.000079   0.000519  148.432
  471129.32  5897930.90   2.152212   0.000079   0.000518  148.422
  471130.45  5897929.06   2.153090   0.000079   0.000517  148.412
  471131.57  5897927.23   2.153962   0.000079   0.000517  148.402
  471132.70  5897925.39   2.154829   0.000079   0.000516  148.393
  471133.83  5897923.56   2.155689   0.000078   0.000516  148.383
  471134.96  5897921.72   2.156543   0.000078   0.000515  148.373
  471136.10  5897919.89   2.157392   0.000078   0.000515  148.364
  471137.23  5897918.05   2.158235   0.000078   0.000514  148.354
  471138.36  5897916.21   2.159071   0.000078   0.000514  148.344
  471139.49  5897914.37   2.159902   0.000078   0.000513  148.335
  471140.63  5897912.54   2.160727   0.000078   0.000512  148.325
  471141.76  5897910.70   2.161546   0.000077   0.000512  148.315
  471142.90  5897908.86   2.162359   0.000077   0.000511  148.306
  471144.04  5897907.02   2.163167   0.000077   0.000511  148.296
  471145.17  5897905.18   2.163968   0.000077   0.000511  148.287
  471146.31  5897903.34   2.164762   0.000077   0.000511  148.277
  471147.45  5897901.49   2.165550   0.000077   0.000509  148.267
  471148.59  5897899.65   2.166335   0.000076   0.000506  148.258
  471149.73  5897897.81   2.167118   0.000076   0.000503  148.248
  471150.87  5897895.97   2.167898   0.000075   0.000500  148.239
  471152.01  5897894.12   2.168675   0.000075   0.000497  148.230
  471153.16  5897892.28   2.169449   0.000074   0.000493  148.220
  471154.30  5897890.44   2.170220   0.000074   0.000490  148.211
  471155.44  5897888.59   2.170989   0.000073   0.000487  148.202
  471156.59  5897886.75   2.171755   0.000073   0.000484  148.193
  471157.73  5897884.90   2.172518   0.000072   0.000481  148.184
  471158.88  5897883.05   2.173279   0.000072   0.000478  148.175
  471160.02  5897881.21   2.174036   0.000071   0.000475  148.166
  471161.17  5897879.36   2.174791   0.000070   0.000471  148.157
  471162.32  5897877.51   2.175543   0.000070   0.000468  148.148
  471163.47  5897875.66   2.176293   0.000069   0.000465  148.140
  471164.62  5897873.82   2.177039   0.000069   0.000462  148.131
  471165.77  5897871.97   2.177783   0.000068   0.000459  148.122
  471166.92  5897870.12   2.178524   0.000068   0.000456  148.114
  471168.07  5897868.27   2.179262   0.000067   0.000453  148.105
  471169.22  5897866.42   2.179998   0.000067   0.000449  148.097
  471170.37  5897864.57   2.180730   0.000066   0.000446  148.089
  471171.53  5897862.71   2.181460   0.000066   0.000443  148.080
  471172.68  5897860.86   2.182187   0.000065   0.000440  148.072
  471173.83  5897859.01   2.182912   0.000065   0.000437  148.064
  471174.99  5897857.16   2.183633   0.000064   0.000434  148.056
  471176.15  5897855.30   2.184352   0.000064   0.000431  148.048
  471177.30  5897853.45   2.185068   0.000063   0.000428  148.040
  471178.46  5897851.60   2.185781   0.000063   0.000425  148.032
  471179.62  5897849.74   2.186492   0.000062   0.000421  148.024
  471180.78  5897847.89   2.187199   0.000062   0.000418  148.016
  471181.93  5897846.03   2.187904   0.000061   0.000415  148.008
  471183.09  5897844.18   2.188606   0.000061   0.000412  148.001
  471184.25  5897842.32   2.189306   0.000060   0.000409  147.993
  471185.41  5897840.46   2.190002   0.000060   0.000406  147.986
  471186.58  5897838.61   2.190696   0.000059   0.000403  147.978
  471187.74  5897836.75   2.191387   0.000059   0.000400  147.971
  471188.90  5897834.89   2.192075   0.000058   0.000397  147.963
  471190.06  5897833.03   2.192760   0.000058   0.000394  147.956
  471191.23  5897831.17   2.193443   0.000057   0.000391  147.949
  471192.39  5897829.31   2.194123   0.000057   0.000387  147.941
  471193.56  5897827.45   2.194799   0.000056   0.000384  147.934
  471194.72  5897825.59   2.195474   0.000056   0.000381  147.927
  471195.89  5897823.73   2.196145   0.000055   0.000378  147.920
  471197.06  5897821.87   2.196813   0.000055   0.000375  147.913
  471198.22  5897820.01   2.197479   0.000054   0.000372  147.906
  471199.39  5897818.15   2.198142   0.000054   0.000369  147.899
  471200.56  5897816.29   2.198802   0.000054   0.000366  147.893
  471201.73  5897814.43   2.199460   0.000053   0.000363  147.886
  471202.90  5897812.56   2.200114   0.000053   0.000360  147.879
  471204.07  5897810.70   2.200766   0.000052   0.000357  147.873
  471205.24  5897808.83   2.201415   0.000052   0.000354  147.866
  471206.41  5897806.97   2.202061   0.000051   0.000351  147.859
  471207.58  5897805.11   2.202704   0.000051   0.000348  147.853
  471208.75  5897803.24   2.203345   0.000050   0.000345  147.847
  471209.93  5897801.38   2.203983   0.000050   0.000341  147.840
  471211.10  5897799.51   2.204618   0.000049   0.000338  147.834
  471212.28  5897797.64   2.205250   0.000049   0.000335  147.828
  471213.45  5897795.78   2.205879   0.000048   0.000332  147.822
  471214.63  5897793.91   2.206505   0.000048   0.000329  147.816
  471215.80  5897792.04   2.207129   0.000047   0.000326  147.809
  471216.98  5897790.17   2.207750   0.000047   0.000323  147.803
  471218.15  5897788.30   2.208368   0.000046   0.000320  147.798
  471219.33  5897786.44   2.208983   0.000046   0.000317  147.792
  471220.51  5897784.57   2.209596   0.000045   0.000314  147.786
  471221.69  5897782.70   2.210205   0.000045   0.000311  147.780
  471222.87  5897780.83   2.210812   0.000045   0.000308  147.774
  471224.04  5897778.96   2.211416   0.000044   0.000305  147.769
  471225.22  5897777.09   2.212017   0.000044   0.000302  147.763
  471226.40  5897775.21   2.212616   0.000043   0.000299  147.758
  471227.59  5897773.34   2.213211   0.000043   0.000296  147.752
  471228.77  5897771.47   2.213804   0.000042   0.000293  147.747
  471229.95  5897769.60   2.214394   0.000042   0.000290  147.741
  471231.13  5897767.73   2.214981   0.000041   0.000287  147.736
  471232.31  5897765.85   2.215565   0.000041   0.000284  147.731
  471233.50  5897763.98   2.216147   0.000040   0.000281  147.726
  471234.68  5897762.11   2.216725   0.000040   0.000278  147.721
  471235.86  5897760.23   2.217301   0.000040   0.000275  147.715
  471237.05  5897758.36   2.217874   0.000039   0.000272  147.710
  471238.23  5897756.48   2.218444   0.000039   0.000269  147.705
  471239.42  5897754.61   2.219012   0.000038   0.000266  147.701
  471240.61  5897752.73   2.219576   0.000038   0.000263  147.696
  471241.79  5897750.85   2.220138   0.000037   0.000260  147.691
  471242.98  5897748.98   2.220697   0.000037   0.000257  147.686
  471244.17  5897747.10   2.221253   0.000036   0.000254  147.681
  471245.35  5897745.22   2.221806   0.000036   0.000251  147.677
  471246.54  5897743.35   2.222356   0.000035   0.000248  147.672
  471247.73  5897741.47   2.222904   0.000035   0.000245  147.668
  471248.92  5897739.59   2.223449   0.000035   0.000242  147.663
  471250.11  5897737.71   2.223991   0.000034   0.000239  147.659
  471251.30  5897735.83   2.224530   0.000034   0.000236  147.655
  471252.49  5897733.95   2.225066   0.000033   0.000233  147.650
  471253.68  5897732.07   2.225599   0.000033   0.000230  147.646
  471254.87  5897730.19   2.226130   0.000032   0.000227  147.642
  471256.06  5897728.31   2.226658   0.000032   0.000224  147.638
  471257.26  5897726.43   2.227183   0.000031   0.000221  147.634
  471258.45  5897724.55   2.227705   0.000031   0.000218  147.630
  471259.64  5897722.67   2.228224   0.000031   0.000215  147.626
  471260.84  5897720.79   2.228741   0.000030   0.000212  147.622
  471262.03  5897718.90   2.229254   0.000030   0.000209  147.618
  471263.22  5897717.02   2.229765   0.000029   0.000206  147.614
  471264.42  5897715.14   2.230273   0.000029   0.000203  147.610
  471265.61  5897713.25   2.230778   0.000028   0.000200  147.607
  471266.81  5897711.37   2.231280   0.000028   0.000197  147.603
  471268.00  5897709.49   2.231780   0.000028   0.000194  147.600
  471269.20  5897707.60   2.232276   0.000027   0.000191  147.596
  471270.40  5897705.72   2.232770   0.000027   0.000188  147.593
  471271.59  5897703.83   2.233261   0.000026   0.000185  147.589
  471272.79  5897701.95   2.233749   0.000026   0.000182  147.586
  471273.99  5897700.06   2.234235   0.000025   0.000179  147.582
  471275.19  5897698.17   2.234717   0.000025   0.000176  147.579
  471276.39  5897696.29   2.235197   0.000024   0.000173  147.576
  471277.58  5897694.40   2.235674   0.000024   0.000170  147.573
  471278.78  5897692.51   2.236147   0.000024   0.000167  147.570
  471279.98  5897690.63   2.236619   0.000023   0.000164  147.567
  471281.18  5897688.74   2.237087   0.000023   0.000161  147.564
  471282.38  5897686.85   2.237552   0.000022   0.000158  147.561
  471283.58  5897684.96   2.238015   0.000022   0.000155  147.558
  471284.78  5897683.07   2.238475   0.000021   0.000152  147.555
  471285.98  5897681.18   2.238932   0.000021   0.000149  147.552
  471287.19  5897679.29   2.239386   0.000021   0.000146  147.550
  471288.39  5897677.40   2.239837   0.000020   0.000143  147.547
  471289.59  5897675.51   2.240285   0.000020   0.000140  147.545
  471290.79  5897673.62   2.240731   0.000019   0.000137  147.542
  471292.00  5897671.73   2.241174   0.000019   0.000134  147.540
  471293.20  5897669.84   2.241613   0.000018   0.000131  147.537
  471294.40  5897667.95   2.242050   0.000018   0.000128  147.535
  471295.61  5897666.06   2.242485   0.000018   0.000126  147.532
  471296.81  5897664.17   2.242916   0.000017   0.000123  147.530
  471298.01  5897662.27   2.243345   0.000017   0.000120  147.528
  471299.22  5897660.38   2.243770   0.000016   0.000117  147.526
  471300.42  5897658.49   2.244193   0.000016   0.000114  147.524
  471301.63  5897656.59   2.244613   0.000016   0.000111  147.522
  471302.83  5897654.70   2.245030   0.000015   0.000108  147.520
  471304.04  5897652.81   2.245444   0.000015   0.000105  147.518
  471305.25  5897650.91   2.245856   0.000014   0.000102  147.516
  471306.45  5897649.02   2.246265   0.000014   0.000099  147.514
  471307.66  5897647.12   2.246670   0.000013   0.000096  147.512
  471308.87  5897645.23   2.247073   0.000013   0.000093  147.510
  471310.07  5897643.33   2.247473   0.000013   0.000090  147.509
  471311.28  5897641.44   2.247871   0.000012   0.000087  147.507
  471312.49  5897639.54   2.248265   0.000012   0.000084  147.506
  471313.70  5897637.64   2.248657   0.000011   0.000081  147.504
  471314.90  5897635.75   2.249045   0.000011   0.000078  147.503
  471316.11  5897633.85   2.249431   0.000011   0.000075  147.501
  471317.32  5897631.95   2.249814   0.000010   0.000072  147.500
  471318.53  5897630.05   2.250194   0.000010   0.000070  147.498
  471319.74  5897628.16   2.250572   0.000009   0.000067  147.497
  471320.95  5897626.26   2.250946   0.000009   0.000064  147.496
  471322.16  5897624.36   2.251318   0.000008   0.000061  147.495
  471323.37  5897622.46   2.251687   0.000008   0.000058  147.494
  471324.58  5897620.56   2.252053   0.000008   0.000055  147.493
  471325.79  5897618.66   2.252416   0.000007   0.000052  147.492
  471327.00  5897616.76   2.252776   0.000007   0.000049  147.491
  471328.21  5897614.86   2.253133   0.000006   0.000046  147.490
  471329.42  5897612.96   2.253488   0.000006   0.000043  147.489
  471330.63  5897611.06   2.253840   0.000006   0.000040  147.488
  471331.84  5897609.16   2.254189   0.000005   0.000037  147.488
  471333.06  5897607.26   2.254535   0.000005   0.000034  147.487
  471334.27  5897605.36   2.254878   0.000004   0.000031  147.486
  471335.48  5897603.46   2.255218   0.000004   0.000028  147.486
  471336.69  5897601.56   2.255556   0.000004   0.000025  147.485
  471337.90  5897599.65   2.255890   0.000003   0.000023  147.485
  471339.12  5897597.75   2.256222   0.000003   0.000020  147.484
  471340.33  5897595.85   2.256551   0.000002   0.000017  147.484
  471341.54  5897593.95   2.256877   0.000002   0.000014  147.484
  471342.76  5897592.04   2.257200   0.000001   0.000011  147.484
  471343.97  5897590.14   2.257521   0.000001   0.000008  147.483
  471345.18  5897588.24   2.257838   0.000001   0.000005  147.483
  471346.40  5897586.33   2.258153   0.000000   0.000002  147.483
  471347.61  5897584.43   2.258465   0.000000   0.000001  147.483
  471348.83  5897582.52   2.258774   0.000001   0.000004  147.483
  471350.04  5897580.62   2.259080   0.000001   0.000007  147.483
  471351.25  5897578.71   2.259384   0.000001   0.000010  147.483
  471352.47  5897576.81   2.259684   0.000002   0.000013  147.483
  471353.68  5897574.90   2.259982   0.000002   0.000016  147.484
  471354.90  5897573.00   2.260277   0.000003   0.000018  147.484
  471356.11  5897571.09   2.260569   0.000003   0.000021  147.484
  471357.33  5897569.18   2.260858   0.000003   0.000024  147.485
  471358.54  5897567.28   2.261144   0.000004   0.000027  147.485
  471359.76  5897565.37   2.261427   0.000004   0.000030  147.486
  471360.98  5897563.46   2.261708   0.000005   0.000034  147.486
  471362.19  5897561.56   2.261986   0.000005   0.000038  147.487
  471363.41  5897559.65   2.262261   0.000005   0.000039  147.487
  471364.62  5897557.74   2.262533   0.000005   0.000039  147.488
  471365.84  5897555.83   2.262801   0.000005   0.000038  147.489
  471367.06  5897553.92   2.263065   0.000005   0.000038  147.489
  471368.27  5897552.02   2.263326   0.000005   0.000037  147.490
  471369.49  5897550.11   2.263583   0.000005   0.000037  147.491
  471370.70  5897548.20   2.263836   0.000005   0.000036  147.491
  471371.92  5897546.29   2.264085   0.000005   0.000036  147.492
  471373.14  5897544.38   2.264331   0.000005   0.000035  147.493
  471374.35  5897542.47   2.264573   0.000005   0.000035  147.493
  471375.57  5897540.56   2.264812   0.000005   0.000035  147.494
  471376.79  5897538.65   2.265047   0.000005   0.000034  147.495
  471378.01  5897536.74   2.265278   0.000005   0.000034  147.495
  471379.22  5897534.83   2.265505   0.000005   0.000033  147.496
  471380.44  5897532.92   2.265729   0.000005   0.000033  147.496
  471381.66  5897531.01   2.265949   0.000004   0.000032  147.497
  471382.88  5897529.10   2.266166   0.000004   0.000032  147.498
  471384.09  5897527.18   2.266379   0.000004   0.000031  147.498
  471385.31  5897525.27   2.266588   0.000004   0.000031  147.499
  471386.53  5897523.36   2.266793   0.000004   0.000031  147.499
  471387.75  5897521.45   2.266995   0.000004   0.000030  147.500
  471388.97  5897519.54   2.267193   0.000004   0.000030  147.500
  471390.18  5897517.63   2.267387   0.000004   0.000029  147.501
  471391.40  5897515.71   2.267578   0.000004   0.000029  147.501
  471392.62  5897513.80   2.267765   0.000004   0.000028  147.502
  471393.84  5897511.89   2.267948   0.000004   0.000028  147.502
  471395.06  5897509.97   2.268128   0.000004   0.000027  147.503
  471396.28  5897508.06   2.268304   0.000004   0.000027  147.503
  471397.49  5897506.15   2.268476   0.000004   0.000027  147.504
  471398.71  5897504.23   2.268645   0.000004   0.000026  147.504
  471399.93  5897502.32   2.268810   0.000004   0.000026  147.505
  471401.15  5897500.41   2.268971   0.000003   0.000025  147.505
  471402.37  5897498.49   2.269129   0.000003   0.000025  147.506
  471403.59  5897496.58   2.269283   0.000003   0.000024  147.506
  471404.81  5897494.67   2.269433   0.000003   0.000024  147.507
  471406.03  5897492.75   2.269580   0.000003   0.000024  147.507
  471407.25  5897490.84   2.269722   0.000003   0.000023  147.508
  471408.47  5897488.92   2.269862   0.000003   0.000023  147.508
  471409.69  5897487.01   2.269997   0.000003   0.000022  147.508
  471410.90  5897485.09   2.270129   0.000003   0.000022  147.509
  471412.12  5897483.18   2.270257   0.000003   0.000021  147.509
  471413.34  5897481.26   2.270382   0.000003   0.000021  147.509
  471414.56  5897479.35   2.270503   0.000003   0.000020  147.510
  471415.78  5897477.43   2.270620   0.000003   0.000020  147.510
  471417.00  5897475.52   2.270733   0.000003   0.000020  147.511
  471418.22  5897473.60   2.270843   0.000003   0.000019  147.511
  471419.44  5897471.69   2.270949   0.000003   0.000019  147.511
  471420.66  5897469.77   2.271052   0.000003   0.000018  147.512
  471421.88  5897467.86   2.271150   0.000002   0.000018  147.512
  471423.10  5897465.94   2.271245   0.000002   0.000017  147.512
  471424.32  5897464.02   2.271337   0.000002   0.000017  147.513
  471425.54  5897462.11   2.271424   0.000002   0.000017  147.513
  471426.76  5897460.19   2.271509   0.000002   0.000016  147.513
  471427.98  5897458.28   2.271589   0.000002   0.000016  147.513
  471429.20  5897456.36   2.271666   0.000002   0.000015  147.514
  471430.42  5897454.44   2.271739   0.000002   0.000015  147.514
  471431.64  5897452.53   2.271808   0.000002   0.000014  147.514
  471432.86  5897450.61   2.271874   0.000002   0.000014  147.515
  471434.08  5897448.69   2.271936   0.000002   0.000013  147.515
  471435.30  5897446.78   2.271994   0.000002   0.000013  147.515
  471436.52  5897444.86   2.272048   0.000002   0.000013  147.515
  471437.74  5897442.94   2.272099   0.000002   0.000012  147.515
  471438.96  5897441.03   2.272147   0.000002   0.000012  147.516
  471440.18  5897439.11   2.272190   0.000002   0.000011  147.516
  471441.40  5897437.20   2.272230   0.000001   0.000011  147.516
  471442.62  5897435.28   2.272266   0.000001   0.000010  147.516
  471443.84  5897433.36   2.272299   0.000001   0.000010  147.516
  471445.07  5897431.44   2.272328   0.000001   0.000010  147.517
  471446.29  5897429.53   2.272353   0.000001   0.000009  147.517
  471447.51  5897427.61   2.272373   0.000001   0.000009  147.517
  471448.73  5897425.69   2.272389   0.000001   0.000008  147.517
  471449.95  5897423.78   2.272405   0.000001   0.000008  147.517
  471451.17  5897421.86   2.272420   0.000001   0.000008  147.517
  471452.39  5897419.94   2.272435   0.000001   0.000008  147.518
  471453.61  5897418.03   2.272450   0.000001   0.000008  147.518
  471454.83  5897416.11   2.272465   0.000001   0.000007  147.518
  471456.05  5897414.19   2.272479   0.000001   0.000007  147.518
  471457.27  5897412.28   2.272493   0.000001   0.000007  147.518
  471458.49  5897410.36   2.272506   0.000001   0.000007  147.518
  471459.71  5897408.44   2.272519   0.000001   0.000007  147.518
  471460.93  5897406.52   2.272532   0.000001   0.000006  147.518
  471462.15  5897404.61   2.272544   0.000001   0.000006  147.519
  471463.37  5897402.69   2.272556   0.000001   0.000006  147.519
  471464.59  5897400.77   2.272568   0.000001   0.000006  147.519
  471465.81  5897398.86   2.272580   0.000001   0.000006  147.519
  471467.03  5897396.94   2.272591   0.000001   0.000006  147.519
  471468.25  5897395.02   2.272601   0.000001   0.000005  147.519
  471469.47  5897393.11   2.272612   0.000001   0.000005  147.519
  471470.69  5897391.19   2.272622   0.000001   0.000005  147.519
  471471.91  5897389.27   2.272631   0.000001   0.000005  147.519
  471473.13  5897387.35   2.272641   0.000001   0.000005  147.519
  471474.36  5897385.44   2.272650   0.000001   0.000005  147.520
  471475.58  5897383.52   2.272659   0.000001   0.000004  147.520
  471476.80  5897381.60   2.272667   0.000001   0.000004  147.520
  471478.02  5897379.69   2.272675   0.000001   0.000004  147.520
  471479.24  5897377.77   2.272683   0.000001   0.000004  147.520
  471480.46  5897375.85   2.272690   0.000001   0.000004  147.520
  471481.68  5897373.93   2.272697   0.000000   0.000003  147.520
  471482.90  5897372.02   2.272703   0.000000   0.000003  147.520
  471484.12  5897370.10   2.272710   0.000000   0.000003  147.520
  471485.34  5897368.18   2.272716   0.000000   0.000003  147.520
  471486.56  5897366.26   2.272721   0.000000   0.000003  147.520
  471487.78  5897364.35   2.272727   0.000000   0.000003  147.520
  471489.00  5897362.43   2.272732   0.000000   0.000002  147.520
  471490.22  5897360.51   2.272736   0.000000   0.000002  147.520
  471491.44  5897358.60   2.272740   0.000000   0.000002  147.520
  471492.66  5897356.68   2.272744   0.000000   0.000002  147.520
  471493.88  5897354.76   2.272748   0.000000   0.000002  147.520
  471495.10  5897352.84   2.272751   0.000000   0.000002  147.521
  471496.32  5897350.93   2.272754   0.000000   0.000001  147.521
  471497.54  5897349.01   2.272757   0.000000   0.000001  147.521
  471498.76  5897347.09   2.272759   0.000000   0.000001  147.521
  471499.98  5897345.17   2.272761   0.000000   0.000001  147.521
  471501.21  5897343.26   2.272762   0.000000   0.000001  147.521
  471502.43  5897341.34   2.272763   0.000000   0.000001  147.521
  471503.65  5897339.42   2.272764   0.000000   0.000000  147.521
  471504.87  5897337.51   2.272765   0.000000   0.000000  147.521
