  471891.04  5898493.49   1.829182   0.000001   0.000005    0.000
  471892.62  5898492.57   1.830084   0.000002   0.000010  120.103
  471894.20  5898491.66   1.831876   0.000004   0.000020  120.103
  471895.79  5898490.74   1.833643   0.000006   0.000030  120.103
  471897.37  5898489.82   1.835383   0.000008   0.000040  120.104
  471898.96  5898488.89   1.837098   0.000010   0.000049  120.105
  471900.55  5898487.97   1.838787   0.000012   0.000059  120.106
  471902.14  5898487.05   1.840450   0.000014   0.000069  120.107
  471903.74  5898486.13   1.842088   0.000016   0.000079  120.109
  471905.33  5898485.20   1.843699   0.000018   0.000089  120.110
  471906.93  5898484.28   1.845285   0.000020   0.000099  120.112
  471908.52  5898483.35   1.846845   0.000022   0.000108  120.114
  471910.12  5898482.42   1.848380   0.000024   0.000118  120.117
  471911.72  5898481.50   1.849889   0.000026   0.000128  120.119
  471913.32  5898480.57   1.851372   0.000028   0.000138  120.122
  471914.92  5898479.64   1.852829   0.000030   0.000148  120.125
  471916.53  5898478.71   1.854260   0.000032   0.000157  120.128
  471918.13  5898477.78   1.855666   0.000034   0.000167  120.132
  471919.74  5898476.84   1.857046   0.000036   0.000177  120.136
  471921.34  5898475.91   1.858400   0.000038   0.000187  120.139
  471922.95  5898474.98   1.859729   0.000040   0.000197  120.144
  471924.56  5898474.04   1.861032   0.000042   0.000206  120.148
  471926.17  5898473.11   1.862309   0.000044   0.000216  120.152
  471927.78  5898472.17   1.863560   0.000046   0.000226  120.157
  471929.39  5898471.24   1.864785   0.000048   0.000236  120.162
  471931.01  5898470.30   1.865985   0.000050   0.000246  120.167
  471932.62  5898469.36   1.867159   0.000052   0.000255  120.172
  471934.23  5898468.42   1.868308   0.000054   0.000265  120.178
  471935.85  5898467.48   1.869430   0.000056   0.000275  120.184
  471937.47  5898466.54   1.870527   0.000058   0.000285  120.190
  471939.08  5898465.60   1.871598   0.000059   0.000294  120.196
  471940.70  5898464.66   1.872644   0.000061   0.000304  120.202
  471942.32  5898463.72   1.873663   0.000063   0.000314  120.209
  471943.94  5898462.77   1.874657   0.000065   0.000325  120.216
  471945.56  5898461.83   1.875630   0.000067   0.000336  120.223
  471947.18  5898460.88   1.876577   0.000069   0.000343  120.230
  471948.80  5898459.94   1.877489   0.000070   0.000349  120.237
  471950.42  5898458.99   1.878368   0.000071   0.000355  120.245
  471952.05  5898458.05   1.879211   0.000072   0.000360  120.252
  471953.67  5898457.10   1.880021   0.000073   0.000366  120.260
  471955.29  5898456.15   1.880796   0.000074   0.000372  120.268
  471956.92  5898455.20   1.881536   0.000075   0.000378  120.276
  471958.54  5898454.25   1.882242   0.000076   0.000383  120.284
  471960.17  5898453.30   1.882914   0.000078   0.000389  120.292
  471961.80  5898452.35   1.883552   0.000079   0.000395  120.301
  471963.42  5898451.40   1.884155   0.000080   0.000400  120.309
  471965.05  5898450.45   1.884723   0.000081   0.000406  120.318
  471966.68  5898449.50   1.885258   0.000082   0.000412  120.327
  471968.30  5898448.55   1.885758   0.000083   0.000418  120.336
  471969.93  5898447.60   1.886223   0.000084   0.000424  120.345
  471971.56  5898446.64   1.886654   0.000085   0.000429  120.354
  471973.19  5898445.69   1.887051   0.000086   0.000435  120.363
  471974.81  5898444.73   1.887414   0.000088   0.000441  120.372
  471976.44  5898443.78   1.887742   0.000089   0.000447  120.382
  471978.07  5898442.82   1.888035   0.000090   0.000453  120.391
  471979.70  5898441.87   1.888295   0.000091   0.000459  120.401
  471981.33  5898440.91   1.888520   0.000092   0.000465  120.411
  471982.96  5898439.96   1.888710   0.000093   0.000471  120.421
  471984.59  5898439.00   1.888867   0.000094   0.000476  120.431
  471986.21  5898438.04   1.888989   0.000096   0.000482  120.441
  471987.84  5898437.09   1.889076   0.000097   0.000488  120.451
  471989.47  5898436.13   1.889129   0.000098   0.000494  120.462
  471991.10  5898435.17   1.889148   0.000099   0.000500  120.472
  471992.73  5898434.21   1.889133   0.000100   0.000506  120.483
  471994.36  5898433.25   1.889083   0.000102   0.000512  120.494
  471995.98  5898432.29   1.888999   0.000103   0.000519  120.505
  471997.61  5898431.33   1.888881   0.000104   0.000525  120.516
  471999.24  5898430.38   1.888728   0.000105   0.000531  120.527
  472000.86  5898429.42   1.888541   0.000106   0.000537  120.539
  472002.49  5898428.46   1.888319   0.000108   0.000543  120.550
  472004.12  5898427.50   1.888063   0.000109   0.000549  120.562
  472005.74  5898426.54   1.887773   0.000110   0.000555  120.574
  472007.37  5898425.57   1.887449   0.000111   0.000562  120.586
  472008.99  5898424.61   1.887090   0.000113   0.000568  120.598
  472010.62  5898423.65   1.886697   0.000114   0.000574  120.610
  472012.24  5898422.69   1.886270   0.000115   0.000580  120.622
  472013.86  5898421.73   1.885808   0.000117   0.000587  120.635
  472015.48  5898420.77   1.885312   0.000118   0.000593  120.647
  472017.11  5898419.81   1.884782   0.000119   0.000599  120.660
  472018.73  5898418.85   1.884217   0.000121   0.000606  120.673
  472020.35  5898417.89   1.883618   0.000122   0.000612  120.686
  472021.97  5898416.92   1.882985   0.000124   0.000621  120.699
  472023.58  5898415.96   1.882300   0.000126   0.000629  120.712
  472025.20  5898415.00   1.881580   0.000126   0.000631  120.726
  472026.82  5898414.04   1.880862   0.000126   0.000629  120.740
  472028.43  5898413.08   1.880146   0.000125   0.000626  120.753
  472030.05  5898412.12   1.879430   0.000125   0.000623  120.767
  472031.66  5898411.16   1.878716   0.000124   0.000620  120.780
  472033.28  5898410.19   1.878004   0.000124   0.000618  120.794
  472034.89  5898409.23   1.877293   0.000123   0.000615  120.807
  472036.50  5898408.27   1.876583   0.000123   0.000612  120.820
  472038.11  5898407.31   1.875875   0.000122   0.000610  120.833
  472039.72  5898406.35   1.875168   0.000122   0.000607  120.847
  472041.33  5898405.39   1.874463   0.000122   0.000604  120.860
  472042.94  5898404.42   1.873759   0.000121   0.000601  120.873
  472044.55  5898403.46   1.873056   0.000121   0.000599  120.886
  472046.16  5898402.50   1.872355   0.000120   0.000596  120.899
  472047.76  5898401.54   1.871655   0.000120   0.000593  120.912
  472049.37  5898400.58   1.870957   0.000119   0.000590  120.924
  472050.97  5898399.62   1.870260   0.000119   0.000588  120.937
  472052.58  5898398.65   1.869564   0.000118   0.000585  120.950
  472054.18  5898397.69   1.868870   0.000118   0.000582  120.963
  472055.78  5898396.73   1.868177   0.000117   0.000579  120.975
  472057.38  5898395.77   1.867486   0.000117   0.000577  120.988
  472058.98  5898394.81   1.866796   0.000116   0.000574  121.000
  472060.58  5898393.85   1.866108   0.000116   0.000571  121.013
  472062.18  5898392.88   1.865421   0.000116   0.000568  121.025
  472063.78  5898391.92   1.864735   0.000115   0.000566  121.037
  472065.38  5898390.96   1.864050   0.000115   0.000563  121.050
  472066.97  5898390.00   1.863367   0.000114   0.000560  121.062
  472068.57  5898389.04   1.862686   0.000114   0.000557  121.074
  472070.16  5898388.08   1.862006   0.000113   0.000555  121.086
  472071.76  5898387.11   1.861327   0.000113   0.000552  121.098
  472073.35  5898386.15   1.860649   0.000112   0.000549  121.110
  472074.94  5898385.19   1.859973   0.000112   0.000546  121.122
  472076.54  5898384.23   1.859299   0.000111   0.000544  121.134
  472078.13  5898383.27   1.858625   0.000111   0.000541  121.146
  472079.72  5898382.31   1.857954   0.000110   0.000538  121.158
  472081.31  5898381.35   1.857283   0.000110   0.000535  121.170
  472082.89  5898380.38   1.856614   0.000109   0.000533  121.181
  472084.48  5898379.42   1.855946   0.000109   0.000530  121.193
  472086.07  5898378.46   1.855280   0.000108   0.000527  121.204
  472087.66  5898377.50   1.854615   0.000108   0.000524  121.216
  472089.24  5898376.54   1.853951   0.000107   0.000521  121.227
  472090.83  5898375.58   1.853289   0.000107   0.000519  121.239
  472092.41  5898374.62   1.852628   0.000106   0.000516  121.250
  472093.99  5898373.65   1.851969   0.000106   0.000513  121.261
  472095.58  5898372.69   1.851311   0.000105   0.000510  121.273
  472097.16  5898371.73   1.850654   0.000105   0.000508  121.284
  472098.74  5898370.77   1.849998   0.000104   0.000505  121.295
  472100.32  5898369.81   1.849344   0.000104   0.000502  121.306
  472101.90  5898368.85   1.848692   0.000103   0.000499  121.317
  472103.48  5898367.89   1.848040   0.000103   0.000496  121.328
  472105.06  5898366.93   1.847390   0.000102   0.000494  121.339
  472106.63  5898365.97   1.846742   0.000102   0.000491  121.350
  472108.21  5898365.00   1.846095   0.000101   0.000488  121.360
  472109.79  5898364.04   1.845449   0.000101   0.000485  121.371
  472111.36  5898363.08   1.844804   0.000100   0.000482  121.382
  472112.94  5898362.12   1.844161   0.000100   0.000480  121.392
  472114.51  5898361.16   1.843519   0.000099   0.000477  121.403
  472116.08  5898360.20   1.842879   0.000099   0.000474  121.413
  472117.66  5898359.24   1.842240   0.000098   0.000471  121.424
  472119.23  5898358.28   1.841602   0.000098   0.000468  121.434
  472120.80  5898357.32   1.840966   0.000097   0.000466  121.444
  472122.37  5898356.36   1.840331   0.000097   0.000463  121.455
  472123.94  5898355.40   1.839697   0.000096   0.000460  121.465
  472125.51  5898354.44   1.839065   0.000096   0.000457  121.475
  472127.07  5898353.48   1.838434   0.000095   0.000454  121.485
  472128.64  5898352.52   1.837804   0.000095   0.000451  121.495
  472130.21  5898351.56   1.837176   0.000094   0.000449  121.505
  472131.77  5898350.60   1.836549   0.000093   0.000446  121.515
  472133.34  5898349.64   1.835924   0.000093   0.000443  121.525
  472134.90  5898348.68   1.835299   0.000092   0.000440  121.535
  472136.47  5898347.72   1.834677   0.000092   0.000437  121.544
  472138.03  5898346.76   1.834055   0.000091   0.000434  121.554
  472139.59  5898345.80   1.833435   0.000091   0.000432  121.564
  472141.16  5898344.84   1.832816   0.000090   0.000429  121.573
  472142.72  5898343.88   1.832198   0.000090   0.000426  121.583
  472144.28  5898342.92   1.831582   0.000089   0.000423  121.592
  472145.84  5898341.96   1.830967   0.000089   0.000420  121.601
  472147.40  5898341.00   1.830354   0.000088   0.000417  121.611
  472148.95  5898340.04   1.829742   0.000088   0.000415  121.620
  472150.51  5898339.08   1.829131   0.000087   0.000412  121.629
  472152.07  5898338.12   1.828521   0.000086   0.000409  121.638
  472153.63  5898337.16   1.827913   0.000086   0.000406  121.647
  472155.18  5898336.20   1.827306   0.000085   0.000403  121.656
  472156.74  5898335.24   1.826701   0.000085   0.000400  121.665
  472158.29  5898334.28   1.826096   0.000084   0.000398  121.674
  472159.84  5898333.32   1.825494   0.000084   0.000395  121.683
  472161.40  5898332.37   1.824892   0.000083   0.000392  121.692
  472162.95  5898331.41   1.824292   0.000083   0.000389  121.700
  472164.50  5898330.45   1.823693   0.000082   0.000386  121.709
  472166.05  5898329.49   1.823095   0.000082   0.000383  121.718
  472167.60  5898328.53   1.822499   0.000081   0.000380  121.726
  472169.15  5898327.57   1.821904   0.000080   0.000378  121.735
  472170.70  5898326.61   1.821310   0.000080   0.000375  121.743
  472172.25  5898325.66   1.820718   0.000079   0.000372  121.751
  472173.80  5898324.70   1.820127   0.000079   0.000369  121.760
  472175.34  5898323.74   1.819538   0.000078   0.000366  121.768
  472176.89  5898322.78   1.818949   0.000078   0.000363  121.776
  472178.44  5898321.82   1.818362   0.000077   0.000360  121.784
  472179.98  5898320.87   1.817776   0.000076   0.000357  121.792
  472181.53  5898319.91   1.817192   0.000076   0.000355  121.800
  472183.07  5898318.95   1.816609   0.000075   0.000352  121.808
  472184.61  5898317.99   1.816027   0.000075   0.000349  121.816
  472186.16  5898317.04   1.815447   0.000074   0.000346  121.823
  472187.70  5898316.08   1.814868   0.000074   0.000343  121.831
  472189.24  5898315.12   1.814290   0.000073   0.000340  121.839
  472190.78  5898314.16   1.813713   0.000073   0.000337  121.846
  472192.32  5898313.21   1.813138   0.000072   0.000334  121.854
  472193.86  5898312.25   1.812564   0.000071   0.000332  121.861
  472195.40  5898311.29   1.811992   0.000071   0.000329  121.869
  472196.94  5898310.34   1.811420   0.000070   0.000326  121.876
  472198.48  5898309.38   1.810850   0.000070   0.000323  121.884
  472200.01  5898308.42   1.810282   0.000069   0.000320  121.891
  472201.55  5898307.47   1.809714   0.000068   0.000317  121.898
  472203.09  5898306.51   1.809148   0.000068   0.000314  121.905
  472204.62  5898305.55   1.808583   0.000067   0.000311  121.912
  472206.16  5898304.60   1.808020   0.000067   0.000308  121.919
  472207.69  5898303.64   1.807458   0.000066   0.000306  121.926
  472209.23  5898302.69   1.806897   0.000066   0.000303  121.933
  472210.76  5898301.73   1.806337   0.000065   0.000300  121.940
  472212.29  5898300.78   1.805779   0.000064   0.000297  121.946
  472213.82  5898299.82   1.805222   0.000064   0.000294  121.953
  472215.35  5898298.86   1.804666   0.000063   0.000291  121.960
  472216.89  5898297.91   1.804112   0.000063   0.000288  121.966
  472218.42  5898296.95   1.803559   0.000062   0.000285  121.973
  472219.95  5898296.00   1.803007   0.000061   0.000282  121.979
  472221.47  5898295.04   1.802457   0.000061   0.000279  121.985
  472223.00  5898294.09   1.801908   0.000060   0.000277  121.992
  472224.53  5898293.13   1.801360   0.000060   0.000274  121.998
  472226.06  5898292.18   1.800813   0.000059   0.000271  122.004
  472227.59  5898291.23   1.800268   0.000058   0.000268  122.010
  472229.11  5898290.27   1.799724   0.000058   0.000265  122.016
  472230.64  5898289.32   1.799181   0.000057   0.000262  122.022
  472232.16  5898288.36   1.798640   0.000057   0.000259  122.028
  472233.69  5898287.41   1.798099   0.000056   0.000256  122.034
  472235.21  5898286.46   1.797561   0.000055   0.000253  122.040
  472236.73  5898285.50   1.797023   0.000055   0.000250  122.045
  472238.26  5898284.55   1.796487   0.000054   0.000247  122.051
  472239.78  5898283.59   1.795952   0.000054   0.000245  122.057
  472241.30  5898282.64   1.795418   0.000053   0.000242  122.062
  472242.82  5898281.69   1.794886   0.000052   0.000239  122.067
  472244.34  5898280.74   1.794355   0.000052   0.000236  122.073
  472245.86  5898279.78   1.793825   0.000051   0.000233  122.078
  472247.38  5898278.83   1.793296   0.000051   0.000230  122.083
  472248.90  5898277.88   1.792769   0.000050   0.000227  122.089
  472250.42  5898276.93   1.792243   0.000049   0.000224  122.094
  472251.94  5898275.97   1.791718   0.000049   0.000221  122.099
  472253.46  5898275.02   1.791195   0.000048   0.000218  122.104
  472254.97  5898274.07   1.790673   0.000047   0.000215  122.109
  472256.49  5898273.12   1.790152   0.000047   0.000212  122.114
  472258.01  5898272.17   1.789632   0.000046   0.000209  122.118
  472259.52  5898271.21   1.789114   0.000046   0.000206  122.123
  472261.04  5898270.26   1.788597   0.000045   0.000203  122.128
  472262.55  5898269.31   1.788081   0.000044   0.000201  122.132
  472264.06  5898268.36   1.787567   0.000044   0.000198  122.137
  472265.58  5898267.41   1.787053   0.000043   0.000195  122.141
  472267.09  5898266.46   1.786541   0.000042   0.000192  122.146
  472268.60  5898265.51   1.786031   0.000042   0.000189  122.150
  472270.11  5898264.56   1.785521   0.000041   0.000186  122.155
  472271.63  5898263.61   1.785013   0.000041   0.000183  122.159
  472273.14  5898262.66   1.784506   0.000040   0.000180  122.163
  472274.65  5898261.71   1.784001   0.000039   0.000177  122.167
  472276.16  5898260.76   1.783497   0.000039   0.000174  122.171
  472277.67  5898259.81   1.782994   0.000038   0.000171  122.175
  472279.18  5898258.86   1.782492   0.000037   0.000168  122.179
  472280.68  5898257.91   1.781992   0.000037   0.000165  122.183
  472282.19  5898256.96   1.781492   0.000036   0.000162  122.186
  472283.70  5898256.01   1.780994   0.000036   0.000159  122.190
  472285.21  5898255.06   1.780498   0.000035   0.000156  122.194
  472286.71  5898254.11   1.780003   0.000034   0.000153  122.197
  472288.22  5898253.17   1.779508   0.000034   0.000150  122.201
  472289.72  5898252.22   1.779016   0.000033   0.000147  122.204
  472291.23  5898251.27   1.778524   0.000032   0.000145  122.208
  472292.73  5898250.32   1.778034   0.000032   0.000142  122.211
  472294.24  5898249.37   1.777545   0.000031   0.000139  122.214
  472295.74  5898248.43   1.777057   0.000030   0.000136  122.217
  472297.24  5898247.48   1.776571   0.000030   0.000133  122.220
  472298.75  5898246.53   1.776085   0.000029   0.000130  122.223
  472300.25  5898245.59   1.775602   0.000028   0.000127  122.226
  472301.75  5898244.64   1.775119   0.000028   0.000124  122.229
  472303.25  5898243.69   1.774637   0.000027   0.000121  122.232
  472304.75  5898242.75   1.774157   0.000026   0.000118  122.235
  472306.25  5898241.80   1.773679   0.000026   0.000115  122.237
  472307.75  5898240.85   1.773201   0.000025   0.000112  122.240
  472309.25  5898239.91   1.772725   0.000025   0.000109  122.243
  472310.75  5898238.96   1.772250   0.000024   0.000106  122.245
  472312.25  5898238.02   1.771776   0.000023   0.000103  122.248
  472313.75  5898237.07   1.771303   0.000023   0.000100  122.250
  472315.25  5898236.13   1.770832   0.000022   0.000097  122.252
  472316.75  5898235.18   1.770362   0.000021   0.000094  122.254
  472318.24  5898234.24   1.769893   0.000021   0.000091  122.257
  472319.74  5898233.29   1.769426   0.000020   0.000088  122.259
  472321.23  5898232.35   1.768960   0.000019   0.000085  122.261
  472322.73  5898231.40   1.768495   0.000019   0.000082  122.263
  472324.23  5898230.46   1.768031   0.000018   0.000079  122.265
  472325.72  5898229.52   1.767569   0.000017   0.000076  122.266
  472327.21  5898228.57   1.767108   0.000017   0.000073  122.268
  472328.71  5898227.63   1.766648   0.000016   0.000070  122.270
  472330.20  5898226.68   1.766189   0.000015   0.000067  122.271
  472331.70  5898225.74   1.765732   0.000015   0.000064  122.273
  472333.19  5898224.80   1.765276   0.000014   0.000061  122.274
  472334.68  5898223.86   1.764821   0.000013   0.000058  122.276
  472336.17  5898222.91   1.764367   0.000013   0.000055  122.277
  472337.66  5898221.97   1.763915   0.000012   0.000052  122.278
  472339.15  5898221.03   1.763464   0.000011   0.000049  122.280
  472340.65  5898220.09   1.763014   0.000011   0.000046  122.281
  472342.14  5898219.15   1.762566   0.000010   0.000043  122.282
  472343.63  5898218.21   1.762118   0.000009   0.000040  122.283
  472345.12  5898217.26   1.761673   0.000009   0.000037  122.284
  472346.60  5898216.32   1.761228   0.000008   0.000034  122.285
  472348.09  5898215.38   1.760784   0.000007   0.000031  122.285
  472349.58  5898214.44   1.760342   0.000006   0.000028  122.286
  472351.07  5898213.50   1.759901   0.000006   0.000025  122.287
  472352.56  5898212.56   1.759462   0.000005   0.000022  122.287
  472354.04  5898211.62   1.759023   0.000004   0.000019  122.288
  472355.53  5898210.68   1.758586   0.000004   0.000016  122.288
  472357.02  5898209.74   1.758150   0.000003   0.000013  122.289
  472358.50  5898208.81   1.757716   0.000002   0.000010  122.289
  472359.99  5898207.87   1.757282   0.000002   0.000007  122.289
  472361.47  5898206.93   1.756850   0.000001   0.000004  122.289
  472362.96  5898205.99   1.756419   0.000000   0.000001  122.290
  472364.44  5898205.05   1.755990   0.000000   0.000002  122.290
  472365.93  5898204.11   1.755561   0.000001   0.000005  122.290
  472367.41  5898203.18   1.755134   0.000002   0.000008  122.289
  472368.90  5898202.24   1.754708   0.000002   0.000011  122.289
  472370.38  5898201.30   1.754284   0.000003   0.000014  122.289
  472371.86  5898200.36   1.753861   0.000004   0.000017  122.289
  472373.34  5898199.43   1.753439   0.000005   0.000020  122.288
  472374.83  5898198.49   1.753018   0.000005   0.000023  122.288
  472376.31  5898197.55   1.752598   0.000006   0.000026  122.287
  472377.79  5898196.62   1.752180   0.000007   0.000029  122.287
  472379.27  5898195.68   1.751763   0.000007   0.000032  122.286
  472380.75  5898194.75   1.751348   0.000008   0.000035  122.285
  472382.23  5898193.81   1.750933   0.000009   0.000038  122.285
  472383.71  5898192.88   1.750520   0.000009   0.000041  122.284
  472385.19  5898191.94   1.750108   0.000010   0.000044  122.283
  472386.67  5898191.01   1.749697   0.000011   0.000047  122.282
  472388.15  5898190.07   1.749288   0.000011   0.000050  122.281
  472389.63  5898189.14   1.748880   0.000012   0.000053  122.280
  472391.11  5898188.20   1.748473   0.000013   0.000056  122.278
  472392.59  5898187.27   1.748067   0.000014   0.000059  122.277
  472394.06  5898186.34   1.747663   0.000014   0.000062  122.276
  472395.54  5898185.40   1.747260   0.000015   0.000065  122.274
  472397.02  5898184.47   1.746858   0.000016   0.000068  122.273
  472398.50  5898183.54   1.746458   0.000016   0.000071  122.271
  472399.97  5898182.61   1.746058   0.000017   0.000074  122.269
  472401.45  5898181.67   1.745660   0.000018   0.000077  122.268
  472402.92  5898180.74   1.745264   0.000019   0.000080  122.266
  472404.40  5898179.81   1.744868   0.000019   0.000083  122.264
  472405.88  5898178.88   1.744474   0.000020   0.000086  122.262
  472407.35  5898177.95   1.744081   0.000021   0.000089  122.260
  472408.82  5898177.02   1.743689   0.000021   0.000092  122.258
  472410.30  5898176.09   1.743299   0.000022   0.000095  122.256
  472411.77  5898175.16   1.742910   0.000023   0.000098  122.254
  472413.25  5898174.23   1.742522   0.000024   0.000101  122.252
  472414.72  5898173.30   1.742135   0.000024   0.000104  122.249
  472416.19  5898172.37   1.741750   0.000025   0.000107  122.247
  472417.67  5898171.44   1.741366   0.000026   0.000110  122.244
  472419.14  5898170.51   1.740983   0.000026   0.000113  122.242
  472420.61  5898169.58   1.740601   0.000027   0.000116  122.239
  472422.08  5898168.65   1.740221   0.000028   0.000119  122.236
  472423.56  5898167.73   1.739842   0.000029   0.000122  122.234
  472425.03  5898166.80   1.739464   0.000029   0.000125  122.231
  472426.50  5898165.87   1.739088   0.000030   0.000128  122.228
  472427.97  5898164.94   1.738712   0.000031   0.000131  122.225
  472429.44  5898164.02   1.738339   0.000031   0.000134  122.222
  472430.91  5898163.09   1.737966   0.000032   0.000137  122.219
  472432.38  5898162.16   1.737594   0.000033   0.000140  122.215
  472433.85  5898161.24   1.737224   0.000034   0.000143  122.212
  472435.32  5898160.31   1.736855   0.000034   0.000146  122.209
  472436.79  5898159.39   1.736488   0.000035   0.000149  122.205
  472438.26  5898158.46   1.736121   0.000036   0.000152  122.202
  472439.73  5898157.53   1.735756   0.000036   0.000155  122.198
  472441.20  5898156.61   1.735393   0.000037   0.000158  122.195
  472442.67  5898155.69   1.735030   0.000038   0.000162  122.191
  472444.13  5898154.76   1.734669   0.000039   0.000165  122.187
  472445.60  5898153.84   1.734309   0.000039   0.000168  122.183
  472447.07  5898152.91   1.733950   0.000040   0.000171  122.180
  472448.54  5898151.99   1.733593   0.000041   0.000174  122.176
  472450.00  5898151.07   1.733237   0.000042   0.000177  122.172
  472451.47  5898150.15   1.732882   0.000042   0.000180  122.167
  472452.94  5898149.22   1.732528   0.000043   0.000183  122.163
  472454.41  5898148.30   1.732176   0.000044   0.000186  122.159
  472455.87  5898147.38   1.731825   0.000045   0.000189  122.155
  472457.34  5898146.46   1.731475   0.000045   0.000192  122.150
  472458.80  5898145.54   1.731126   0.000046   0.000195  122.146
  472460.27  5898144.62   1.730779   0.000047   0.000198  122.141
  472461.73  5898143.69   1.730433   0.000047   0.000201  122.136
  472463.20  5898142.77   1.730089   0.000048   0.000204  122.132
  472464.66  5898141.85   1.729745   0.000049   0.000207  122.127
  472466.13  5898140.94   1.729403   0.000050   0.000210  122.122
  472467.59  5898140.02   1.729062   0.000050   0.000213  122.117
  472469.06  5898139.10   1.728723   0.000051   0.000216  122.112
  472470.52  5898138.18   1.728385   0.000052   0.000219  122.107
  472471.99  5898137.26   1.728048   0.000053   0.000222  122.102
  472473.45  5898136.34   1.727712   0.000053   0.000225  122.097
  472474.91  5898135.42   1.727377   0.000054   0.000228  122.092
  472476.38  5898134.51   1.727044   0.000055   0.000231  122.086
  472477.84  5898133.59   1.726712   0.000056   0.000234  122.081
  472479.30  5898132.67   1.726382   0.000056   0.000237  122.075
  472480.77  5898131.76   1.726053   0.000057   0.000240  122.070
  472482.23  5898130.84   1.725725   0.000058   0.000243  122.064
  472483.69  5898129.92   1.725398   0.000059   0.000247  122.058
  472485.15  5898129.01   1.725073   0.000059   0.000250  122.053
  472486.62  5898128.09   1.724748   0.000060   0.000253  122.047
  472488.08  5898127.18   1.724426   0.000061   0.000256  122.041
  472489.54  5898126.26   1.724104   0.000062   0.000259  122.035
  472491.00  5898125.35   1.723784   0.000062   0.000262  122.029
  472492.46  5898124.43   1.723465   0.000063   0.000265  122.022
  472493.92  5898123.52   1.723147   0.000064   0.000268  122.016
  472495.38  5898122.61   1.722831   0.000065   0.000271  122.010
  472496.85  5898121.69   1.722516   0.000065   0.000274  122.004
  472498.31  5898120.78   1.722202   0.000066   0.000277  121.997
  472499.77  5898119.87   1.721889   0.000067   0.000280  121.991
  472501.23  5898118.96   1.721578   0.000068   0.000283  121.984
  472502.69  5898118.05   1.721268   0.000068   0.000286  121.977
  472504.15  5898117.14   1.720960   0.000069   0.000289  121.971
  472505.61  5898116.22   1.720652   0.000070   0.000292  121.964
  472507.07  5898115.31   1.720346   0.000071   0.000295  121.957
  472508.53  5898114.40   1.720042   0.000071   0.000298  121.950
  472509.99  5898113.49   1.719738   0.000072   0.000301  121.943
  472511.45  5898112.58   1.719436   0.000073   0.000304  121.936
  472512.90  5898111.67   1.719135   0.000074   0.000307  121.929
  472514.36  5898110.77   1.718836   0.000074   0.000310  121.921
  472515.82  5898109.86   1.718538   0.000075   0.000313  121.914
  472517.28  5898108.95   1.718241   0.000076   0.000317  121.907
  472518.74  5898108.04   1.717945   0.000077   0.000320  121.899
  472520.20  5898107.13   1.717651   0.000077   0.000323  121.892
  472521.66  5898106.23   1.717358   0.000078   0.000326  121.884
  472523.11  5898105.32   1.717066   0.000079   0.000329  121.876
  472524.57  5898104.41   1.716776   0.000080   0.000332  121.869
  472526.03  5898103.51   1.716487   0.000080   0.000335  121.861
  472527.49  5898102.60   1.716199   0.000081   0.000338  121.853
  472528.95  5898101.70   1.715913   0.000082   0.000341  121.845
  472530.40  5898100.79   1.715628   0.000083   0.000344  121.837
  472531.86  5898099.89   1.715344   0.000083   0.000347  121.829
  472533.32  5898098.98   1.715061   0.000084   0.000350  121.821
  472534.78  5898098.08   1.714780   0.000085   0.000353  121.812
  472536.23  5898097.17   1.714500   0.000086   0.000356  121.804
  472537.69  5898096.27   1.714222   0.000086   0.000359  121.796
  472539.15  5898095.37   1.713944   0.000087   0.000362  121.787
  472540.60  5898094.46   1.713669   0.000088   0.000365  121.779
  472542.06  5898093.56   1.713394   0.000089   0.000368  121.770
  472543.52  5898092.66   1.713121   0.000089   0.000371  121.761
  472544.97  5898091.76   1.712849   0.000090   0.000374  121.752
  472546.43  5898090.86   1.712578   0.000091   0.000377  121.744
  472547.89  5898089.96   1.712309   0.000092   0.000380  121.735
  472549.34  5898089.06   1.712041   0.000093   0.000383  121.726
  472550.80  5898088.16   1.711774   0.000093   0.000387  121.717
  472552.26  5898087.26   1.711509   0.000094   0.000390  121.707
  472553.71  5898086.36   1.711245   0.000095   0.000393  121.698
  472555.17  5898085.46   1.710982   0.000096   0.000396  121.689
  472556.62  5898084.56   1.710721   0.000096   0.000399  121.680
  472558.08  5898083.66   1.710461   0.000097   0.000402  121.670
  472559.54  5898082.77   1.710202   0.000098   0.000405  121.661
  472560.99  5898081.87   1.709945   0.000099   0.000408  121.651
  472562.45  5898080.97   1.709689   0.000099   0.000411  121.641
  472563.90  5898080.07   1.709434   0.000100   0.000414  121.632
  472565.36  5898079.18   1.709181   0.000101   0.000417  121.622
  472566.81  5898078.28   1.708929   0.000102   0.000420  121.612
  472568.27  5898077.39   1.708678   0.000102   0.000423  121.602
  472569.72  5898076.49   1.708429   0.000103   0.000426  121.592
  472571.18  5898075.60   1.708181   0.000104   0.000429  121.582
  472572.64  5898074.70   1.707934   0.000105   0.000432  121.572
  472574.09  5898073.81   1.707689   0.000106   0.000435  121.561
  472575.55  5898072.92   1.707445   0.000106   0.000438  121.551
  472577.00  5898072.02   1.707202   0.000107   0.000441  121.541
  472578.46  5898071.13   1.706961   0.000108   0.000445  121.530
  472579.91  5898070.24   1.706722   0.000109   0.000448  121.520
  472581.37  5898069.35   1.706485   0.000109   0.000450  121.509
  472582.82  5898068.45   1.706246   0.000110   0.000452  121.498
  472584.28  5898067.56   1.706007   0.000110   0.000454  121.488
  472585.73  5898066.67   1.705767   0.000111   0.000456  121.477
  472587.19  5898065.78   1.705525   0.000111   0.000458  121.466
  472588.64  5898064.89   1.705283   0.000112   0.000460  121.455
  472590.09  5898064.00   1.705040   0.000112   0.000462  121.444
  472591.55  5898063.11   1.704795   0.000113   0.000464  121.433
  472593.00  5898062.22   1.704550   0.000113   0.000466  121.422
  472594.46  5898061.34   1.704304   0.000114   0.000468  121.411
  472595.91  5898060.45   1.704057   0.000114   0.000470  121.400
  472597.37  5898059.56   1.703809   0.000115   0.000472  121.389
  472598.82  5898058.67   1.703559   0.000115   0.000473  121.378
  472600.28  5898057.79   1.703309   0.000116   0.000475  121.366
  472601.73  5898056.90   1.703058   0.000116   0.000477  121.355
  472603.19  5898056.01   1.702806   0.000117   0.000479  121.344
  472604.64  5898055.13   1.702553   0.000117   0.000481  121.332
  472606.09  5898054.24   1.702299   0.000118   0.000483  121.321
  472607.55  5898053.36   1.702044   0.000118   0.000485  121.309
  472609.00  5898052.48   1.701788   0.000119   0.000487  121.298
  472610.46  5898051.59   1.701531   0.000120   0.000493  121.286
  472611.91  5898050.71   1.701271   0.000122   0.000498  121.275
  472613.37  5898049.83   1.701010   0.000120   0.000493  121.263
  472614.82  5898048.94   1.700752   0.000117   0.000480  121.251
  472616.27  5898048.06   1.700496   0.000114   0.000467  121.239
  472617.73  5898047.18   1.700243   0.000111   0.000454  121.228
  472619.18  5898046.30   1.699992   0.000108   0.000441  121.217
  472620.64  5898045.42   1.699744   0.000105   0.000428  121.207
  472622.09  5898044.54   1.699497   0.000101   0.000414  121.197
  472623.54  5898043.66   1.699254   0.000098   0.000401  121.187
  472625.00  5898042.78   1.699012   0.000095   0.000388  121.177
  472626.45  5898041.90   1.698773   0.000092   0.000375  121.168
  472627.90  5898041.02   1.698537   0.000089   0.000362  121.159
  472629.36  5898040.14   1.698302   0.000086   0.000349  121.150
  472630.81  5898039.26   1.698070   0.000082   0.000336  121.142
  472632.26  5898038.39   1.697841   0.000079   0.000323  121.134
  472633.72  5898037.51   1.697614   0.000076   0.000310  121.126
  472635.17  5898036.63   1.697389   0.000073   0.000297  121.119
  472636.62  5898035.75   1.697164   0.000070   0.000284  121.112
  472638.08  5898034.88   1.696941   0.000066   0.000271  121.105
  472639.53  5898034.00   1.696726   0.000063   0.000256  121.099
  472640.98  5898033.12   1.696519   0.000059   0.000241  121.093
  472642.44  5898032.25   1.696319   0.000056   0.000226  121.087
  472643.89  5898031.37   1.696127   0.000052   0.000212  121.081
  472645.34  5898030.50   1.695942   0.000048   0.000197  121.076
  472646.79  5898029.62   1.695765   0.000045   0.000182  121.072
  472648.25  5898028.75   1.695595   0.000041   0.000167  121.067
  472649.70  5898027.87   1.695433   0.000038   0.000152  121.063
  472651.15  5898027.00   1.695278   0.000034   0.000138  121.060
  472652.60  5898026.12   1.695131   0.000030   0.000123  121.056
  472654.06  5898025.25   1.694992   0.000027   0.000108  121.053
  472655.51  5898024.37   1.694860   0.000023   0.000093  121.051
  472656.96  5898023.50   1.694736   0.000019   0.000079  121.049
  472658.41  5898022.63   1.694619   0.000016   0.000064  121.047
  472659.86  5898021.75   1.694510   0.000012   0.000049  121.045
  472661.31  5898020.88   1.694409   0.000008   0.000034  121.044
  472662.77  5898020.00   1.694315   0.000005   0.000019  121.043
  472664.22  5898019.13   1.694228   0.000001   0.000005  121.043
  472665.67  5898018.26   1.694150   0.000002   0.000010  121.043
  472667.12  5898017.38   1.694078   0.000006   0.000025  121.043
  472668.57  5898016.51   1.694014   0.000010   0.000040  121.043
  472670.02  5898015.64   1.693958   0.000013   0.000054  121.044
  472671.48  5898014.76   1.693910   0.000017   0.000069  121.046
  472672.93  5898013.89   1.693869   0.000021   0.000084  121.047
  472674.38  5898013.02   1.693835   0.000024   0.000099  121.049
  472675.83  5898012.14   1.693809   0.000028   0.000114  121.052
  472677.28  5898011.27   1.693791   0.000032   0.000128  121.054
  472678.73  5898010.39   1.693780   0.000035   0.000143  121.058
  472680.18  5898009.52   1.693777   0.000039   0.000158  121.061
  472681.63  5898008.65   1.693781   0.000043   0.000173  121.065
  472683.08  5898007.77   1.693793   0.000046   0.000188  121.069
  472684.53  5898006.90   1.693812   0.000050   0.000202  121.073
  472685.98  5898006.02   1.693839   0.000054   0.000217  121.078
  472687.44  5898005.15   1.693874   0.000057   0.000232  121.083
  472688.89  5898004.27   1.693916   0.000061   0.000247  121.089
  472690.34  5898003.40   1.693966   0.000064   0.000261  121.095
  472691.79  5898002.52   1.694023   0.000068   0.000276  121.101
  472693.24  5898001.65   1.694088   0.000072   0.000291  121.108
  472694.69  5898000.77   1.694161   0.000075   0.000306  121.115
  472696.14  5897999.90   1.694241   0.000079   0.000320  121.122
  472697.59  5897999.02   1.694329   0.000083   0.000335  121.130
  472699.04  5897998.15   1.694424   0.000086   0.000350  121.138
  472700.49  5897997.27   1.694527   0.000090   0.000365  121.146
  472701.94  5897996.39   1.694638   0.000093   0.000379  121.155
  472703.39  5897995.52   1.694756   0.000097   0.000394  121.164
  472704.84  5897994.64   1.694882   0.000101   0.000409  121.173
  472706.29  5897993.76   1.695015   0.000104   0.000424  121.183
  472707.74  5897992.88   1.695156   0.000108   0.000438  121.193
  472709.19  5897992.00   1.695305   0.000111   0.000453  121.204
  472710.64  5897991.13   1.695461   0.000116   0.000471  121.214
  472712.09  5897990.25   1.695628   0.000120   0.000489  121.226
  472713.54  5897989.37   1.695802   0.000122   0.000497  121.237
  472714.99  5897988.49   1.695979   0.000123   0.000499  121.249
  472716.44  5897987.61   1.696159   0.000123   0.000501  121.261
  472717.89  5897986.73   1.696343   0.000124   0.000503  121.273
  472719.34  5897985.85   1.696530   0.000124   0.000505  121.285
  472720.79  5897984.97   1.696720   0.000125   0.000507  121.297
  472722.24  5897984.08   1.696914   0.000125   0.000509  121.309
  472723.69  5897983.20   1.697111   0.000125   0.000511  121.322
  472725.14  5897982.32   1.697311   0.000126   0.000513  121.334
  472726.59  5897981.44   1.697514   0.000126   0.000515  121.346
  472728.04  5897980.55   1.697721   0.000127   0.000517  121.358
  472729.49  5897979.67   1.697931   0.000127   0.000519  121.371
  472730.94  5897978.78   1.698144   0.000128   0.000521  121.383
  472732.39  5897977.90   1.698361   0.000128   0.000522  121.395
  472733.84  5897977.01   1.698581   0.000129   0.000524  121.408
  472735.28  5897976.13   1.698804   0.000129   0.000526  121.420
  472736.73  5897975.24   1.699030   0.000129   0.000528  121.433
  472738.18  5897974.36   1.699260   0.000130   0.000530  121.445
  472739.63  5897973.47   1.699493   0.000130   0.000532  121.458
  472741.08  5897972.58   1.699729   0.000131   0.000534  121.471
  472742.53  5897971.69   1.699969   0.000131   0.000536  121.484
  472743.98  5897970.81   1.700211   0.000132   0.000538  121.496
  472745.43  5897969.92   1.700458   0.000132   0.000540  121.509
  472746.88  5897969.03   1.700707   0.000132   0.000542  121.522
  472748.33  5897968.14   1.700960   0.000133   0.000543  121.535
  472749.78  5897967.25   1.701216   0.000133   0.000545  121.548
  472751.23  5897966.36   1.701475   0.000134   0.000547  121.561
  472752.68  5897965.47   1.701738   0.000134   0.000549  121.574
  472754.13  5897964.58   1.702004   0.000135   0.000552  121.587
  472755.58  5897963.68   1.702274   0.000135   0.000554  121.600
  472757.03  5897962.79   1.702548   0.000135   0.000555  121.613
  472758.48  5897961.90   1.702823   0.000135   0.000554  121.626
  472759.93  5897961.01   1.703097   0.000135   0.000554  121.640
  472761.38  5897960.11   1.703372   0.000135   0.000553  121.653
  472762.83  5897959.22   1.703647   0.000135   0.000553  121.666
  472764.28  5897958.32   1.703922   0.000134   0.000552  121.679
  472765.73  5897957.43   1.704198   0.000134   0.000552  121.692
  472767.18  5897956.53   1.704474   0.000134   0.000551  121.705
  472768.63  5897955.64   1.704750   0.000134   0.000551  121.718
  472770.08  5897954.74   1.705026   0.000134   0.000550  121.732
  472771.53  5897953.84   1.705303   0.000134   0.000549  121.745
  472772.98  5897952.94   1.705580   0.000133   0.000549  121.758
  472774.43  5897952.05   1.705857   0.000133   0.000548  121.771
  472775.88  5897951.15   1.706134   0.000133   0.000548  121.784
  472777.33  5897950.25   1.706412   0.000133   0.000547  121.797
  472778.78  5897949.35   1.706690   0.000133   0.000547  121.810
  472780.23  5897948.45   1.706968   0.000133   0.000546  121.823
  472781.68  5897947.55   1.707246   0.000132   0.000546  121.836
  472783.13  5897946.65   1.707525   0.000132   0.000545  121.849
  472784.58  5897945.75   1.707804   0.000132   0.000545  121.862
  472786.03  5897944.84   1.708083   0.000132   0.000544  121.874
  472787.48  5897943.94   1.708362   0.000132   0.000544  121.887
  472788.93  5897943.04   1.708642   0.000132   0.000543  121.900
  472790.38  5897942.14   1.708921   0.000131   0.000542  121.913
  472791.83  5897941.23   1.709202   0.000131   0.000542  121.926
  472793.28  5897940.33   1.709482   0.000131   0.000541  121.939
  472794.73  5897939.42   1.709763   0.000131   0.000541  121.952
  472796.19  5897938.52   1.710043   0.000131   0.000540  121.964
  472797.64  5897937.61   1.710325   0.000130   0.000540  121.977
  472799.09  5897936.71   1.710606   0.000130   0.000539  121.990
  472800.54  5897935.80   1.710888   0.000130   0.000539  122.003
  472801.99  5897934.89   1.711169   0.000130   0.000538  122.016
  472803.44  5897933.98   1.711452   0.000130   0.000538  122.028
  472804.89  5897933.08   1.711734   0.000130   0.000537  122.041
  472806.34  5897932.17   1.712016   0.000129   0.000537  122.054
  472807.79  5897931.26   1.712299   0.000129   0.000536  122.067
  472809.24  5897930.35   1.712582   0.000129   0.000536  122.079
  472810.69  5897929.44   1.712866   0.000129   0.000535  122.092
  472812.14  5897928.53   1.713149   0.000129   0.000534  122.105
  472813.60  5897927.62   1.713433   0.000129   0.000534  122.117
  472815.05  5897926.71   1.713717   0.000128   0.000533  122.130
  472816.50  5897925.80   1.714002   0.000128   0.000533  122.142
  472817.95  5897924.88   1.714286   0.000128   0.000532  122.155
  472819.40  5897923.97   1.714571   0.000128   0.000532  122.168
  472820.85  5897923.06   1.714856   0.000128   0.000531  122.180
  472822.30  5897922.14   1.715141   0.000128   0.000531  122.193
  472823.75  5897921.23   1.715427   0.000127   0.000530  122.205
  472825.21  5897920.31   1.715713   0.000127   0.000530  122.218
  472826.66  5897919.40   1.715999   0.000127   0.000529  122.230
  472828.11  5897918.48   1.716285   0.000127   0.000529  122.243
  472829.56  5897917.57   1.716572   0.000127   0.000528  122.255
  472831.01  5897916.65   1.716858   0.000127   0.000528  122.268
  472832.46  5897915.73   1.717145   0.000126   0.000527  122.280
  472833.92  5897914.82   1.717433   0.000126   0.000526  122.293
  472835.37  5897913.90   1.717720   0.000126   0.000526  122.305
  472836.82  5897912.98   1.718008   0.000126   0.000525  122.317
  472838.27  5897912.06   1.718296   0.000126   0.000525  122.330
  472839.72  5897911.14   1.718584   0.000126   0.000524  122.342
  472841.17  5897910.22   1.718873   0.000125   0.000524  122.355
  472842.63  5897909.30   1.719161   0.000125   0.000523  122.367
  472844.08  5897908.38   1.719450   0.000125   0.000523  122.379
  472845.53  5897907.46   1.719740   0.000125   0.000522  122.391
  472846.98  5897906.54   1.720029   0.000125   0.000522  122.404
  472848.43  5897905.62   1.720319   0.000125   0.000521  122.416
  472849.89  5897904.69   1.720609   0.000124   0.000521  122.428
  472851.34  5897903.77   1.720899   0.000124   0.000520  122.441
  472852.79  5897902.85   1.721189   0.000124   0.000519  122.453
  472854.24  5897901.92   1.721480   0.000124   0.000519  122.465
  472855.70  5897901.00   1.721771   0.000124   0.000518  122.477
  472857.15  5897900.07   1.722062   0.000123   0.000518  122.489
  472858.60  5897899.15   1.722353   0.000123   0.000517  122.502
  472860.05  5897898.22   1.722645   0.000123   0.000517  122.514
  472861.51  5897897.30   1.722937   0.000123   0.000516  122.526
  472862.96  5897896.37   1.723230   0.000123   0.000515  122.538
  472864.41  5897895.44   1.723524   0.000123   0.000515  122.550
  472865.86  5897894.51   1.723815   0.000123   0.000516  122.562
  472867.32  5897893.59   1.724104   0.000123   0.000517  122.574
  472868.77  5897892.66   1.724391   0.000123   0.000517  122.587
  472870.22  5897891.73   1.724675   0.000123   0.000518  122.599
  472871.68  5897890.80   1.724957   0.000123   0.000519  122.611
  472873.13  5897889.87   1.725237   0.000123   0.000520  122.623
  472874.58  5897888.94   1.725514   0.000124   0.000520  122.635
  472876.03  5897888.01   1.725790   0.000124   0.000521  122.648
  472877.49  5897887.08   1.726063   0.000124   0.000522  122.660
  472878.94  5897886.14   1.726333   0.000124   0.000523  122.672
  472880.39  5897885.21   1.726602   0.000124   0.000523  122.684
  472881.85  5897884.28   1.726868   0.000124   0.000524  122.697
  472883.30  5897883.35   1.727131   0.000124   0.000525  122.709
  472884.75  5897882.41   1.727393   0.000125   0.000526  122.721
  472886.21  5897881.48   1.727652   0.000125   0.000526  122.733
  472887.66  5897880.54   1.727909   0.000125   0.000527  122.746
  472889.11  5897879.61   1.728164   0.000125   0.000526  122.758
  472890.57  5897878.67   1.728416   0.000124   0.000526  122.771
  472892.02  5897877.74   1.728667   0.000125   0.000529  122.783
  472893.47  5897876.80   1.728914   0.000127   0.000536  122.795
  472894.93  5897875.86   1.729159   0.000128   0.000542  122.808
  472896.38  5897874.93   1.729400   0.000130   0.000548  122.820
  472897.83  5897873.99   1.729639   0.000131   0.000555  122.833
  472899.29  5897873.05   1.729874   0.000133   0.000561  122.846
  472900.74  5897872.11   1.730107   0.000134   0.000567  122.859
  472902.19  5897871.17   1.730336   0.000136   0.000574  122.873
  472903.64  5897870.23   1.730563   0.000137   0.000580  122.886
  472905.10  5897869.29   1.730786   0.000138   0.000586  122.900
  472906.55  5897868.35   1.731007   0.000140   0.000593  122.913
  472908.00  5897867.41   1.731224   0.000141   0.000599  122.927
  472909.46  5897866.47   1.731439   0.000143   0.000606  122.941
  472910.91  5897865.53   1.731651   0.000144   0.000612  122.956
  472912.36  5897864.59   1.731860   0.000146   0.000618  122.970
  472913.82  5897863.64   1.732066   0.000147   0.000625  122.984
  472915.27  5897862.70   1.732269   0.000149   0.000631  122.999
  472916.72  5897861.76   1.732469   0.000150   0.000637  123.014
  472918.17  5897860.81   1.732666   0.000153   0.000647  123.029
  472919.63  5897859.87   1.732859   0.000155   0.000658  123.044
  472921.08  5897858.92   1.733050   0.000155   0.000657  123.059
  472922.53  5897857.98   1.733239   0.000153   0.000648  123.075
  472923.98  5897857.03   1.733425   0.000151   0.000640  123.090
  472925.44  5897856.08   1.733609   0.000149   0.000631  123.105
  472926.89  5897855.14   1.733791   0.000147   0.000623  123.119
  472928.34  5897854.19   1.733970   0.000145   0.000615  123.134
  472929.79  5897853.24   1.734147   0.000143   0.000606  123.148
  472931.24  5897852.29   1.734322   0.000141   0.000598  123.163
  472932.69  5897851.34   1.734495   0.000139   0.000590  123.176
  472934.15  5897850.39   1.734665   0.000137   0.000581  123.190
  472935.60  5897849.44   1.734833   0.000135   0.000573  123.204
  472937.05  5897848.49   1.734998   0.000133   0.000565  123.217
  472938.50  5897847.54   1.735162   0.000131   0.000556  123.230
  472939.95  5897846.59   1.735322   0.000129   0.000548  123.243
  472941.40  5897845.64   1.735481   0.000127   0.000539  123.256
  472942.85  5897844.69   1.735637   0.000125   0.000531  123.269
  472944.30  5897843.73   1.735791   0.000123   0.000523  123.281
  472945.76  5897842.78   1.735943   0.000121   0.000514  123.293
  472947.21  5897841.83   1.736092   0.000119   0.000506  123.305
  472948.66  5897840.87   1.736239   0.000117   0.000498  123.317
  472950.11  5897839.92   1.736383   0.000115   0.000489  123.329
  472951.56  5897838.97   1.736525   0.000113   0.000481  123.340
  472953.01  5897838.01   1.736665   0.000111   0.000473  123.351
  472954.46  5897837.06   1.736802   0.000109   0.000464  123.362
  472955.91  5897836.10   1.736937   0.000107   0.000456  123.373
  472957.36  5897835.14   1.737070   0.000105   0.000448  123.384
  472958.81  5897834.19   1.737200   0.000103   0.000439  123.394
  472960.26  5897833.23   1.737328   0.000101   0.000431  123.405
  472961.71  5897832.27   1.737454   0.000099   0.000423  123.415
  472963.16  5897831.32   1.737577   0.000097   0.000414  123.425
  472964.61  5897830.36   1.737698   0.000095   0.000406  123.434
  472966.06  5897829.40   1.737816   0.000093   0.000398  123.444
  472967.51  5897828.44   1.737932   0.000091   0.000390  123.453
  472968.96  5897827.49   1.738046   0.000089   0.000381  123.462
  472970.41  5897826.53   1.738157   0.000087   0.000373  123.471
  472971.86  5897825.57   1.738265   0.000085   0.000365  123.480
  472973.31  5897824.61   1.738372   0.000083   0.000356  123.488
  472974.76  5897823.65   1.738476   0.000081   0.000348  123.496
  472976.21  5897822.69   1.738577   0.000079   0.000340  123.504
  472977.66  5897821.73   1.738676   0.000078   0.000331  123.512
  472979.11  5897820.77   1.738773   0.000076   0.000323  123.520
  472980.56  5897819.81   1.738867   0.000074   0.000315  123.528
  472982.01  5897818.85   1.738959   0.000072   0.000306  123.535
  472983.46  5897817.89   1.739049   0.000070   0.000298  123.542
  472984.91  5897816.93   1.739136   0.000068   0.000290  123.549
  472986.36  5897815.97   1.739220   0.000066   0.000282  123.556
  472987.81  5897815.00   1.739302   0.000064   0.000273  123.562
  472989.26  5897814.04   1.739382   0.000062   0.000265  123.569
  472990.70  5897813.08   1.739459   0.000060   0.000257  123.575
  472992.15  5897812.12   1.739534   0.000058   0.000248  123.581
  472993.60  5897811.16   1.739607   0.000056   0.000240  123.587
  472995.05  5897810.19   1.739677   0.000054   0.000232  123.592
  472996.50  5897809.23   1.739744   0.000052   0.000224  123.598
  472997.95  5897808.27   1.739809   0.000050   0.000215  123.603
  472999.40  5897807.31   1.739872   0.000048   0.000207  123.608
  473000.85  5897806.34   1.739932   0.000046   0.000199  123.613
  473002.30  5897805.38   1.739990   0.000044   0.000190  123.617
  473003.75  5897804.42   1.740045   0.000043   0.000182  123.622
  473005.20  5897803.45   1.740098   0.000041   0.000174  123.626
  473006.64  5897802.49   1.740148   0.000039   0.000166  123.630
  473008.09  5897801.52   1.740196   0.000037   0.000157  123.634
  473009.54  5897800.56   1.740242   0.000035   0.000149  123.638
  473010.99  5897799.60   1.740285   0.000033   0.000141  123.641
  473012.44  5897798.63   1.740325   0.000031   0.000132  123.644
  473013.89  5897797.67   1.740364   0.000029   0.000124  123.647
  473015.34  5897796.70   1.740399   0.000027   0.000116  123.650
  473016.79  5897795.74   1.740433   0.000025   0.000108  123.653
  473018.23  5897794.77   1.740463   0.000023   0.000099  123.655
  473019.68  5897793.81   1.740492   0.000021   0.000091  123.658
  473021.13  5897792.85   1.740517   0.000019   0.000083  123.660
  473022.58  5897791.88   1.740541   0.000017   0.000074  123.662
  473024.03  5897790.92   1.740562   0.000015   0.000066  123.664
  473025.48  5897789.95   1.740580   0.000014   0.000058  123.665
  473026.93  5897788.99   1.740596   0.000012   0.000050  123.666
  473028.38  5897788.02   1.740610   0.000010   0.000041  123.668
  473029.82  5897787.06   1.740621   0.000008   0.000033  123.669
  473031.27  5897786.09   1.740630   0.000006   0.000025  123.669
  473032.72  5897785.13   1.740636   0.000003   0.000014  123.670
  473034.17  5897784.16   1.740638   0.000002   0.000008  123.670
