  470631.00  5893563.50   0.168727   0.000001   0.000000    0.000
  470631.06  5893563.34   0.170153   0.000002   0.000000  157.483
  470631.13  5893563.19   0.173004   0.000003   0.000000  157.483
  470631.20  5893563.02   0.175849   0.000005   0.000000  157.483
  470631.26  5893562.86   0.178688   0.000006   0.000000  157.483
  470631.33  5893562.69   0.181522   0.000007   0.000000  157.483
  470631.40  5893562.53   0.184350   0.000008   0.000000  157.483
  470631.48  5893562.35   0.187172   0.000009   0.000000  157.483
  470631.55  5893562.18   0.189988   0.000010   0.000001  157.483
  470631.62  5893562.00   0.192799   0.000011   0.000001  157.483
  470631.69  5893561.82   0.195603   0.000012   0.000001  157.483
  470631.77  5893561.64   0.198402   0.000013   0.000001  157.483
  470631.85  5893561.46   0.201196   0.000013   0.000001  157.483
  470631.92  5893561.27   0.203983   0.000014   0.000001  157.484
  470632.00  5893561.08   0.206765   0.000009   0.000001  157.484
  470632.08  5893560.89   0.209540   0.000004   0.000000  157.484
  470632.16  5893560.69   0.212310   0.000016   0.000001  157.484
  470632.25  5893560.50   0.215075   0.000038   0.000002  157.484
  470632.33  5893560.30   0.217838   0.000058   0.000004  157.485
  470632.41  5893560.09   0.220597   0.000077   0.000005  157.485
  470632.50  5893559.89   0.223352   0.000094   0.000007  157.486
  470632.58  5893559.68   0.226105   0.000111   0.000008  157.487
  470632.67  5893559.47   0.228853   0.000127   0.000009  157.489
  470632.76  5893559.26   0.231599   0.000141   0.000011  157.491
  470632.85  5893559.04   0.234341   0.000155   0.000012  157.492
  470632.94  5893558.82   0.237079   0.000168   0.000013  157.495
  470633.03  5893558.60   0.239814   0.000180   0.000015  157.497
  470633.12  5893558.38   0.242546   0.000191   0.000016  157.499
  470633.21  5893558.16   0.245274   0.000202   0.000017  157.502
  470633.31  5893557.93   0.247999   0.000212   0.000018  157.505
  470633.40  5893557.70   0.250720   0.000222   0.000020  157.508
  470633.50  5893557.47   0.253438   0.000231   0.000021  157.511
  470633.60  5893557.23   0.256153   0.000239   0.000022  157.514
  470633.70  5893556.99   0.258864   0.000247   0.000023  157.518
  470633.80  5893556.75   0.261571   0.000254   0.000025  157.521
  470633.90  5893556.51   0.264276   0.000261   0.000026  157.525
  470634.00  5893556.26   0.266976   0.000268   0.000027  157.529
  470634.10  5893556.01   0.269674   0.000274   0.000028  157.533
  470634.20  5893555.76   0.272368   0.000280   0.000029  157.538
  470634.31  5893555.51   0.275059   0.000285   0.000031  157.542
  470634.41  5893555.26   0.277746   0.000290   0.000032  157.546
  470634.52  5893555.00   0.280429   0.000295   0.000033  157.551
  470634.63  5893554.74   0.283110   0.000300   0.000034  157.556
  470634.74  5893554.47   0.285787   0.000304   0.000035  157.561
  470634.85  5893554.21   0.288460   0.000308   0.000036  157.566
  470634.96  5893553.94   0.291130   0.000312   0.000037  157.571
  470635.07  5893553.67   0.293797   0.000315   0.000038  157.576
  470635.18  5893553.40   0.296460   0.000319   0.000040  157.581
  470635.30  5893553.12   0.299120   0.000322   0.000041  157.587
  470635.41  5893552.85   0.301777   0.000325   0.000042  157.592
  470635.53  5893552.57   0.304430   0.000327   0.000043  157.598
  470635.64  5893552.28   0.307079   0.000330   0.000044  157.604
  470635.76  5893552.00   0.309725   0.000332   0.000045  157.609
  470635.88  5893551.71   0.312368   0.000335   0.000046  157.615
  470636.00  5893551.42   0.315007   0.000337   0.000047  157.621
  470636.12  5893551.13   0.317643   0.000339   0.000048  157.627
  470636.24  5893550.83   0.320276   0.000340   0.000049  157.633
  470636.36  5893550.53   0.322905   0.000342   0.000050  157.640
  470636.48  5893550.23   0.325531   0.000344   0.000052  157.646
  470636.61  5893549.93   0.328153   0.000345   0.000053  157.652
  470636.73  5893549.63   0.330772   0.000346   0.000054  157.659
  470636.86  5893549.32   0.333387   0.000348   0.000055  157.666
  470636.99  5893549.01   0.335999   0.000349   0.000056  157.672
  470637.12  5893548.70   0.338608   0.000350   0.000057  157.679
  470637.24  5893548.38   0.341213   0.000351   0.000058  157.686
  470637.37  5893548.07   0.343815   0.000352   0.000059  157.693
  470637.51  5893547.75   0.346413   0.000353   0.000060  157.699
  470637.64  5893547.43   0.349008   0.000353   0.000061  157.706
  470637.77  5893547.10   0.351600   0.000354   0.000062  157.713
  470637.90  5893546.78   0.354188   0.000355   0.000063  157.721
  470638.04  5893546.45   0.356773   0.000355   0.000064  157.728
  470638.17  5893546.12   0.359354   0.000355   0.000065  157.735
  470638.31  5893545.78   0.361932   0.000356   0.000066  157.742
  470638.45  5893545.45   0.364507   0.000356   0.000067  157.750
  470638.59  5893545.11   0.367078   0.000357   0.000068  157.757
  470638.73  5893544.77   0.369646   0.000357   0.000069  157.765
  470638.87  5893544.42   0.372210   0.000357   0.000070  157.772
  470639.01  5893544.08   0.374771   0.000357   0.000071  157.780
  470639.15  5893543.73   0.377328   0.000357   0.000072  157.788
  470639.29  5893543.38   0.379882   0.000357   0.000073  157.795
  470639.44  5893543.03   0.382433   0.000357   0.000074  157.803
  470639.58  5893542.67   0.384980   0.000357   0.000075  157.811
  470639.73  5893542.31   0.387524   0.000357   0.000076  157.819
  470639.87  5893541.95   0.390064   0.000357   0.000077  157.827
  470640.02  5893541.59   0.392601   0.000357   0.000078  157.835
  470640.17  5893541.23   0.395135   0.000357   0.000079  157.843
  470640.32  5893540.86   0.397665   0.000357   0.000080  157.851
  470640.47  5893540.49   0.400192   0.000357   0.000081  157.859
  470640.62  5893540.12   0.402715   0.000357   0.000082  157.867
  470640.77  5893539.74   0.405235   0.000356   0.000083  157.875
  470640.93  5893539.37   0.407752   0.000356   0.000084  157.884
  470641.08  5893538.99   0.410265   0.000356   0.000085  157.892
  470641.24  5893538.61   0.412775   0.000356   0.000086  157.900
  470641.39  5893538.22   0.415281   0.000355   0.000087  157.909
  470641.55  5893537.84   0.417784   0.000355   0.000088  157.917
  470641.71  5893537.45   0.420284   0.000355   0.000089  157.926
  470641.86  5893537.06   0.422780   0.000354   0.000090  157.934
  470642.02  5893536.66   0.425273   0.000354   0.000091  157.943
  470642.18  5893536.27   0.427762   0.000354   0.000092  157.951
  470642.34  5893535.87   0.430248   0.000353   0.000092  157.960
  470642.51  5893535.47   0.432731   0.000353   0.000093  157.969
  470642.67  5893535.07   0.435210   0.000352   0.000094  157.978
  470642.83  5893534.66   0.437686   0.000352   0.000095  157.986
  470643.00  5893534.26   0.440158   0.000352   0.000096  157.995
  470643.16  5893533.85   0.442627   0.000351   0.000097  158.004
  470643.33  5893533.44   0.445093   0.000351   0.000098  158.013
  470643.50  5893533.02   0.447555   0.000350   0.000099  158.022
  470643.66  5893532.61   0.450013   0.000350   0.000100  158.031
  470643.83  5893532.19   0.452469   0.000349   0.000101  158.040
  470644.00  5893531.77   0.454921   0.000349   0.000102  158.049
  470644.17  5893531.34   0.457369   0.000348   0.000103  158.058
  470644.34  5893530.92   0.459815   0.000348   0.000104  158.067
  470644.52  5893530.49   0.462257   0.000347   0.000105  158.076
  470644.69  5893530.06   0.464695   0.000347   0.000106  158.086
  470644.86  5893529.63   0.467129   0.000346   0.000107  158.095
  470645.04  5893529.19   0.469559   0.000346   0.000108  158.104
  470645.21  5893528.76   0.471985   0.000345   0.000109  158.113
  470645.39  5893528.32   0.474407   0.000345   0.000110  158.123
  470645.57  5893527.88   0.476826   0.000344   0.000111  158.132
  470645.74  5893527.43   0.479240   0.000344   0.000112  158.141
  470645.92  5893526.99   0.481650   0.000343   0.000113  158.151
  470646.10  5893526.54   0.484057   0.000343   0.000114  158.160
  470646.28  5893526.09   0.486459   0.000342   0.000114  158.170
  470646.46  5893525.64   0.488857   0.000342   0.000115  158.179
  470646.65  5893525.18   0.491252   0.000341   0.000116  158.189
  470646.83  5893524.72   0.493642   0.000341   0.000117  158.199
  470647.01  5893524.26   0.496029   0.000340   0.000118  158.208
  470647.20  5893523.80   0.498411   0.000340   0.000119  158.218
  470647.38  5893523.34   0.500790   0.000339   0.000120  158.228
  470647.57  5893522.87   0.503165   0.000338   0.000121  158.237
  470647.76  5893522.40   0.505535   0.000338   0.000122  158.247
  470647.94  5893521.93   0.507902   0.000337   0.000123  158.257
  470648.13  5893521.46   0.510265   0.000337   0.000124  158.267
  470648.32  5893520.98   0.512623   0.000336   0.000125  158.276
  470648.51  5893520.51   0.514978   0.000336   0.000126  158.286
  470648.70  5893520.03   0.517329   0.000335   0.000127  158.296
  470648.89  5893519.55   0.519676   0.000334   0.000128  158.306
  470649.09  5893519.06   0.522019   0.000333   0.000129  158.316
  470649.28  5893518.58   0.524358   0.000334   0.000130  158.326
  470649.47  5893518.09   0.526693   0.000335   0.000131  158.336
  470649.67  5893517.60   0.529024   0.000336   0.000133  158.346
  470649.86  5893517.10   0.531349   0.000337   0.000135  158.356
  470650.06  5893516.61   0.533671   0.000338   0.000136  158.367
  470650.26  5893516.11   0.535988   0.000340   0.000138  158.377
  470650.46  5893515.61   0.538301   0.000341   0.000140  158.388
  470650.65  5893515.11   0.540609   0.000342   0.000141  158.398
  470650.85  5893514.61   0.542913   0.000343   0.000143  158.409
  470651.05  5893514.10   0.545213   0.000344   0.000144  158.419
  470651.25  5893513.59   0.547508   0.000345   0.000146  158.430
  470651.46  5893513.08   0.549799   0.000345   0.000148  158.441
  470651.66  5893512.57   0.552085   0.000346   0.000149  158.452
  470651.86  5893512.06   0.554367   0.000347   0.000151  158.463
  470652.07  5893511.54   0.556645   0.000348   0.000153  158.474
  470652.27  5893511.02   0.558918   0.000349   0.000154  158.485
  470652.47  5893510.50   0.561186   0.000350   0.000156  158.496
  470652.68  5893509.98   0.563451   0.000350   0.000157  158.507
  470652.89  5893509.45   0.565711   0.000351   0.000159  158.518
  470653.10  5893508.92   0.567966   0.000352   0.000161  158.530
  470653.30  5893508.39   0.570217   0.000353   0.000162  158.541
  470653.51  5893507.86   0.572464   0.000353   0.000164  158.553
  470653.72  5893507.33   0.574707   0.000354   0.000165  158.564
  470653.93  5893506.79   0.576944   0.000355   0.000167  158.576
  470654.14  5893506.25   0.579178   0.000355   0.000169  158.588
  470654.35  5893505.71   0.581407   0.000356   0.000170  158.600
  470654.57  5893505.17   0.583632   0.000357   0.000172  158.611
  470654.78  5893504.63   0.585852   0.000357   0.000173  158.623
  470654.99  5893504.08   0.588068   0.000358   0.000175  158.635
  470655.21  5893503.53   0.590280   0.000358   0.000177  158.647
  470655.42  5893502.98   0.592487   0.000359   0.000178  158.660
  470655.64  5893502.43   0.594690   0.000359   0.000180  158.672
  470655.86  5893501.87   0.596889   0.000360   0.000181  158.684
  470656.07  5893501.32   0.599083   0.000360   0.000183  158.696
  470656.29  5893500.76   0.601272   0.000361   0.000184  158.709
  470656.51  5893500.19   0.603458   0.000361   0.000186  158.721
  470656.73  5893499.63   0.605639   0.000362   0.000188  158.734
  470656.95  5893499.07   0.607815   0.000362   0.000189  158.746
  470657.17  5893498.50   0.609987   0.000363   0.000191  158.759
  470657.39  5893497.93   0.612155   0.000363   0.000192  158.771
  470657.61  5893497.36   0.614319   0.000363   0.000194  158.784
  470657.84  5893496.78   0.616478   0.000364   0.000196  158.797
  470658.06  5893496.21   0.618632   0.000364   0.000197  158.810
  470658.28  5893495.63   0.620782   0.000365   0.000199  158.823
  470658.51  5893495.05   0.622928   0.000365   0.000200  158.836
  470658.73  5893494.47   0.625070   0.000365   0.000202  158.849
  470658.96  5893493.88   0.627207   0.000366   0.000203  158.862
  470659.18  5893493.30   0.629340   0.000366   0.000205  158.875
  470659.41  5893492.71   0.631468   0.000366   0.000207  158.888
  470659.64  5893492.12   0.633592   0.000367   0.000208  158.901
  470659.87  5893491.53   0.635712   0.000367   0.000210  158.915
  470660.10  5893490.93   0.637827   0.000367   0.000211  158.928
  470660.33  5893490.34   0.639938   0.000368   0.000213  158.941
  470660.56  5893489.74   0.642044   0.000368   0.000215  158.955
  470660.79  5893489.14   0.644146   0.000368   0.000216  158.968
  470661.02  5893488.54   0.646244   0.000369   0.000218  158.982
  470661.25  5893487.93   0.648338   0.000369   0.000219  158.996
  470661.48  5893487.33   0.650427   0.000369   0.000221  159.009
  470661.72  5893486.72   0.652511   0.000369   0.000222  159.023
  470661.95  5893486.11   0.654592   0.000370   0.000224  159.037
  470662.18  5893485.49   0.656667   0.000370   0.000226  159.051
  470662.42  5893484.88   0.658739   0.000370   0.000227  159.065
  470662.66  5893484.26   0.660806   0.000370   0.000229  159.079
  470662.89  5893483.65   0.662869   0.000371   0.000230  159.093
  470663.13  5893483.03   0.664928   0.000371   0.000232  159.107
  470663.37  5893482.40   0.666982   0.000371   0.000234  159.121
  470663.60  5893481.78   0.669031   0.000371   0.000235  159.135
  470663.84  5893481.15   0.671077   0.000372   0.000237  159.149
  470664.08  5893480.52   0.673118   0.000372   0.000238  159.164
  470664.32  5893479.89   0.675155   0.000372   0.000240  159.178
  470664.56  5893479.26   0.677187   0.000372   0.000241  159.192
  470664.80  5893478.63   0.679215   0.000373   0.000243  159.207
  470665.04  5893477.99   0.681238   0.000373   0.000245  159.221
  470665.29  5893477.35   0.683258   0.000373   0.000246  159.236
  470665.53  5893476.71   0.685273   0.000373   0.000248  159.251
  470665.77  5893476.07   0.687283   0.000373   0.000249  159.265
  470666.01  5893475.43   0.689289   0.000374   0.000251  159.280
  470666.26  5893474.78   0.691291   0.000374   0.000253  159.295
  470666.50  5893474.14   0.693289   0.000374   0.000254  159.309
  470666.75  5893473.49   0.695282   0.000374   0.000256  159.324
  470666.99  5893472.83   0.697271   0.000374   0.000257  159.339
  470667.24  5893472.18   0.699255   0.000375   0.000259  159.354
  470667.49  5893471.53   0.701235   0.000375   0.000261  159.369
  470667.73  5893470.87   0.703211   0.000375   0.000262  159.384
  470667.98  5893470.21   0.705182   0.000375   0.000264  159.399
  470668.23  5893469.55   0.707149   0.000375   0.000265  159.415
  470668.48  5893468.89   0.709112   0.000375   0.000267  159.430
  470668.73  5893468.22   0.711070   0.000376   0.000269  159.445
  470668.98  5893467.55   0.713024   0.000376   0.000270  159.460
  470669.23  5893466.89   0.714974   0.000376   0.000272  159.476
  470669.48  5893466.21   0.716919   0.000376   0.000273  159.491
  470669.73  5893465.54   0.718860   0.000376   0.000275  159.506
  470669.98  5893464.87   0.720797   0.000376   0.000277  159.522
  470670.23  5893464.19   0.722729   0.000377   0.000278  159.538
  470670.49  5893463.51   0.724657   0.000377   0.000280  159.553
  470670.74  5893462.83   0.726581   0.000377   0.000281  159.569
  470670.99  5893462.15   0.728500   0.000377   0.000283  159.584
  470671.25  5893461.47   0.730415   0.000377   0.000285  159.600
  470671.50  5893460.78   0.732326   0.000377   0.000286  159.616
  470671.76  5893460.10   0.734232   0.000378   0.000288  159.632
  470672.01  5893459.41   0.736134   0.000378   0.000289  159.648
  470672.27  5893458.71   0.738032   0.000378   0.000291  159.664
  470672.53  5893458.02   0.739925   0.000378   0.000293  159.680
  470672.78  5893457.33   0.741814   0.000378   0.000294  159.696
  470673.04  5893456.63   0.743699   0.000378   0.000296  159.712
  470673.30  5893455.93   0.745580   0.000378   0.000298  159.728
  470673.56  5893455.23   0.747456   0.000379   0.000299  159.744
  470673.82  5893454.53   0.749327   0.000379   0.000301  159.760
  470674.08  5893453.83   0.751195   0.000379   0.000302  159.776
  470674.34  5893453.12   0.753058   0.000379   0.000304  159.793
  470674.60  5893452.41   0.754917   0.000379   0.000306  159.809
  470674.86  5893451.70   0.756771   0.000379   0.000307  159.826
  470675.12  5893450.99   0.758621   0.000380   0.000309  159.842
  470675.38  5893450.28   0.760467   0.000380   0.000311  159.858
  470675.64  5893449.56   0.762308   0.000380   0.000312  159.875
  470675.90  5893448.85   0.764145   0.000380   0.000314  159.892
  470676.17  5893448.13   0.765978   0.000380   0.000315  159.908
  470676.43  5893447.41   0.767807   0.000380   0.000317  159.925
  470676.69  5893446.69   0.769631   0.000380   0.000319  159.942
  470676.96  5893445.96   0.771451   0.000381   0.000320  159.958
  470677.22  5893445.24   0.773267   0.000381   0.000322  159.975
  470677.49  5893444.51   0.775078   0.000381   0.000324  159.992
  470677.75  5893443.78   0.776885   0.000381   0.000325  160.009
  470678.02  5893443.05   0.778688   0.000381   0.000327  160.026
  470678.28  5893442.32   0.780486   0.000381   0.000329  160.043
  470678.55  5893441.58   0.782280   0.000382   0.000330  160.060
  470678.82  5893440.84   0.784070   0.000382   0.000332  160.077
  470679.08  5893440.11   0.785855   0.000382   0.000334  160.094
  470679.35  5893439.37   0.787636   0.000382   0.000335  160.112
  470679.62  5893438.62   0.789413   0.000382   0.000337  160.129
  470679.89  5893437.88   0.791186   0.000382   0.000338  160.146
  470680.16  5893437.14   0.792954   0.000383   0.000340  160.163
  470680.43  5893436.39   0.794718   0.000383   0.000342  160.181
  470680.70  5893435.64   0.796478   0.000383   0.000343  160.198
  470680.97  5893434.89   0.798233   0.000383   0.000345  160.216
  470681.24  5893434.14   0.799984   0.000383   0.000347  160.233
  470681.51  5893433.39   0.801731   0.000383   0.000348  160.251
  470681.78  5893432.63   0.803473   0.000383   0.000350  160.268
  470682.05  5893431.87   0.805211   0.000384   0.000352  160.286
  470682.32  5893431.11   0.806945   0.000384   0.000353  160.304
  470682.59  5893430.35   0.808675   0.000384   0.000355  160.321
  470682.87  5893429.59   0.810400   0.000384   0.000357  160.339
  470683.14  5893428.83   0.812121   0.000384   0.000358  160.357
  470683.41  5893428.06   0.813838   0.000385   0.000360  160.375
  470683.68  5893427.29   0.815550   0.000385   0.000362  160.393
  470683.96  5893426.52   0.817259   0.000385   0.000364  160.411
  470684.23  5893425.75   0.818962   0.000385   0.000365  160.429
  470684.51  5893424.98   0.820662   0.000385   0.000367  160.447
  470684.78  5893424.21   0.822357   0.000385   0.000369  160.465
  470685.06  5893423.43   0.824048   0.000386   0.000370  160.483
  470685.33  5893422.65   0.825735   0.000386   0.000372  160.501
  470685.61  5893421.87   0.827418   0.000386   0.000374  160.520
  470685.88  5893421.09   0.829096   0.000386   0.000375  160.538
  470686.16  5893420.31   0.830770   0.000386   0.000377  160.556
  470686.44  5893419.53   0.832440   0.000387   0.000379  160.575
  470686.71  5893418.74   0.834105   0.000387   0.000380  160.593
  470686.99  5893417.95   0.835766   0.000387   0.000382  160.612
  470687.27  5893417.16   0.837423   0.000387   0.000384  160.630
  470687.55  5893416.37   0.839075   0.000387   0.000386  160.649
  470687.82  5893415.58   0.840724   0.000387   0.000387  160.667
  470688.10  5893414.79   0.842368   0.000387   0.000389  160.686
  470688.38  5893413.99   0.844008   0.000387   0.000390  160.705
  470688.66  5893413.19   0.845643   0.000388   0.000392  160.723
  470688.94  5893412.39   0.847274   0.000390   0.000396  160.742
  470689.22  5893411.59   0.848901   0.000391   0.000399  160.761
  470689.50  5893410.79   0.850525   0.000393   0.000402  160.780
  470689.78  5893409.99   0.852144   0.000395   0.000405  160.799
  470690.06  5893409.18   0.853758   0.000396   0.000408  160.819
  470690.34  5893408.37   0.855369   0.000398   0.000411  160.838
  470690.62  5893407.56   0.856976   0.000399   0.000415  160.857
  470690.90  5893406.75   0.858578   0.000401   0.000418  160.877
  470691.18  5893405.94   0.860177   0.000402   0.000421  160.897
  470691.46  5893405.13   0.861771   0.000404   0.000424  160.917
  470691.74  5893404.31   0.863361   0.000405   0.000427  160.937
  470692.03  5893403.50   0.864948   0.000407   0.000430  160.957
  470692.31  5893402.68   0.866530   0.000408   0.000434  160.977
  470692.59  5893401.86   0.868108   0.000410   0.000437  160.997
  470692.87  5893401.04   0.869682   0.000411   0.000440  161.017
  470693.16  5893400.21   0.871251   0.000413   0.000443  161.038
  470693.44  5893399.39   0.872817   0.000414   0.000446  161.059
  470693.72  5893398.56   0.874379   0.000416   0.000449  161.079
  470694.01  5893397.73   0.875936   0.000417   0.000453  161.100
  470694.29  5893396.90   0.877490   0.000419   0.000456  161.121
  470694.57  5893396.07   0.879039   0.000420   0.000459  161.142
  470694.86  5893395.24   0.880585   0.000421   0.000462  161.163
  470695.14  5893394.41   0.882126   0.000423   0.000465  161.184
  470695.43  5893393.57   0.883663   0.000424   0.000468  161.206
  470695.71  5893392.73   0.885196   0.000426   0.000472  161.227
  470696.00  5893391.89   0.886725   0.000427   0.000475  161.249
  470696.28  5893391.05   0.888250   0.000428   0.000478  161.271
  470696.57  5893390.21   0.889771   0.000430   0.000481  161.292
  470696.85  5893389.37   0.891288   0.000431   0.000484  161.314
  470697.14  5893388.52   0.892801   0.000432   0.000487  161.336
  470697.42  5893387.68   0.894310   0.000434   0.000491  161.358
  470697.71  5893386.83   0.895815   0.000435   0.000494  161.381
  470697.99  5893385.98   0.897316   0.000436   0.000497  161.403
  470698.28  5893385.13   0.898812   0.000438   0.000500  161.425
  470698.57  5893384.27   0.900305   0.000439   0.000503  161.448
  470698.85  5893383.42   0.901794   0.000440   0.000507  161.471
  470699.14  5893382.56   0.903278   0.000442   0.000510  161.493
  470699.43  5893381.71   0.904759   0.000443   0.000513  161.516
  470699.71  5893380.85   0.906235   0.000444   0.000516  161.539
  470700.00  5893379.99   0.907708   0.000446   0.000519  161.562
  470700.29  5893379.12   0.909176   0.000447   0.000522  161.585
  470700.57  5893378.26   0.910641   0.000448   0.000526  161.609
  470700.86  5893377.40   0.912101   0.000449   0.000529  161.632
  470701.15  5893376.53   0.913558   0.000451   0.000532  161.656
  470701.44  5893375.66   0.915010   0.000452   0.000535  161.679
  470701.72  5893374.79   0.916459   0.000453   0.000538  161.703
  470702.01  5893373.92   0.917903   0.000454   0.000541  161.727
  470702.30  5893373.05   0.919344   0.000456   0.000545  161.751
  470702.59  5893372.18   0.920780   0.000457   0.000548  161.775
  470702.87  5893371.30   0.922212   0.000458   0.000551  161.799
  470703.16  5893370.42   0.923641   0.000459   0.000554  161.823
  470703.45  5893369.54   0.925065   0.000461   0.000557  161.847
  470703.74  5893368.67   0.926486   0.000462   0.000561  161.872
  470704.03  5893367.78   0.927902   0.000463   0.000564  161.896
  470704.31  5893366.90   0.929315   0.000464   0.000567  161.921
  470704.60  5893366.02   0.930723   0.000465   0.000570  161.945
  470704.89  5893365.13   0.932128   0.000467   0.000573  161.970
  470705.18  5893364.24   0.933529   0.000468   0.000577  161.995
  470705.47  5893363.36   0.934925   0.000469   0.000580  162.020
  470705.76  5893362.47   0.936318   0.000470   0.000583  162.045
  470706.04  5893361.57   0.937707   0.000471   0.000586  162.071
  470706.33  5893360.68   0.939091   0.000472   0.000589  162.096
  470706.62  5893359.79   0.940471   0.000473   0.000592  162.121
  470706.91  5893358.89   0.941847   0.000475   0.000596  162.147
  470707.20  5893357.99   0.943221   0.000477   0.000601  162.172
  470707.49  5893357.09   0.944592   0.000480   0.000606  162.198
  470707.78  5893356.19   0.945961   0.000483   0.000611  162.224
  470708.06  5893355.29   0.947327   0.000485   0.000616  162.250
  470708.35  5893354.39   0.948691   0.000488   0.000621  162.277
  470708.64  5893353.49   0.950053   0.000490   0.000626  162.303
  470708.93  5893352.58   0.951412   0.000493   0.000631  162.330
  470709.22  5893351.67   0.952769   0.000495   0.000636  162.357
  470709.51  5893350.76   0.954124   0.000498   0.000641  162.384
  470709.80  5893349.85   0.955476   0.000500   0.000646  162.411
  470710.08  5893348.94   0.956825   0.000502   0.000651  162.438
  470710.37  5893348.03   0.958173   0.000505   0.000656  162.466
  470710.66  5893347.11   0.959518   0.000507   0.000661  162.494
  470710.95  5893346.20   0.960860   0.000510   0.000665  162.521
  470711.24  5893345.28   0.962201   0.000512   0.000670  162.550
  470711.53  5893344.36   0.963539   0.000514   0.000675  162.578
  470711.81  5893343.44   0.964874   0.000517   0.000680  162.606
  470712.10  5893342.52   0.966207   0.000519   0.000685  162.635
  470712.39  5893341.60   0.967538   0.000521   0.000690  162.663
  470712.68  5893340.67   0.968867   0.000524   0.000695  162.692
  470712.97  5893339.75   0.970193   0.000526   0.000700  162.721
  470713.25  5893338.82   0.971517   0.000528   0.000705  162.751
  470713.54  5893337.89   0.972839   0.000530   0.000710  162.780
  470713.83  5893336.96   0.974158   0.000533   0.000715  162.810
  470714.12  5893336.03   0.975475   0.000535   0.000720  162.839
  470714.41  5893335.10   0.976790   0.000537   0.000725  162.869
  470714.69  5893334.16   0.978103   0.000539   0.000730  162.899
  470714.98  5893333.23   0.979413   0.000542   0.000735  162.930
  470715.27  5893332.29   0.980721   0.000544   0.000740  162.960
  470715.55  5893331.35   0.982026   0.000546   0.000745  162.991
  470715.84  5893330.41   0.983330   0.000548   0.000750  163.021
  470716.13  5893329.47   0.984631   0.000550   0.000754  163.052
  470716.41  5893328.53   0.985930   0.000552   0.000759  163.083
  470716.70  5893327.58   0.987227   0.000555   0.000764  163.114
  470716.99  5893326.64   0.988521   0.000557   0.000769  163.146
  470717.27  5893325.69   0.989813   0.000559   0.000774  163.177
  470717.56  5893324.74   0.991103   0.000561   0.000779  163.209
  470717.85  5893323.79   0.992391   0.000563   0.000784  163.241
  470718.13  5893322.84   0.993676   0.000565   0.000789  163.273
  470718.42  5893321.89   0.994960   0.000567   0.000794  163.305
  470718.70  5893320.94   0.996241   0.000569   0.000799  163.337
  470718.99  5893319.98   0.997520   0.000571   0.000804  163.370
  470719.27  5893319.03   0.998796   0.000573   0.000809  163.402
  470719.56  5893318.07   1.000071   0.000575   0.000813  163.435
  470719.84  5893317.11   1.001343   0.000577   0.000818  163.468
  470720.13  5893316.15   1.002613   0.000579   0.000823  163.501
  470720.41  5893315.19   1.003881   0.000581   0.000828  163.535
  470720.70  5893314.22   1.005147   0.000583   0.000833  163.568
  470720.98  5893313.26   1.006411   0.000585   0.000838  163.602
  470721.26  5893312.29   1.007672   0.000587   0.000843  163.635
  470721.55  5893311.32   1.008932   0.000589   0.000848  163.669
  470721.83  5893310.35   1.010189   0.000591   0.000853  163.703
  470722.11  5893309.38   1.011444   0.000593   0.000858  163.737
  470722.40  5893308.41   1.012697   0.000595   0.000863  163.772
  470722.68  5893307.44   1.013946   0.000597   0.000869  163.806
  470722.96  5893306.46   1.015194   0.000599   0.000872  163.841
  470723.24  5893305.49   1.016442   0.000599   0.000875  163.876
  470723.53  5893304.51   1.017690   0.000599   0.000877  163.911
  470723.81  5893303.53   1.018938   0.000599   0.000880  163.946
  470724.09  5893302.55   1.020187   0.000599   0.000882  163.981
  470724.37  5893301.57   1.021436   0.000599   0.000884  164.016
  470724.65  5893300.59   1.022685   0.000599   0.000887  164.051
  470724.93  5893299.60   1.023935   0.000600   0.000889  164.086
  470725.21  5893298.62   1.025185   0.000600   0.000891  164.121
  470725.49  5893297.63   1.026435   0.000600   0.000894  164.156
  470725.77  5893296.64   1.027686   0.000600   0.000896  164.192
  470726.05  5893295.65   1.028936   0.000600   0.000899  164.227
  470726.33  5893294.66   1.030188   0.000600   0.000901  164.262
  470726.61  5893293.67   1.031439   0.000600   0.000903  164.298
  470726.89  5893292.68   1.032691   0.000601   0.000906  164.333
  470727.17  5893291.68   1.033943   0.000601   0.000908  164.369
  470727.44  5893290.69   1.035195   0.000601   0.000910  164.404
  470727.72  5893289.69   1.036448   0.000601   0.000913  164.440
  470728.00  5893288.69   1.037701   0.000601   0.000915  164.476
  470728.28  5893287.69   1.038955   0.000601   0.000918  164.511
  470728.55  5893286.69   1.040209   0.000601   0.000920  164.547
  470728.83  5893285.68   1.041463   0.000601   0.000922  164.583
  470729.11  5893284.68   1.042717   0.000601   0.000925  164.619
  470729.38  5893283.67   1.043971   0.000601   0.000927  164.655
  470729.66  5893282.66   1.045225   0.000601   0.000929  164.691
  470729.93  5893281.66   1.046482   0.000601   0.000931  164.727
  470730.21  5893280.65   1.047742   0.000601   0.000934  164.763
  470730.48  5893279.63   1.049005   0.000601   0.000936  164.799
  470730.76  5893278.62   1.050271   0.000601   0.000938  164.835
  470731.03  5893277.61   1.051540   0.000601   0.000940  164.871
  470731.31  5893276.59   1.052812   0.000601   0.000942  164.907
  470731.58  5893275.57   1.054087   0.000601   0.000944  164.944
  470731.85  5893274.55   1.055366   0.000601   0.000947  164.980
  470732.13  5893273.53   1.056647   0.000601   0.000949  165.016
  470732.40  5893272.51   1.057931   0.000601   0.000951  165.053
  470732.67  5893271.49   1.059219   0.000601   0.000953  165.089
  470732.94  5893270.47   1.060509   0.000600   0.000955  165.126
  470733.22  5893269.44   1.061803   0.000600   0.000957  165.162
  470733.49  5893268.41   1.063100   0.000600   0.000959  165.199
  470733.76  5893267.38   1.064399   0.000600   0.000961  165.235
  470734.03  5893266.35   1.065702   0.000600   0.000963  165.272
  470734.30  5893265.32   1.067008   0.000600   0.000965  165.308
  470734.57  5893264.29   1.068317   0.000599   0.000968  165.345
  470734.84  5893263.25   1.069629   0.000599   0.000970  165.382
  470735.11  5893262.22   1.070944   0.000599   0.000972  165.418
  470735.38  5893261.18   1.072262   0.000599   0.000974  165.455
  470735.65  5893260.14   1.073584   0.000599   0.000977  165.492
  470735.92  5893259.10   1.074906   0.000599   0.000979  165.529
  470736.18  5893258.06   1.076232   0.000598   0.000980  165.566
  470736.45  5893257.02   1.077565   0.000596   0.000978  165.603
  470736.72  5893255.97   1.078904   0.000593   0.000977  165.639
  470736.99  5893254.93   1.080250   0.000591   0.000976  165.676
  470737.25  5893253.88   1.081603   0.000589   0.000974  165.713
  470737.52  5893252.83   1.082962   0.000586   0.000973  165.749
  470737.79  5893251.78   1.084328   0.000584   0.000971  165.786
  470738.05  5893250.73   1.085702   0.000582   0.000970  165.822
  470738.32  5893249.68   1.087081   0.000579   0.000968  165.858
  470738.58  5893248.62   1.088468   0.000577   0.000967  165.894
  470738.85  5893247.56   1.089861   0.000575   0.000965  165.930
  470739.11  5893246.51   1.091262   0.000572   0.000964  165.966
  470739.38  5893245.45   1.092668   0.000570   0.000962  166.002
  470739.64  5893244.39   1.094082   0.000567   0.000961  166.037
  470739.90  5893243.32   1.095502   0.000565   0.000959  166.073
  470740.17  5893242.26   1.096930   0.000563   0.000958  166.108
  470740.43  5893241.19   1.098364   0.000560   0.000956  166.144
  470740.69  5893240.13   1.099804   0.000558   0.000954  166.179
  470740.95  5893239.06   1.101252   0.000556   0.000953  166.214
  470741.22  5893237.99   1.102706   0.000553   0.000951  166.249
  470741.48  5893236.91   1.104167   0.000551   0.000950  166.284
  470741.74  5893235.84   1.105634   0.000548   0.000948  166.319
  470742.00  5893234.77   1.107109   0.000546   0.000947  166.354
  470742.26  5893233.69   1.108590   0.000544   0.000945  166.389
  470742.52  5893232.61   1.110077   0.000541   0.000943  166.423
  470742.78  5893231.53   1.111572   0.000539   0.000942  166.457
  470743.04  5893230.45   1.113073   0.000537   0.000940  166.492
  470743.30  5893229.37   1.114581   0.000534   0.000939  166.526
  470743.56  5893228.28   1.116096   0.000532   0.000937  166.560
  470743.82  5893227.19   1.117617   0.000529   0.000935  166.594
  470744.08  5893226.11   1.119146   0.000527   0.000934  166.628
  470744.34  5893225.02   1.120680   0.000525   0.000932  166.662
  470744.59  5893223.93   1.122222   0.000522   0.000930  166.696
  470744.85  5893222.83   1.123770   0.000520   0.000929  166.729
  470745.11  5893221.74   1.125325   0.000518   0.000927  166.763
  470745.37  5893220.64   1.126887   0.000515   0.000925  166.796
  470745.62  5893219.54   1.128456   0.000513   0.000924  166.829
  470745.88  5893218.44   1.130031   0.000510   0.000922  166.862
  470746.14  5893217.34   1.131613   0.000508   0.000920  166.895
  470746.39  5893216.24   1.133201   0.000506   0.000918  166.928
  470746.65  5893215.13   1.134796   0.000503   0.000917  166.961
  470746.90  5893214.03   1.136398   0.000501   0.000915  166.994
  470747.16  5893212.92   1.138007   0.000499   0.000913  167.027
  470747.41  5893211.81   1.139622   0.000496   0.000912  167.059
  470747.67  5893210.70   1.141244   0.000494   0.000910  167.091
  470747.92  5893209.58   1.142873   0.000492   0.000908  167.124
  470748.18  5893208.47   1.144508   0.000489   0.000906  167.156
  470748.43  5893207.35   1.146150   0.000487   0.000905  167.188
  470748.68  5893206.23   1.147799   0.000485   0.000903  167.220
  470748.94  5893205.11   1.149455   0.000482   0.000901  167.252
  470749.19  5893203.99   1.151117   0.000480   0.000899  167.284
  470749.44  5893202.87   1.152786   0.000478   0.000897  167.315
  470749.70  5893201.74   1.154461   0.000475   0.000896  167.347
  470749.95  5893200.62   1.156143   0.000473   0.000894  167.378
  470750.20  5893199.49   1.157832   0.000471   0.000892  167.410
  470750.45  5893198.36   1.159528   0.000468   0.000890  167.441
  470750.71  5893197.22   1.161230   0.000466   0.000888  167.472
  470750.96  5893196.09   1.162938   0.000464   0.000887  167.503
  470751.21  5893194.95   1.164654   0.000461   0.000885  167.534
  470751.46  5893193.81   1.166376   0.000459   0.000883  167.565
  470751.71  5893192.67   1.168105   0.000457   0.000881  167.595
  470751.96  5893191.53   1.169840   0.000454   0.000879  167.626
  470752.21  5893190.39   1.171582   0.000452   0.000877  167.656
  470752.46  5893189.24   1.173331   0.000450   0.000876  167.687
  470752.71  5893188.10   1.175087   0.000447   0.000874  167.717
  470752.96  5893186.95   1.176849   0.000445   0.000872  167.747
  470753.21  5893185.79   1.178617   0.000443   0.000870  167.777
  470753.46  5893184.64   1.180393   0.000441   0.000868  167.807
  470753.71  5893183.49   1.182175   0.000438   0.000866  167.837
  470753.96  5893182.33   1.183963   0.000436   0.000864  167.866
  470754.20  5893181.17   1.185758   0.000434   0.000863  167.896
  470754.45  5893180.01   1.187560   0.000432   0.000861  167.925
  470754.70  5893178.85   1.189369   0.000429   0.000859  167.955
  470754.95  5893177.69   1.191184   0.000427   0.000857  167.984
  470755.20  5893176.52   1.193006   0.000425   0.000855  168.013
  470755.44  5893175.35   1.194834   0.000423   0.000853  168.042
  470755.69  5893174.18   1.196669   0.000420   0.000851  168.071
  470755.94  5893173.01   1.198511   0.000418   0.000849  168.100
  470756.18  5893171.84   1.200359   0.000416   0.000847  168.129
  470756.43  5893170.66   1.202214   0.000414   0.000845  168.157
  470756.68  5893169.48   1.204076   0.000411   0.000844  168.186
  470756.92  5893168.30   1.205944   0.000409   0.000842  168.214
  470757.17  5893167.12   1.207818   0.000407   0.000840  168.242
  470757.41  5893165.94   1.209700   0.000405   0.000838  168.271
  470757.66  5893164.75   1.211588   0.000403   0.000836  168.299
  470757.91  5893163.56   1.213482   0.000400   0.000834  168.327
  470758.15  5893162.38   1.215383   0.000398   0.000832  168.354
  470758.40  5893161.18   1.217291   0.000396   0.000830  168.382
  470758.64  5893159.99   1.219205   0.000394   0.000828  168.410
  470758.89  5893158.79   1.221126   0.000392   0.000826  168.437
  470759.13  5893157.60   1.223054   0.000390   0.000824  168.465
  470759.37  5893156.40   1.224988   0.000387   0.000822  168.492
  470759.62  5893155.20   1.226929   0.000385   0.000820  168.519
  470759.86  5893153.99   1.228876   0.000383   0.000818  168.546
  470760.11  5893152.79   1.230830   0.000381   0.000816  168.573
  470760.35  5893151.58   1.232791   0.000379   0.000814  168.600
  470760.59  5893150.37   1.234758   0.000377   0.000812  168.627
  470760.84  5893149.16   1.236731   0.000375   0.000810  168.654
  470761.08  5893147.95   1.238712   0.000373   0.000808  168.680
  470761.32  5893146.73   1.240698   0.000370   0.000806  168.707
  470761.56  5893145.51   1.242692   0.000368   0.000804  168.733
  470761.81  5893144.29   1.244692   0.000366   0.000802  168.759
  470762.05  5893143.07   1.246698   0.000364   0.000800  168.785
  470762.29  5893141.85   1.248712   0.000362   0.000798  168.811
  470762.53  5893140.62   1.250731   0.000360   0.000796  168.837
  470762.77  5893139.39   1.252758   0.000358   0.000794  168.863
  470763.02  5893138.16   1.254790   0.000356   0.000792  168.889
  470763.26  5893136.93   1.256830   0.000354   0.000790  168.914
  470763.50  5893135.69   1.258876   0.000352   0.000788  168.940
  470763.74  5893134.46   1.260928   0.000350   0.000786  168.965
  470763.98  5893133.22   1.262987   0.000348   0.000784  168.990
  470764.22  5893131.98   1.265053   0.000346   0.000782  169.015
  470764.46  5893130.74   1.267125   0.000344   0.000780  169.041
  470764.70  5893129.49   1.269204   0.000342   0.000778  169.065
  470764.94  5893128.24   1.271289   0.000340   0.000776  169.090
  470765.18  5893126.99   1.273381   0.000338   0.000774  169.115
  470765.42  5893125.74   1.275479   0.000336   0.000772  169.140
  470765.66  5893124.49   1.277584   0.000334   0.000770  169.164
  470765.90  5893123.23   1.279696   0.000332   0.000768  169.189
  470766.14  5893121.97   1.281814   0.000330   0.000766  169.213
  470766.38  5893120.71   1.283938   0.000328   0.000764  169.237
  470766.62  5893119.45   1.286069   0.000326   0.000762  169.261
  470766.86  5893118.19   1.288207   0.000324   0.000760  169.285
  470767.10  5893116.92   1.290351   0.000322   0.000758  169.309
  470767.34  5893115.65   1.292502   0.000320   0.000756  169.333
  470767.58  5893114.38   1.294659   0.000318   0.000754  169.357
  470767.82  5893113.11   1.296823   0.000316   0.000752  169.380
  470768.06  5893111.83   1.298993   0.000314   0.000750  169.404
  470768.29  5893110.55   1.301170   0.000312   0.000747  169.427
  470768.53  5893109.27   1.303353   0.000310   0.000745  169.450
  470768.77  5893107.99   1.305543   0.000308   0.000743  169.474
  470769.01  5893106.70   1.307739   0.000306   0.000741  169.497
  470769.25  5893105.42   1.309942   0.000305   0.000739  169.520
  470769.49  5893104.13   1.312151   0.000303   0.000737  169.542
  470769.72  5893102.84   1.314367   0.000301   0.000735  169.565
  470769.96  5893101.54   1.316590   0.000299   0.000733  169.588
  470770.20  5893100.25   1.318819   0.000297   0.000731  169.610
  470770.44  5893098.95   1.321054   0.000295   0.000729  169.633
  470770.67  5893097.65   1.323296   0.000293   0.000727  169.655
  470770.91  5893096.34   1.325544   0.000292   0.000725  169.677
  470771.15  5893095.04   1.327799   0.000290   0.000723  169.700
  470771.39  5893093.73   1.330061   0.000288   0.000720  169.722
  470771.62  5893092.42   1.332329   0.000286   0.000718  169.744
  470771.86  5893091.11   1.334603   0.000284   0.000716  169.765
  470772.10  5893089.80   1.336884   0.000283   0.000714  169.787
  470772.33  5893088.48   1.339172   0.000281   0.000712  169.809
  470772.57  5893087.16   1.341465   0.000279   0.000710  169.830
  470772.81  5893085.84   1.343766   0.000277   0.000708  169.852
  470773.04  5893084.51   1.346073   0.000275   0.000706  169.873
  470773.28  5893083.19   1.348386   0.000274   0.000704  169.894
  470773.52  5893081.86   1.350706   0.000272   0.000702  169.916
  470773.75  5893080.53   1.353032   0.000270   0.000700  169.937
  470773.99  5893079.19   1.355365   0.000268   0.000697  169.958
  470774.22  5893077.86   1.357705   0.000267   0.000695  169.978
  470774.46  5893076.52   1.360050   0.000265   0.000693  169.999
  470774.70  5893075.18   1.362403   0.000263   0.000691  170.020
  470774.93  5893073.84   1.364761   0.000262   0.000689  170.040
  470775.17  5893072.49   1.367127   0.000260   0.000687  170.061
  470775.40  5893071.14   1.369498   0.000258   0.000685  170.081
  470775.64  5893069.79   1.371877   0.000257   0.000683  170.101
  470775.87  5893068.44   1.374261   0.000255   0.000681  170.122
  470776.11  5893067.08   1.376652   0.000253   0.000679  170.142
  470776.34  5893065.73   1.379050   0.000252   0.000676  170.162
  470776.58  5893064.37   1.381454   0.000250   0.000674  170.181
  470776.82  5893063.00   1.383865   0.000248   0.000672  170.201
  470777.05  5893061.64   1.386282   0.000247   0.000670  170.221
  470777.29  5893060.27   1.388705   0.000245   0.000668  170.241
  470777.52  5893058.90   1.391135   0.000243   0.000666  170.260
  470777.76  5893057.53   1.393571   0.000242   0.000664  170.279
  470777.99  5893056.16   1.396014   0.000240   0.000662  170.299
  470778.23  5893054.78   1.398463   0.000239   0.000660  170.318
  470778.46  5893053.40   1.400919   0.000237   0.000658  170.337
  470778.70  5893052.02   1.403381   0.000235   0.000655  170.356
  470778.93  5893050.63   1.405850   0.000234   0.000653  170.375
  470779.17  5893049.24   1.408325   0.000232   0.000651  170.394
  470779.40  5893047.85   1.410807   0.000231   0.000649  170.413
  470779.64  5893046.46   1.413295   0.000229   0.000647  170.431
  470779.87  5893045.07   1.415789   0.000228   0.000645  170.450
  470780.10  5893043.67   1.418290   0.000226   0.000643  170.468
  470780.34  5893042.27   1.420797   0.000224   0.000641  170.487
  470780.57  5893040.87   1.423311   0.000223   0.000639  170.505
  470780.81  5893039.46   1.425831   0.000221   0.000636  170.523
  470781.04  5893038.05   1.428358   0.000220   0.000634  170.541
  470781.28  5893036.64   1.430891   0.000218   0.000632  170.559
  470781.51  5893035.23   1.433430   0.000217   0.000630  170.577
  470781.75  5893033.82   1.435976   0.000215   0.000628  170.595
  470781.98  5893032.40   1.438529   0.000214   0.000626  170.612
  470782.22  5893030.98   1.441087   0.000212   0.000624  170.630
  470782.45  5893029.55   1.443653   0.000211   0.000622  170.648
  470782.68  5893028.13   1.446224   0.000209   0.000620  170.665
  470782.92  5893026.70   1.448802   0.000208   0.000617  170.682
  470783.15  5893025.27   1.451389   0.000207   0.000615  170.700
  470783.39  5893023.83   1.453981   0.000205   0.000613  170.717
  470783.62  5893022.40   1.456577   0.000204   0.000612  170.734
  470783.86  5893020.96   1.459175   0.000203   0.000610  170.751
  470784.09  5893019.52   1.461776   0.000201   0.000608  170.768
  470784.32  5893018.07   1.464379   0.000200   0.000606  170.785
  470784.56  5893016.63   1.466985   0.000199   0.000604  170.802
  470784.79  5893015.18   1.469594   0.000197   0.000603  170.818
  470785.03  5893013.72   1.472206   0.000196   0.000601  170.835
  470785.26  5893012.27   1.474820   0.000195   0.000599  170.851
  470785.50  5893010.81   1.477436   0.000194   0.000597  170.868
  470785.73  5893009.35   1.480056   0.000192   0.000596  170.884
  470785.96  5893007.89   1.482678   0.000191   0.000594  170.901
  470786.20  5893006.42   1.485302   0.000190   0.000592  170.917
  470786.43  5893004.96   1.487930   0.000189   0.000591  170.933
  470786.67  5893003.49   1.490560   0.000187   0.000589  170.949
  470786.90  5893002.01   1.493192   0.000186   0.000587  170.965
  470787.14  5893000.54   1.495828   0.000185   0.000585  170.981
  470787.37  5892999.06   1.498465   0.000184   0.000584  170.997
  470787.60  5892997.58   1.501106   0.000183   0.000582  171.013
  470787.84  5892996.09   1.503749   0.000181   0.000580  171.028
  470788.07  5892994.61   1.506395   0.000180   0.000578  171.044
  470788.31  5892993.12   1.509044   0.000179   0.000577  171.059
  470788.54  5892991.62   1.511695   0.000178   0.000575  171.075
  470788.78  5892990.13   1.514348   0.000177   0.000573  171.090
  470789.01  5892988.63   1.517005   0.000176   0.000572  171.106
  470789.24  5892987.13   1.519664   0.000174   0.000570  171.121
  470789.48  5892985.63   1.522325   0.000173   0.000568  171.136
  470789.71  5892984.12   1.524990   0.000172   0.000566  171.151
  470789.95  5892982.62   1.527657   0.000171   0.000565  171.166
  470790.18  5892981.10   1.530326   0.000170   0.000563  171.181
  470790.42  5892979.59   1.532998   0.000169   0.000561  171.196
  470790.65  5892978.07   1.535673   0.000168   0.000560  171.211
  470790.89  5892976.56   1.538351   0.000167   0.000558  171.226
  470791.12  5892975.03   1.541031   0.000166   0.000556  171.241
  470791.35  5892973.51   1.543713   0.000165   0.000555  171.255
  470791.59  5892971.98   1.546399   0.000164   0.000553  171.270
  470791.82  5892970.45   1.549087   0.000162   0.000551  171.284
  470792.06  5892968.92   1.551777   0.000161   0.000549  171.299
  470792.29  5892967.38   1.554472   0.000160   0.000548  171.313
  470792.53  5892965.85   1.557169   0.000159   0.000546  171.327
  470792.76  5892964.31   1.559866   0.000159   0.000546  171.341
  470793.00  5892962.76   1.562563   0.000158   0.000545  171.356
  470793.23  5892961.22   1.565259   0.000157   0.000544  171.370
  470793.47  5892959.67   1.567955   0.000156   0.000544  171.384
  470793.70  5892958.12   1.570650   0.000156   0.000543  171.398
  470793.94  5892956.56   1.573346   0.000155   0.000542  171.412
  470794.17  5892955.00   1.576040   0.000154   0.000542  171.426
  470794.40  5892953.44   1.578735   0.000154   0.000541  171.440
  470794.64  5892951.88   1.581429   0.000153   0.000540  171.454
  470794.87  5892950.32   1.584122   0.000152   0.000540  171.468
  470795.11  5892948.75   1.586816   0.000151   0.000539  171.481
  470795.34  5892947.18   1.589509   0.000151   0.000539  171.495
  470795.58  5892945.60   1.592201   0.000150   0.000538  171.509
  470795.81  5892944.03   1.594894   0.000149   0.000537  171.523
  470796.05  5892942.45   1.597585   0.000149   0.000537  171.536
  470796.28  5892940.87   1.600277   0.000148   0.000536  171.550
  470796.52  5892939.28   1.602968   0.000147   0.000535  171.563
  470796.75  5892937.70   1.605659   0.000147   0.000535  171.577
  470796.99  5892936.11   1.608349   0.000146   0.000534  171.590
  470797.22  5892934.51   1.611039   0.000145   0.000534  171.604
  470797.46  5892932.92   1.613729   0.000145   0.000533  171.617
  470797.69  5892931.32   1.616418   0.000144   0.000532  171.631
  470797.93  5892929.72   1.619107   0.000143   0.000532  171.644
  470798.16  5892928.12   1.621796   0.000143   0.000531  171.657
  470798.40  5892926.51   1.624484   0.000142   0.000530  171.671
  470798.63  5892924.90   1.627173   0.000141   0.000530  171.684
  470798.87  5892923.29   1.629861   0.000141   0.000529  171.697
  470799.11  5892921.68   1.632548   0.000141   0.000530  171.710
  470799.34  5892920.06   1.635231   0.000140   0.000530  171.723
  470799.58  5892918.44   1.637912   0.000140   0.000530  171.736
  470799.81  5892916.82   1.640591   0.000139   0.000531  171.749
  470800.05  5892915.19   1.643268   0.000139   0.000531  171.763
  470800.28  5892913.57   1.645942   0.000139   0.000531  171.776
  470800.52  5892911.93   1.648614   0.000138   0.000532  171.789
  470800.75  5892910.30   1.651283   0.000138   0.000532  171.802
  470800.99  5892908.67   1.653950   0.000138   0.000532  171.815
  470801.22  5892907.03   1.656614   0.000137   0.000533  171.828
  470801.46  5892905.39   1.659276   0.000137   0.000533  171.841
  470801.69  5892903.74   1.661936   0.000137   0.000533  171.854
  470801.93  5892902.10   1.664593   0.000136   0.000534  171.867
  470802.16  5892900.45   1.667248   0.000136   0.000534  171.880
  470802.40  5892898.79   1.669900   0.000135   0.000534  171.893
  470802.63  5892897.14   1.672550   0.000135   0.000535  171.906
  470802.87  5892895.48   1.675198   0.000135   0.000535  171.919
  470803.10  5892893.82   1.677843   0.000134   0.000535  171.932
  470803.34  5892892.16   1.680486   0.000134   0.000536  171.945
  470803.58  5892890.50   1.683126   0.000134   0.000536  171.958
  470803.81  5892888.83   1.685764   0.000133   0.000536  171.971
  470804.05  5892887.16   1.688400   0.000133   0.000537  171.983
  470804.28  5892885.48   1.691033   0.000133   0.000537  171.996
  470804.52  5892883.81   1.693664   0.000133   0.000538  172.009
  470804.75  5892882.13   1.696292   0.000132   0.000538  172.022
  470804.99  5892880.45   1.698918   0.000132   0.000538  172.035
  470805.22  5892878.76   1.701542   0.000132   0.000539  172.048
  470805.46  5892877.08   1.704163   0.000131   0.000539  172.061
  470805.69  5892875.39   1.706782   0.000131   0.000540  172.073
  470805.93  5892873.70   1.709400   0.000131   0.000541  172.086
  470806.16  5892872.00   1.712016   0.000130   0.000540  172.099
  470806.40  5892870.30   1.714626   0.000129   0.000538  172.112
  470806.63  5892868.61   1.717230   0.000129   0.000536  172.125
  470806.87  5892866.90   1.719828   0.000128   0.000534  172.137
  470807.10  5892865.20   1.722421   0.000127   0.000532  172.150
  470807.34  5892863.49   1.725008   0.000126   0.000530  172.162
  470807.57  5892861.78   1.727589   0.000125   0.000528  172.175
  470807.81  5892860.07   1.730164   0.000124   0.000527  172.187
  470808.04  5892858.35   1.732734   0.000124   0.000525  172.199
  470808.28  5892856.63   1.735298   0.000123   0.000523  172.212
  470808.51  5892854.91   1.737856   0.000122   0.000521  172.224
  470808.75  5892853.19   1.740408   0.000121   0.000519  172.236
  470808.98  5892851.46   1.742955   0.000120   0.000517  172.248
  470809.22  5892849.74   1.745496   0.000120   0.000515  172.260
  470809.45  5892848.00   1.748031   0.000119   0.000513  172.272
  470809.69  5892846.27   1.750561   0.000118   0.000511  172.284
  470809.92  5892844.54   1.753084   0.000117   0.000509  172.296
  470810.16  5892842.80   1.755602   0.000116   0.000508  172.308
  470810.39  5892841.06   1.758114   0.000116   0.000506  172.319
  470810.63  5892839.31   1.760620   0.000115   0.000504  172.331
  470810.86  5892837.57   1.763121   0.000114   0.000502  172.343
  470811.10  5892835.82   1.765616   0.000113   0.000500  172.354
  470811.33  5892834.07   1.768105   0.000113   0.000498  172.366
  470811.57  5892832.31   1.770588   0.000112   0.000497  172.377
  470811.80  5892830.56   1.773066   0.000111   0.000495  172.388
  470812.04  5892828.80   1.775537   0.000111   0.000493  172.400
  470812.27  5892827.04   1.778003   0.000110   0.000491  172.411
  470812.50  5892825.27   1.780464   0.000109   0.000489  172.422
  470812.74  5892823.51   1.782918   0.000108   0.000488  172.433
  470812.97  5892821.74   1.785367   0.000108   0.000486  172.444
  470813.21  5892819.97   1.787810   0.000107   0.000484  172.455
  470813.44  5892818.19   1.790247   0.000106   0.000482  172.466
  470813.68  5892816.42   1.792678   0.000106   0.000481  172.477
  470813.91  5892814.64   1.795104   0.000105   0.000479  172.488
  470814.15  5892812.86   1.797524   0.000104   0.000477  172.499
  470814.38  5892811.07   1.799938   0.000104   0.000475  172.510
  470814.62  5892809.29   1.802346   0.000103   0.000474  172.520
  470814.85  5892807.50   1.804748   0.000102   0.000472  172.531
  470815.08  5892805.71   1.807145   0.000102   0.000470  172.542
  470815.32  5892803.92   1.809536   0.000101   0.000468  172.552
  470815.55  5892802.12   1.811921   0.000101   0.000467  172.563
  470815.79  5892800.32   1.814301   0.000100   0.000465  172.573
  470816.02  5892798.52   1.816674   0.000099   0.000463  172.583
  470816.26  5892796.72   1.819042   0.000099   0.000462  172.594
  470816.49  5892794.91   1.821404   0.000098   0.000460  172.604
  470816.72  5892793.11   1.823760   0.000097   0.000458  172.614
  470816.96  5892791.30   1.826111   0.000097   0.000457  172.625
  470817.19  5892789.49   1.828455   0.000096   0.000455  172.635
  470817.43  5892787.67   1.830794   0.000096   0.000453  172.645
  470817.66  5892785.85   1.833128   0.000095   0.000452  172.655
  470817.90  5892784.03   1.835455   0.000094   0.000450  172.665
  470818.13  5892782.21   1.837776   0.000094   0.000448  172.675
  470818.36  5892780.39   1.840092   0.000093   0.000447  172.685
  470818.60  5892778.56   1.842402   0.000093   0.000445  172.694
  470818.83  5892776.73   1.844706   0.000092   0.000444  172.704
  470819.07  5892774.90   1.847005   0.000092   0.000442  172.714
  470819.30  5892773.07   1.849298   0.000091   0.000440  172.724
  470819.53  5892771.23   1.851584   0.000090   0.000439  172.733
  470819.77  5892769.40   1.853865   0.000090   0.000437  172.743
  470820.00  5892767.56   1.856141   0.000089   0.000435  172.752
  470820.24  5892765.71   1.858410   0.000089   0.000434  172.762
  470820.47  5892763.87   1.860674   0.000088   0.000432  172.771
  470820.70  5892762.02   1.862932   0.000088   0.000431  172.781
  470820.94  5892760.17   1.865184   0.000087   0.000429  172.790
  470821.17  5892758.32   1.867430   0.000087   0.000428  172.799
  470821.41  5892756.47   1.869671   0.000086   0.000426  172.809
  470821.64  5892754.61   1.871906   0.000086   0.000424  172.818
  470821.87  5892752.75   1.874134   0.000085   0.000423  172.827
  470822.11  5892750.89   1.876358   0.000085   0.000421  172.836
  470822.34  5892749.03   1.878575   0.000084   0.000420  172.845
  470822.58  5892747.16   1.880787   0.000084   0.000418  172.854
  470822.81  5892745.30   1.882992   0.000083   0.000417  172.863
  470823.04  5892743.43   1.885192   0.000083   0.000415  172.872
  470823.28  5892741.56   1.887386   0.000082   0.000414  172.881
  470823.51  5892739.68   1.889575   0.000082   0.000412  172.890
  470823.74  5892737.81   1.891757   0.000081   0.000411  172.899
  470823.98  5892735.93   1.893934   0.000081   0.000409  172.908
  470824.21  5892734.05   1.896105   0.000080   0.000408  172.917
  470824.45  5892732.16   1.898270   0.000080   0.000406  172.925
  470824.68  5892730.28   1.900430   0.000079   0.000405  172.934
  470824.91  5892728.39   1.902583   0.000079   0.000403  172.943
  470825.15  5892726.50   1.904731   0.000078   0.000402  172.951
  470825.38  5892724.61   1.906873   0.000078   0.000400  172.960
  470825.61  5892722.72   1.909009   0.000077   0.000399  172.968
  470825.85  5892720.82   1.911140   0.000077   0.000397  172.977
  470826.08  5892718.92   1.913264   0.000076   0.000396  172.985
  470826.31  5892717.02   1.915383   0.000076   0.000394  172.994
  470826.55  5892715.12   1.917496   0.000076   0.000393  173.002
  470826.78  5892713.22   1.919603   0.000075   0.000391  173.010
  470827.01  5892711.31   1.921705   0.000075   0.000390  173.018
  470827.25  5892709.40   1.923800   0.000074   0.000388  173.027
  470827.48  5892707.49   1.925890   0.000074   0.000387  173.035
  470827.72  5892705.58   1.927974   0.000073   0.000386  173.043
  470827.95  5892703.66   1.930052   0.000073   0.000384  173.051
  470828.18  5892701.75   1.932124   0.000072   0.000383  173.059
  470828.42  5892699.83   1.934191   0.000072   0.000381  173.067
  470828.65  5892697.91   1.936252   0.000072   0.000380  173.075
  470828.88  5892695.98   1.938307   0.000071   0.000378  173.083
  470829.12  5892694.06   1.940356   0.000071   0.000377  173.091
  470829.35  5892692.13   1.942399   0.000070   0.000376  173.099
  470829.58  5892690.20   1.944436   0.000070   0.000374  173.107
  470829.81  5892688.27   1.946468   0.000070   0.000373  173.114
  470830.05  5892686.34   1.948494   0.000069   0.000371  173.122
  470830.28  5892684.40   1.950514   0.000069   0.000370  173.130
  470830.51  5892682.46   1.952528   0.000068   0.000369  173.138
  470830.75  5892680.52   1.954537   0.000068   0.000367  173.145
  470830.98  5892678.58   1.956539   0.000068   0.000366  173.153
  470831.21  5892676.64   1.958536   0.000067   0.000364  173.160
  470831.45  5892674.69   1.960527   0.000067   0.000363  173.168
  470831.68  5892672.75   1.962512   0.000066   0.000362  173.176
  470831.91  5892670.80   1.964492   0.000066   0.000360  173.183
  470832.15  5892668.84   1.966465   0.000066   0.000359  173.190
  470832.38  5892666.89   1.968433   0.000065   0.000358  173.198
  470832.61  5892664.94   1.970395   0.000065   0.000356  173.205
  470832.85  5892662.98   1.972351   0.000065   0.000355  173.213
  470833.08  5892661.02   1.974302   0.000064   0.000354  173.220
  470833.31  5892659.06   1.976246   0.000064   0.000352  173.227
  470833.54  5892657.09   1.978185   0.000063   0.000351  173.234
  470833.78  5892655.13   1.980118   0.000063   0.000350  173.241
  470834.01  5892653.16   1.982045   0.000063   0.000348  173.249
  470834.24  5892651.19   1.983966   0.000062   0.000347  173.256
  470834.48  5892649.22   1.985881   0.000062   0.000346  173.263
  470834.71  5892647.25   1.987791   0.000062   0.000344  173.270
  470834.94  5892645.27   1.989695   0.000061   0.000343  173.277
  470835.17  5892643.29   1.991593   0.000061   0.000342  173.284
  470835.41  5892641.32   1.993485   0.000061   0.000340  173.291
  470835.64  5892639.34   1.995371   0.000060   0.000339  173.298
  470835.87  5892637.35   1.997252   0.000060   0.000338  173.305
  470836.11  5892635.37   1.999127   0.000060   0.000336  173.311
  470836.34  5892633.38   2.000995   0.000059   0.000335  173.318
  470836.57  5892631.39   2.002858   0.000059   0.000334  173.325
  470836.80  5892629.40   2.004716   0.000059   0.000333  173.332
  470837.04  5892627.41   2.006567   0.000058   0.000331  173.339
  470837.27  5892625.42   2.008413   0.000058   0.000330  173.345
  470837.50  5892623.42   2.010253   0.000058   0.000329  173.352
  470837.73  5892621.42   2.012086   0.000057   0.000327  173.359
  470837.97  5892619.42   2.013915   0.000057   0.000326  173.365
  470838.20  5892617.42   2.015737   0.000057   0.000325  173.372
  470838.43  5892615.42   2.017553   0.000056   0.000324  173.378
  470838.66  5892613.41   2.019364   0.000056   0.000322  173.385
  470838.90  5892611.41   2.021169   0.000056   0.000321  173.391
  470839.13  5892609.40   2.022968   0.000055   0.000320  173.398
  470839.36  5892607.39   2.024761   0.000055   0.000319  173.404
  470839.59  5892605.38   2.026549   0.000055   0.000317  173.410
  470839.83  5892603.36   2.028330   0.000054   0.000316  173.417
  470840.06  5892601.35   2.030106   0.000054   0.000315  173.423
  470840.29  5892599.33   2.031876   0.000054   0.000314  173.429
  470840.52  5892597.31   2.033640   0.000053   0.000312  173.436
  470840.76  5892595.29   2.035398   0.000053   0.000311  173.442
  470840.99  5892593.26   2.037151   0.000053   0.000310  173.448
  470841.22  5892591.24   2.038897   0.000053   0.000309  173.454
  470841.45  5892589.21   2.040638   0.000052   0.000307  173.460
  470841.69  5892587.19   2.042373   0.000052   0.000306  173.466
  470841.92  5892585.16   2.044102   0.000052   0.000305  173.472
  470842.15  5892583.12   2.045825   0.000051   0.000304  173.479
  470842.38  5892581.09   2.047543   0.000051   0.000303  173.485
  470842.61  5892579.05   2.049254   0.000051   0.000301  173.491
  470842.85  5892577.02   2.050960   0.000050   0.000300  173.497
  470843.08  5892574.98   2.052660   0.000050   0.000299  173.502
  470843.31  5892572.94   2.054354   0.000050   0.000298  173.508
  470843.54  5892570.90   2.056043   0.000050   0.000297  173.514
  470843.78  5892568.85   2.057725   0.000049   0.000295  173.520
  470844.01  5892566.81   2.059402   0.000049   0.000294  173.526
  470844.24  5892564.76   2.061073   0.000049   0.000293  173.532
  470844.47  5892562.71   2.062738   0.000049   0.000292  173.537
  470844.70  5892560.66   2.064397   0.000048   0.000291  173.543
  470844.94  5892558.61   2.066050   0.000048   0.000289  173.549
  470845.17  5892556.56   2.067698   0.000048   0.000288  173.555
  470845.40  5892554.50   2.069340   0.000047   0.000287  173.560
  470845.63  5892552.44   2.070976   0.000047   0.000286  173.566
  470845.86  5892550.38   2.072606   0.000047   0.000285  173.571
  470846.10  5892548.32   2.074230   0.000047   0.000284  173.577
  470846.33  5892546.26   2.075848   0.000046   0.000282  173.583
  470846.56  5892544.20   2.077461   0.000046   0.000281  173.588
  470846.79  5892542.13   2.079067   0.000046   0.000280  173.594
  470847.02  5892540.07   2.080668   0.000046   0.000279  173.599
  470847.25  5892538.00   2.082263   0.000045   0.000278  173.604
  470847.49  5892535.93   2.083853   0.000045   0.000277  173.610
  470847.72  5892533.86   2.085436   0.000045   0.000276  173.615
  470847.95  5892531.78   2.087014   0.000045   0.000274  173.621
  470848.18  5892529.71   2.088585   0.000044   0.000273  173.626
  470848.41  5892527.63   2.090151   0.000044   0.000272  173.631
  470848.65  5892525.55   2.091711   0.000044   0.000271  173.636
  470848.88  5892523.47   2.093265   0.000044   0.000270  173.642
  470849.11  5892521.39   2.094814   0.000043   0.000269  173.647
  470849.34  5892519.31   2.096356   0.000043   0.000268  173.652
  470849.57  5892517.22   2.097893   0.000043   0.000266  173.657
  470849.80  5892515.14   2.099424   0.000043   0.000265  173.662
  470850.04  5892513.05   2.100949   0.000042   0.000264  173.668
  470850.27  5892510.96   2.102468   0.000042   0.000263  173.673
  470850.50  5892508.87   2.103982   0.000042   0.000262  173.678
  470850.73  5892506.78   2.105489   0.000042   0.000261  173.683
  470850.96  5892504.69   2.106991   0.000041   0.000260  173.688
  470851.19  5892502.59   2.108487   0.000041   0.000259  173.693
  470851.43  5892500.50   2.109977   0.000041   0.000258  173.698
  470851.66  5892498.40   2.111461   0.000041   0.000256  173.703
  470851.89  5892496.30   2.112939   0.000040   0.000255  173.708
  470852.12  5892494.20   2.114412   0.000040   0.000254  173.712
  470852.35  5892492.09   2.115879   0.000040   0.000253  173.717
  470852.58  5892489.99   2.117339   0.000040   0.000252  173.722
  470852.81  5892487.89   2.118794   0.000040   0.000251  173.727
  470853.05  5892485.78   2.120244   0.000039   0.000250  173.732
  470853.28  5892483.67   2.121687   0.000039   0.000249  173.737
  470853.51  5892481.56   2.123124   0.000039   0.000248  173.741
  470853.74  5892479.45   2.124556   0.000039   0.000247  173.746
  470853.97  5892477.34   2.125982   0.000038   0.000245  173.751
  470854.20  5892475.22   2.127402   0.000038   0.000244  173.755
  470854.43  5892473.11   2.128816   0.000038   0.000243  173.760
  470854.66  5892470.99   2.130224   0.000038   0.000242  173.765
  470854.90  5892468.87   2.131627   0.000038   0.000241  173.769
  470855.13  5892466.75   2.133023   0.000037   0.000240  173.774
  470855.36  5892464.63   2.134414   0.000037   0.000239  173.778
  470855.59  5892462.51   2.135799   0.000037   0.000238  173.783
  470855.82  5892460.38   2.137178   0.000037   0.000237  173.788
  470856.05  5892458.26   2.138552   0.000036   0.000236  173.792
  470856.28  5892456.13   2.139919   0.000036   0.000235  173.797
  470856.51  5892454.00   2.141281   0.000036   0.000234  173.801
  470856.75  5892451.87   2.142636   0.000036   0.000233  173.805
  470856.98  5892449.74   2.143986   0.000036   0.000232  173.810
  470857.21  5892447.61   2.145330   0.000035   0.000231  173.814
  470857.44  5892445.48   2.146669   0.000035   0.000229  173.818
  470857.67  5892443.34   2.148001   0.000035   0.000228  173.823
  470857.90  5892441.21   2.149327   0.000035   0.000227  173.827
  470858.13  5892439.07   2.150648   0.000035   0.000226  173.831
  470858.36  5892436.93   2.151963   0.000034   0.000225  173.836
  470858.59  5892434.79   2.153272   0.000034   0.000224  173.840
  470858.83  5892432.65   2.154575   0.000034   0.000223  173.844
  470859.06  5892430.51   2.155873   0.000034   0.000222  173.848
  470859.29  5892428.36   2.157164   0.000034   0.000221  173.853
  470859.52  5892426.22   2.158450   0.000033   0.000220  173.857
  470859.75  5892424.07   2.159730   0.000033   0.000219  173.861
  470859.98  5892421.92   2.161004   0.000033   0.000218  173.865
  470860.21  5892419.77   2.162272   0.000033   0.000217  173.869
  470860.44  5892417.62   2.163534   0.000033   0.000216  173.873
  470860.67  5892415.47   2.164790   0.000032   0.000215  173.877
  470860.90  5892413.32   2.166041   0.000032   0.000214  173.881
  470861.13  5892411.16   2.167286   0.000032   0.000213  173.885
  470861.36  5892409.01   2.168525   0.000032   0.000212  173.889
  470861.60  5892406.85   2.169758   0.000032   0.000211  173.893
  470861.83  5892404.69   2.170985   0.000031   0.000210  173.897
  470862.06  5892402.53   2.172206   0.000031   0.000209  173.901
  470862.29  5892400.37   2.173422   0.000031   0.000208  173.905
  470862.52  5892398.21   2.174632   0.000031   0.000207  173.909
  470862.75  5892396.05   2.175835   0.000031   0.000206  173.913
  470862.98  5892393.88   2.177033   0.000031   0.000205  173.916
  470863.21  5892391.72   2.178225   0.000030   0.000204  173.920
  470863.44  5892389.55   2.179412   0.000030   0.000203  173.924
  470863.67  5892387.38   2.180592   0.000030   0.000202  173.928
  470863.90  5892385.21   2.181767   0.000030   0.000201  173.932
  470864.13  5892383.04   2.182936   0.000030   0.000200  173.935
  470864.36  5892380.87   2.184099   0.000029   0.000199  173.939
  470864.59  5892378.70   2.185256   0.000029   0.000198  173.943
  470864.82  5892376.53   2.186407   0.000029   0.000197  173.946
  470865.05  5892374.35   2.187552   0.000029   0.000196  173.950
  470865.29  5892372.18   2.188692   0.000029   0.000195  173.954
  470865.52  5892370.00   2.189826   0.000029   0.000194  173.957
  470865.75  5892367.82   2.190953   0.000028   0.000193  173.961
  470865.98  5892365.64   2.192075   0.000028   0.000192  173.964
  470866.21  5892363.46   2.193192   0.000028   0.000191  173.968
  470866.44  5892361.28   2.194302   0.000028   0.000190  173.971
  470866.67  5892359.10   2.195406   0.000028   0.000189  173.975
  470866.90  5892356.91   2.196505   0.000028   0.000188  173.978
  470867.13  5892354.73   2.197598   0.000027   0.000187  173.982
  470867.36  5892352.54   2.198685   0.000027   0.000186  173.985
  470867.59  5892350.36   2.199766   0.000027   0.000185  173.989
  470867.82  5892348.17   2.200841   0.000027   0.000184  173.992
  470868.05  5892345.98   2.201910   0.000027   0.000183  173.996
  470868.28  5892343.79   2.202974   0.000027   0.000182  173.999
  470868.51  5892341.60   2.204032   0.000026   0.000181  174.002
  470868.74  5892339.40   2.205083   0.000026   0.000180  174.006
  470868.97  5892337.21   2.206129   0.000026   0.000179  174.009
  470869.20  5892335.02   2.207169   0.000026   0.000178  174.012
  470869.43  5892332.82   2.208204   0.000026   0.000177  174.015
  470869.66  5892330.62   2.209232   0.000026   0.000176  174.019
  470869.89  5892328.42   2.210255   0.000025   0.000175  174.022
  470870.12  5892326.23   2.211272   0.000025   0.000174  174.025
  470870.35  5892324.03   2.212282   0.000025   0.000173  174.028
  470870.58  5892321.83   2.213287   0.000025   0.000172  174.031
  470870.81  5892319.62   2.214287   0.000025   0.000171  174.035
  470871.04  5892317.42   2.215280   0.000025   0.000171  174.038
  470871.27  5892315.22   2.216268   0.000024   0.000170  174.041
  470871.50  5892313.01   2.217249   0.000024   0.000169  174.044
  470871.73  5892310.81   2.218225   0.000024   0.000168  174.047
  470871.96  5892308.60   2.219195   0.000024   0.000167  174.050
  470872.19  5892306.39   2.220159   0.000024   0.000166  174.053
  470872.42  5892304.18   2.221114   0.000024   0.000166  174.056
  470872.65  5892301.97   2.222064   0.000023   0.000164  174.059
  470872.88  5892299.76   2.223013   0.000023   0.000161  174.062
  470873.11  5892297.55   2.223963   0.000023   0.000159  174.065
  470873.34  5892295.34   2.224914   0.000022   0.000156  174.068
  470873.57  5892293.13   2.225864   0.000022   0.000154  174.071
  470873.80  5892290.91   2.226815   0.000022   0.000151  174.074
  470874.03  5892288.70   2.227767   0.000021   0.000149  174.076
  470874.26  5892286.48   2.228718   0.000021   0.000146  174.079
  470874.49  5892284.26   2.229671   0.000020   0.000144  174.082
  470874.72  5892282.04   2.230623   0.000020   0.000141  174.084
  470874.95  5892279.82   2.231576   0.000020   0.000139  174.087
  470875.18  5892277.60   2.232529   0.000019   0.000136  174.090
  470875.41  5892275.38   2.233483   0.000019   0.000134  174.092
  470875.64  5892273.16   2.234436   0.000019   0.000132  174.094
  470875.87  5892270.94   2.235391   0.000018   0.000129  174.097
  470876.10  5892268.71   2.236345   0.000018   0.000127  174.099
  470876.33  5892266.49   2.237300   0.000018   0.000124  174.101
  470876.56  5892264.26   2.238255   0.000017   0.000122  174.104
  470876.79  5892262.04   2.239211   0.000017   0.000119  174.106
  470877.02  5892259.81   2.240167   0.000016   0.000117  174.108
  470877.25  5892257.58   2.241123   0.000016   0.000114  174.110
  470877.48  5892255.35   2.242080   0.000016   0.000112  174.112
  470877.71  5892253.12   2.243037   0.000015   0.000109  174.114
  470877.94  5892250.89   2.243994   0.000015   0.000107  174.116
  470878.17  5892248.65   2.244952   0.000015   0.000104  174.118
  470878.40  5892246.42   2.245910   0.000014   0.000102  174.120
  470878.63  5892244.19   2.246868   0.000014   0.000099  174.122
  470878.86  5892241.95   2.247827   0.000014   0.000097  174.124
  470879.09  5892239.71   2.248786   0.000013   0.000094  174.125
  470879.32  5892237.48   2.249746   0.000013   0.000092  174.127
  470879.55  5892235.24   2.250705   0.000012   0.000089  174.129
  470879.78  5892233.00   2.251665   0.000012   0.000087  174.130
  470880.01  5892230.76   2.252626   0.000012   0.000085  174.132
  470880.24  5892228.52   2.253587   0.000011   0.000082  174.133
  470880.47  5892226.28   2.254548   0.000011   0.000080  174.135
  470880.70  5892224.03   2.255509   0.000011   0.000077  174.136
  470880.93  5892221.79   2.256471   0.000010   0.000074  174.138
  470881.16  5892219.54   2.257435   0.000010   0.000071  174.139
  470881.39  5892217.30   2.258399   0.000010   0.000070  174.140
  470881.62  5892215.05   2.259360   0.000010   0.000070  174.142
  470881.85  5892212.80   2.260319   0.000010   0.000070  174.143
  470882.08  5892210.55   2.261275   0.000010   0.000070  174.144
  470882.32  5892208.30   2.262228   0.000010   0.000070  174.145
  470882.55  5892206.05   2.263179   0.000010   0.000070  174.147
  470882.78  5892203.80   2.264127   0.000010   0.000070  174.148
  470883.01  5892201.55   2.265073   0.000010   0.000070  174.149
  470883.24  5892199.29   2.266015   0.000010   0.000070  174.150
  470883.47  5892197.04   2.266955   0.000010   0.000070  174.152
  470883.70  5892194.78   2.267893   0.000010   0.000071  174.153
  470883.93  5892192.53   2.268827   0.000010   0.000071  174.154
  470884.16  5892190.27   2.269759   0.000010   0.000071  174.155
  470884.39  5892188.01   2.270688   0.000010   0.000071  174.157
  470884.62  5892185.75   2.271615   0.000010   0.000071  174.158
  470884.86  5892183.49   2.272539   0.000010   0.000071  174.159
  470885.09  5892181.23   2.273460   0.000010   0.000071  174.160
  470885.32  5892178.97   2.274379   0.000010   0.000071  174.162
  470885.55  5892176.70   2.275295   0.000010   0.000071  174.163
  470885.78  5892174.44   2.276208   0.000010   0.000071  174.164
  470886.01  5892172.18   2.277119   0.000010   0.000071  174.166
  470886.24  5892169.91   2.278027   0.000010   0.000071  174.167
  470886.48  5892167.64   2.278932   0.000010   0.000071  174.168
  470886.71  5892165.38   2.279835   0.000010   0.000071  174.169
  470886.94  5892163.11   2.280734   0.000010   0.000072  174.171
  470887.17  5892160.84   2.281632   0.000010   0.000072  174.172
  470887.40  5892158.57   2.282526   0.000010   0.000072  174.173
  470887.63  5892156.30   2.283418   0.000010   0.000072  174.174
  470887.87  5892154.02   2.284307   0.000010   0.000072  174.176
  470888.10  5892151.75   2.285194   0.000010   0.000072  174.177
  470888.33  5892149.48   2.286078   0.000010   0.000072  174.178
  470888.56  5892147.20   2.286959   0.000010   0.000072  174.180
  470888.79  5892144.93   2.287838   0.000010   0.000072  174.181
  470889.02  5892142.65   2.288713   0.000010   0.000072  174.182
  470889.26  5892140.37   2.289587   0.000010   0.000072  174.183
  470889.49  5892138.09   2.290457   0.000010   0.000072  174.185
  470889.72  5892135.82   2.291325   0.000010   0.000072  174.186
  470889.95  5892133.54   2.292190   0.000010   0.000073  174.187
  470890.19  5892131.25   2.293053   0.000010   0.000073  174.188
  470890.42  5892128.97   2.293912   0.000010   0.000073  174.190
  470890.65  5892126.69   2.294770   0.000010   0.000073  174.191
  470890.88  5892124.41   2.295624   0.000010   0.000073  174.192
  470891.11  5892122.12   2.296476   0.000010   0.000073  174.194
  470891.35  5892119.84   2.297325   0.000010   0.000073  174.195
  470891.58  5892117.55   2.298171   0.000010   0.000073  174.196
  470891.81  5892115.27   2.299015   0.000010   0.000073  174.197
  470892.04  5892112.98   2.299856   0.000010   0.000073  174.199
  470892.28  5892110.69   2.300695   0.000010   0.000073  174.200
  470892.51  5892108.40   2.301531   0.000010   0.000073  174.201
  470892.74  5892106.11   2.302364   0.000010   0.000073  174.203
  470892.97  5892103.82   2.303194   0.000010   0.000074  174.204
  470893.21  5892101.53   2.304022   0.000010   0.000074  174.205
  470893.44  5892099.23   2.304847   0.000010   0.000074  174.207
  470893.67  5892096.94   2.305669   0.000010   0.000074  174.208
  470893.90  5892094.65   2.306489   0.000010   0.000074  174.209
  470894.14  5892092.35   2.307306   0.000010   0.000074  174.210
  470894.37  5892090.06   2.308121   0.000010   0.000074  174.212
  470894.60  5892087.76   2.308932   0.000010   0.000074  174.213
  470894.84  5892085.46   2.309741   0.000010   0.000074  174.214
  470895.07  5892083.16   2.310548   0.000010   0.000074  174.216
  470895.30  5892080.86   2.311352   0.000010   0.000074  174.217
  470895.53  5892078.56   2.312153   0.000010   0.000074  174.218
  470895.77  5892076.26   2.312951   0.000010   0.000074  174.220
  470896.00  5892073.96   2.313747   0.000010   0.000075  174.221
  470896.23  5892071.66   2.314540   0.000010   0.000075  174.222
  470896.47  5892069.36   2.315330   0.000010   0.000075  174.223
  470896.70  5892067.05   2.316118   0.000010   0.000075  174.225
  470896.93  5892064.75   2.316903   0.000010   0.000075  174.226
  470897.16  5892062.44   2.317685   0.000010   0.000075  174.227
  470897.40  5892060.13   2.318465   0.000010   0.000075  174.229
  470897.63  5892057.83   2.319242   0.000010   0.000075  174.230
  470897.86  5892055.52   2.320016   0.000010   0.000075  174.231
  470898.10  5892053.21   2.320788   0.000010   0.000075  174.233
  470898.33  5892050.90   2.321557   0.000010   0.000075  174.234
  470898.56  5892048.59   2.322323   0.000010   0.000075  174.235
  470898.80  5892046.28   2.323086   0.000010   0.000076  174.237
  470899.03  5892043.97   2.323847   0.000010   0.000076  174.238
  470899.26  5892041.66   2.324606   0.000010   0.000076  174.239
  470899.50  5892039.34   2.325361   0.000010   0.000076  174.241
  470899.73  5892037.03   2.326114   0.000010   0.000076  174.242
  470899.96  5892034.71   2.326865   0.000010   0.000076  174.243
  470900.20  5892032.40   2.327612   0.000010   0.000076  174.244
  470900.43  5892030.08   2.328357   0.000010   0.000076  174.246
  470900.66  5892027.77   2.329099   0.000010   0.000076  174.247
  470900.90  5892025.45   2.329839   0.000010   0.000076  174.248
  470901.13  5892023.13   2.330576   0.000010   0.000076  174.250
  470901.36  5892020.81   2.331310   0.000010   0.000076  174.251
  470901.60  5892018.49   2.332042   0.000010   0.000077  174.252
  470901.83  5892016.17   2.332770   0.000010   0.000077  174.254
  470902.06  5892013.85   2.333497   0.000010   0.000077  174.255
  470902.30  5892011.53   2.334220   0.000010   0.000077  174.256
  470902.53  5892009.20   2.334941   0.000010   0.000077  174.258
  470902.77  5892006.88   2.335659   0.000010   0.000077  174.259
  470903.00  5892004.55   2.336375   0.000010   0.000077  174.260
  470903.23  5892002.23   2.337088   0.000010   0.000077  174.262
  470903.47  5891999.90   2.337798   0.000010   0.000077  174.263
  470903.70  5891997.58   2.338505   0.000010   0.000077  174.264
  470903.93  5891995.25   2.339210   0.000010   0.000077  174.266
  470904.17  5891992.92   2.339912   0.000010   0.000077  174.267
  470904.40  5891990.59   2.340612   0.000010   0.000078  174.268
  470904.64  5891988.26   2.341309   0.000010   0.000078  174.270
  470904.87  5891985.93   2.342003   0.000010   0.000078  174.271
  470905.10  5891983.60   2.342694   0.000010   0.000078  174.273
  470905.34  5891981.27   2.343383   0.000010   0.000078  174.274
  470905.57  5891978.94   2.344069   0.000010   0.000078  174.275
  470905.80  5891976.61   2.344753   0.000010   0.000078  174.277
  470906.04  5891974.27   2.345434   0.000010   0.000078  174.278
  470906.27  5891971.94   2.346112   0.000010   0.000078  174.279
  470906.51  5891969.61   2.346787   0.000010   0.000078  174.281
  470906.74  5891967.27   2.347460   0.000010   0.000078  174.282
  470906.97  5891964.93   2.348130   0.000010   0.000079  174.283
  470907.21  5891962.60   2.348797   0.000010   0.000079  174.285
  470907.44  5891960.26   2.349462   0.000010   0.000079  174.286
  470907.67  5891957.92   2.350124   0.000010   0.000079  174.287
  470907.91  5891955.58   2.350784   0.000010   0.000079  174.289
  470908.14  5891953.24   2.351440   0.000010   0.000079  174.290
  470908.38  5891950.90   2.352095   0.000010   0.000079  174.291
  470908.61  5891948.56   2.352746   0.000010   0.000079  174.293
  470908.84  5891946.22   2.353395   0.000010   0.000079  174.294
  470909.08  5891943.88   2.354041   0.000010   0.000079  174.296
  470909.31  5891941.54   2.354684   0.000010   0.000079  174.297
  470909.55  5891939.19   2.355325   0.000010   0.000080  174.298
  470909.78  5891936.85   2.355963   0.000010   0.000080  174.300
  470910.01  5891934.50   2.356598   0.000010   0.000080  174.301
  470910.25  5891932.16   2.357231   0.000010   0.000080  174.302
  470910.48  5891929.81   2.357861   0.000010   0.000080  174.304
  470910.72  5891927.47   2.358488   0.000010   0.000080  174.305
  470910.95  5891925.12   2.359113   0.000010   0.000080  174.307
  470911.18  5891922.77   2.359735   0.000010   0.000080  174.308
  470911.42  5891920.42   2.360354   0.000010   0.000080  174.309
  470911.65  5891918.07   2.360971   0.000010   0.000080  174.311
  470911.89  5891915.72   2.361585   0.000010   0.000080  174.312
  470912.12  5891913.37   2.362196   0.000010   0.000081  174.313
  470912.35  5891911.02   2.362805   0.000010   0.000081  174.315
  470912.59  5891908.67   2.363411   0.000010   0.000081  174.316
  470912.82  5891906.32   2.364014   0.000010   0.000081  174.318
  470913.06  5891903.97   2.364615   0.000010   0.000081  174.319
  470913.29  5891901.61   2.365213   0.000010   0.000081  174.320
  470913.52  5891899.26   2.365808   0.000010   0.000081  174.322
  470913.76  5891896.91   2.366401   0.000010   0.000081  174.323
  470913.99  5891894.55   2.366991   0.000010   0.000081  174.324
  470914.23  5891892.19   2.367578   0.000010   0.000081  174.326
  470914.46  5891889.84   2.368163   0.000010   0.000081  174.327
  470914.69  5891887.48   2.368745   0.000010   0.000082  174.329
  470914.93  5891885.12   2.369324   0.000010   0.000082  174.330
  470915.16  5891882.77   2.369900   0.000010   0.000082  174.331
  470915.40  5891880.41   2.370474   0.000010   0.000082  174.333
  470915.63  5891878.05   2.371046   0.000010   0.000082  174.334
  470915.87  5891875.69   2.371614   0.000010   0.000082  174.336
  470916.10  5891873.33   2.372180   0.000010   0.000082  174.337
  470916.33  5891870.97   2.372743   0.000010   0.000082  174.338
  470916.57  5891868.61   2.373304   0.000010   0.000082  174.340
  470916.80  5891866.24   2.373862   0.000010   0.000082  174.341
  470917.04  5891863.88   2.374417   0.000010   0.000082  174.343
  470917.27  5891861.52   2.374969   0.000010   0.000083  174.344
  470917.50  5891859.15   2.375519   0.000010   0.000083  174.345
  470917.74  5891856.79   2.376067   0.000010   0.000083  174.347
  470917.97  5891854.43   2.376611   0.000010   0.000083  174.348
  470918.21  5891852.06   2.377153   0.000010   0.000083  174.350
  470918.44  5891849.69   2.377692   0.000010   0.000083  174.351
  470918.67  5891847.33   2.378229   0.000010   0.000083  174.353
  470918.91  5891844.96   2.378762   0.000010   0.000083  174.354
  470919.14  5891842.59   2.379294   0.000010   0.000083  174.355
  470919.38  5891840.23   2.379822   0.000010   0.000083  174.357
  470919.61  5891837.86   2.380348   0.000010   0.000084  174.358
  470919.84  5891835.49   2.380871   0.000010   0.000084  174.360
  470920.08  5891833.12   2.381392   0.000010   0.000084  174.361
  470920.31  5891830.75   2.381909   0.000010   0.000084  174.362
  470920.55  5891828.38   2.382425   0.000010   0.000084  174.364
  470920.78  5891826.01   2.382937   0.000010   0.000084  174.365
  470921.01  5891823.63   2.383447   0.000010   0.000084  174.367
  470921.25  5891821.26   2.383954   0.000010   0.000084  174.368
  470921.48  5891818.89   2.384458   0.000010   0.000084  174.370
  470921.71  5891816.52   2.384960   0.000010   0.000084  174.371
  470921.95  5891814.14   2.385459   0.000011   0.000085  174.372
  470922.18  5891811.77   2.385956   0.000011   0.000085  174.374
  470922.42  5891809.39   2.386449   0.000011   0.000085  174.375
  470922.65  5891807.02   2.386941   0.000011   0.000085  174.377
  470922.88  5891804.64   2.387429   0.000011   0.000085  174.378
  470923.12  5891802.27   2.387915   0.000011   0.000085  174.380
  470923.35  5891799.89   2.388398   0.000011   0.000085  174.381
  470923.59  5891797.51   2.388878   0.000011   0.000085  174.383
  470923.82  5891795.14   2.389356   0.000011   0.000085  174.384
  470924.05  5891792.76   2.389831   0.000011   0.000085  174.385
  470924.29  5891790.38   2.390303   0.000011   0.000086  174.387
  470924.52  5891788.00   2.390773   0.000011   0.000086  174.388
  470924.75  5891785.62   2.391240   0.000011   0.000086  174.390
  470924.99  5891783.24   2.391705   0.000011   0.000086  174.391
  470925.22  5891780.86   2.392166   0.000011   0.000086  174.393
  470925.46  5891778.48   2.392625   0.000011   0.000086  174.394
  470925.69  5891776.10   2.393082   0.000011   0.000086  174.396
  470925.92  5891773.72   2.393535   0.000011   0.000086  174.397
  470926.16  5891771.33   2.393986   0.000011   0.000086  174.399
  470926.39  5891768.95   2.394435   0.000011   0.000086  174.400
  470926.62  5891766.57   2.394880   0.000011   0.000087  174.401
  470926.86  5891764.18   2.395323   0.000011   0.000087  174.403
  470927.09  5891761.80   2.395764   0.000011   0.000087  174.404
  470927.32  5891759.41   2.396201   0.000011   0.000087  174.406
  470927.56  5891757.03   2.396636   0.000011   0.000087  174.407
  470927.79  5891754.64   2.397069   0.000011   0.000087  174.409
  470928.03  5891752.26   2.397498   0.000011   0.000087  174.410
  470928.26  5891749.87   2.397925   0.000011   0.000087  174.412
  470928.49  5891747.49   2.398350   0.000011   0.000087  174.413
  470928.73  5891745.10   2.398771   0.000011   0.000087  174.415
  470928.96  5891742.71   2.399190   0.000011   0.000088  174.416
  470929.19  5891740.32   2.399606   0.000011   0.000088  174.418
  470929.43  5891737.93   2.400020   0.000011   0.000088  174.419
  470929.66  5891735.55   2.400431   0.000011   0.000088  174.421
  470929.89  5891733.16   2.400839   0.000011   0.000088  174.422
  470930.13  5891730.77   2.401245   0.000011   0.000088  174.424
  470930.36  5891728.38   2.401648   0.000011   0.000088  174.425
  470930.59  5891725.99   2.402048   0.000011   0.000088  174.427
  470930.83  5891723.59   2.402446   0.000011   0.000088  174.428
  470931.06  5891721.20   2.402841   0.000011   0.000089  174.430
  470931.29  5891718.81   2.403233   0.000011   0.000089  174.431
  470931.53  5891716.42   2.403622   0.000011   0.000089  174.433
  470931.76  5891714.03   2.404009   0.000011   0.000089  174.434
  470931.99  5891711.63   2.404394   0.000011   0.000089  174.436
  470932.22  5891709.24   2.404775   0.000011   0.000089  174.437
  470932.46  5891706.85   2.405154   0.000011   0.000089  174.439
  470932.69  5891704.45   2.405530   0.000011   0.000089  174.440
  470932.92  5891702.06   2.405904   0.000011   0.000089  174.442
  470933.16  5891699.66   2.406275   0.000011   0.000089  174.443
  470933.39  5891697.27   2.406643   0.000011   0.000090  174.445
  470933.62  5891694.87   2.407008   0.000011   0.000090  174.446
  470933.86  5891692.48   2.407371   0.000011   0.000090  174.448
  470934.09  5891690.08   2.407731   0.000011   0.000090  174.449
  470934.32  5891687.68   2.408089   0.000011   0.000090  174.451
  470934.55  5891685.29   2.408444   0.000011   0.000090  174.452
  470934.79  5891682.89   2.408796   0.000011   0.000090  174.454
  470935.02  5891680.49   2.409145   0.000011   0.000090  174.455
  470935.25  5891678.09   2.409492   0.000011   0.000090  174.457
  470935.49  5891675.70   2.409836   0.000011   0.000091  174.458
  470935.72  5891673.30   2.410178   0.000011   0.000091  174.460
  470935.95  5891670.90   2.410517   0.000011   0.000091  174.461
  470936.18  5891668.50   2.410853   0.000011   0.000091  174.463
  470936.42  5891666.10   2.411186   0.000011   0.000091  174.464
  470936.65  5891663.70   2.411517   0.000011   0.000091  174.466
  470936.88  5891661.30   2.411845   0.000011   0.000091  174.467
  470937.11  5891658.90   2.412171   0.000011   0.000091  174.469
  470937.35  5891656.50   2.412494   0.000011   0.000091  174.470
  470937.58  5891654.10   2.412814   0.000011   0.000092  174.472
  470937.81  5891651.69   2.413131   0.000011   0.000092  174.473
  470938.04  5891649.29   2.413446   0.000011   0.000092  174.475
  470938.28  5891646.89   2.413758   0.000011   0.000092  174.477
  470938.51  5891644.49   2.414067   0.000011   0.000092  174.478
  470938.74  5891642.08   2.414374   0.000011   0.000092  174.480
  470938.97  5891639.68   2.414678   0.000011   0.000092  174.481
  470939.20  5891637.28   2.414980   0.000011   0.000092  174.483
  470939.44  5891634.87   2.415278   0.000011   0.000092  174.484
  470939.67  5891632.47   2.415575   0.000011   0.000093  174.486
  470939.90  5891630.06   2.415868   0.000011   0.000093  174.487
  470940.13  5891627.66   2.416159   0.000011   0.000093  174.489
  470940.36  5891625.25   2.416447   0.000011   0.000093  174.490
  470940.60  5891622.85   2.416732   0.000011   0.000093  174.492
  470940.83  5891620.44   2.417015   0.000011   0.000093  174.494
  470941.06  5891618.04   2.417295   0.000011   0.000093  174.495
  470941.29  5891615.63   2.417572   0.000011   0.000093  174.497
  470941.52  5891613.22   2.417847   0.000011   0.000093  174.498
  470941.76  5891610.82   2.418119   0.000011   0.000094  174.500
  470941.99  5891608.41   2.418388   0.000011   0.000094  174.501
  470942.22  5891606.00   2.418655   0.000011   0.000094  174.503
  470942.45  5891603.59   2.418919   0.000011   0.000094  174.505
  470942.68  5891601.19   2.419180   0.000011   0.000094  174.506
  470942.91  5891598.78   2.419439   0.000011   0.000094  174.508
  470943.15  5891596.37   2.419695   0.000011   0.000094  174.509
  470943.38  5891593.96   2.419949   0.000011   0.000094  174.511
  470943.61  5891591.55   2.420199   0.000011   0.000094  174.512
  470943.84  5891589.14   2.420447   0.000011   0.000095  174.514
  470944.07  5891586.73   2.420693   0.000011   0.000095  174.516
  470944.30  5891584.32   2.420935   0.000011   0.000095  174.517
  470944.53  5891581.91   2.421175   0.000011   0.000095  174.519
  470944.76  5891579.50   2.421412   0.000011   0.000095  174.520
  470945.00  5891577.09   2.421647   0.000011   0.000095  174.522
  470945.23  5891574.68   2.421879   0.000011   0.000095  174.524
  470945.46  5891572.27   2.422108   0.000012   0.000095  174.525
  470945.69  5891569.86   2.422335   0.000012   0.000096  174.527
  470945.92  5891567.45   2.422559   0.000012   0.000096  174.528
  470946.15  5891565.04   2.422780   0.000012   0.000096  174.530
  470946.38  5891562.63   2.422999   0.000012   0.000096  174.532
  470946.61  5891560.21   2.423215   0.000012   0.000096  174.533
  470946.84  5891557.80   2.423428   0.000012   0.000096  174.535
  470947.07  5891555.39   2.423639   0.000012   0.000096  174.536
  470947.31  5891552.98   2.423847   0.000012   0.000096  174.538
  470947.54  5891550.56   2.424052   0.000012   0.000096  174.540
  470947.77  5891548.15   2.424254   0.000012   0.000097  174.541
  470948.00  5891545.74   2.424454   0.000012   0.000097  174.543
  470948.23  5891543.32   2.424652   0.000012   0.000097  174.544
  470948.46  5891540.91   2.424846   0.000012   0.000097  174.546
  470948.69  5891538.49   2.425038   0.000012   0.000097  174.548
  470948.92  5891536.08   2.425227   0.000012   0.000097  174.549
  470949.15  5891533.67   2.425414   0.000012   0.000097  174.551
  470949.38  5891531.25   2.425598   0.000012   0.000097  174.553
  470949.61  5891528.84   2.425779   0.000012   0.000098  174.554
  470949.84  5891526.42   2.425958   0.000012   0.000098  174.556
  470950.07  5891524.01   2.426133   0.000012   0.000098  174.557
  470950.30  5891521.59   2.426307   0.000012   0.000098  174.559
  470950.53  5891519.18   2.426477   0.000012   0.000098  174.561
  470950.76  5891516.76   2.426645   0.000012   0.000098  174.562
  470950.99  5891514.34   2.426810   0.000012   0.000098  174.564
  470951.22  5891511.93   2.426973   0.000012   0.000098  174.566
  470951.45  5891509.51   2.427133   0.000012   0.000099  174.567
  470951.68  5891507.10   2.427290   0.000012   0.000099  174.569
  470951.91  5891504.68   2.427444   0.000012   0.000099  174.571
  470952.14  5891502.26   2.427596   0.000012   0.000099  174.572
  470952.37  5891499.85   2.427745   0.000012   0.000099  174.574
  470952.60  5891497.43   2.427892   0.000012   0.000099  174.575
  470952.83  5891495.01   2.428036   0.000012   0.000099  174.577
  470953.06  5891492.60   2.428177   0.000012   0.000099  174.579
  470953.29  5891490.18   2.428315   0.000012   0.000100  174.580
  470953.51  5891487.76   2.428451   0.000012   0.000100  174.582
  470953.74  5891485.34   2.428584   0.000012   0.000100  174.584
  470953.97  5891482.92   2.428715   0.000012   0.000100  174.585
  470954.20  5891480.51   2.428842   0.000012   0.000100  174.587
  470954.43  5891478.09   2.428968   0.000012   0.000100  174.589
  470954.66  5891475.67   2.429090   0.000012   0.000100  174.590
  470954.89  5891473.25   2.429210   0.000012   0.000100  174.592
  470955.12  5891470.83   2.429327   0.000012   0.000101  174.594
  470955.35  5891468.41   2.429441   0.000012   0.000101  174.595
  470955.58  5891466.00   2.429553   0.000012   0.000102  174.597
  470955.80  5891463.58   2.429662   0.000012   0.000102  174.599
  470956.03  5891461.16   2.429769   0.000012   0.000101  174.601
  470956.26  5891458.74   2.429873   0.000012   0.000098  174.602
  470956.49  5891456.32   2.429973   0.000011   0.000096  174.604
  470956.72  5891453.90   2.430071   0.000011   0.000093  174.605
  470956.95  5891451.48   2.430167   0.000011   0.000090  174.607
  470957.18  5891449.06   2.430259   0.000010   0.000087  174.609
  470957.40  5891446.64   2.430348   0.000010   0.000085  174.610
  470957.63  5891444.22   2.430435   0.000010   0.000082  174.611
  470957.86  5891441.80   2.430519   0.000009   0.000079  174.613
  470958.09  5891439.38   2.430600   0.000009   0.000076  174.614
  470958.32  5891436.96   2.430678   0.000009   0.000074  174.615
  470958.54  5891434.54   2.430753   0.000008   0.000071  174.617
  470958.77  5891432.12   2.430826   0.000008   0.000068  174.618
  470959.00  5891429.70   2.430895   0.000008   0.000066  174.619
  470959.23  5891427.28   2.430962   0.000008   0.000063  174.620
  470959.46  5891424.86   2.431026   0.000007   0.000060  174.621
  470959.68  5891422.44   2.431087   0.000007   0.000057  174.622
  470959.91  5891420.02   2.431145   0.000007   0.000055  174.623
  470960.14  5891417.60   2.431201   0.000006   0.000052  174.624
  470960.37  5891415.18   2.431253   0.000006   0.000049  174.625
  470960.60  5891412.76   2.431303   0.000006   0.000046  174.626
  470960.82  5891410.34   2.431350   0.000005   0.000044  174.626
  470961.05  5891407.92   2.431394   0.000005   0.000041  174.627
  470961.28  5891405.50   2.431435   0.000005   0.000038  174.628
  470961.51  5891403.08   2.431474   0.000004   0.000035  174.628
  470961.73  5891400.66   2.431509   0.000004   0.000033  174.629
  470961.96  5891398.24   2.431542   0.000004   0.000030  174.630
  470962.19  5891395.82   2.431572   0.000003   0.000027  174.630
  470962.42  5891393.39   2.431599   0.000003   0.000025  174.631
  470962.64  5891390.97   2.431623   0.000003   0.000022  174.631
  470962.87  5891388.55   2.431644   0.000002   0.000019  174.631
  470963.10  5891386.13   2.431663   0.000002   0.000016  174.632
  470963.33  5891383.71   2.431678   0.000002   0.000014  174.632
  470963.55  5891381.29   2.431691   0.000001   0.000011  174.632
  470963.78  5891378.87   2.431701   0.000001   0.000008  174.632
  470964.01  5891376.45   2.431708   0.000001   0.000005  174.632
  470964.24  5891374.03   2.431711   0.000000   0.000003  174.633
