  473261.00  5895153.50   0.007295   0.017381   0.000001    0.000
  473261.01  5895153.51   0.007395   0.033474   0.000003   38.489
  473261.01  5895153.51   0.007594   0.062447   0.000005   38.475
  473261.01  5895153.52   0.007790   0.087973   0.000008   38.448
  473261.02  5895153.52   0.007981   0.110519   0.000010   38.409
  473261.02  5895153.53   0.008169   0.130550   0.000012   38.358
  473261.03  5895153.54   0.008354   0.148444   0.000015   38.297
  473261.04  5895153.54   0.008535   0.164526   0.000017   38.226
  473261.04  5895153.55   0.008712   0.179065   0.000019   38.146
  473261.05  5895153.56   0.008885   0.192286   0.000021   38.056
  473261.05  5895153.56   0.009055   0.204377   0.000024   37.958
  473261.06  5895153.57   0.009222   0.215503   0.000026   37.852
  473261.06  5895153.58   0.009385   0.225800   0.000028   37.738
  473261.07  5895153.59   0.009544   0.235388   0.000030   37.617
  473261.07  5895153.59   0.009700   0.244368   0.000033   37.488
  473261.08  5895153.60   0.009852   0.252827   0.000035   37.352
  473261.09  5895153.61   0.010001   0.260843   0.000037   37.210
  473261.09  5895153.62   0.010146   0.268486   0.000039   37.060
  473261.10  5895153.63   0.010288   0.275811   0.000041   36.904
  473261.10  5895153.63   0.010426   0.282868   0.000043   36.741
  473261.11  5895153.64   0.010561   0.289704   0.000046   36.572
  473261.12  5895153.65   0.010692   0.296360   0.000048   36.397
  473261.12  5895153.66   0.010820   0.302872   0.000050   36.216
  473261.13  5895153.67   0.010945   0.309271   0.000052   36.028
  473261.14  5895153.68   0.011066   0.315586   0.000055   35.834
  473261.14  5895153.69   0.011183   0.321844   0.000057   35.634
  473261.15  5895153.70   0.011297   0.328069   0.000059   35.428
  473261.16  5895153.71   0.011408   0.334280   0.000062   35.215
  473261.16  5895153.71   0.011516   0.340499   0.000064   34.997
  473261.17  5895153.72   0.011620   0.346744   0.000066   34.772
  473261.18  5895153.73   0.011721   0.353031   0.000069   34.541
  473261.18  5895153.74   0.011819   0.359377   0.000071   34.304
  473261.19  5895153.75   0.011913   0.365796   0.000073   34.061
  473261.20  5895153.76   0.012004   0.372302   0.000076   33.811
  473261.20  5895153.77   0.012092   0.378908   0.000078   33.555
  473261.21  5895153.78   0.012177   0.387953   0.000081   33.292
  473261.22  5895153.79   0.012258   0.397056   0.000084   33.023
  473261.22  5895153.80   0.012336   0.399425   0.000086   32.741
  473261.23  5895153.81   0.012412   0.397559   0.000087   32.459
  473261.24  5895153.82   0.012485   0.396045   0.000087   32.176
  473261.24  5895153.84   0.012555   0.394868   0.000088   31.893
  473261.25  5895153.85   0.012623   0.394021   0.000089   31.609
  473261.26  5895153.86   0.012688   0.393493   0.000090   31.324
  473261.26  5895153.87   0.012750   0.393273   0.000090   31.038
  473261.27  5895153.88   0.012810   0.393355   0.000091   30.751
  473261.27  5895153.89   0.012868   0.393732   0.000092   30.462
  473261.28  5895153.90   0.012923   0.394397   0.000093   30.172
  473261.29  5895153.91   0.012975   0.395346   0.000094   29.880
  473261.29  5895153.92   0.013025   0.396573   0.000095   29.586
  473261.30  5895153.93   0.013072   0.398076   0.000096   29.290
  473261.31  5895153.95   0.013117   0.399851   0.000097   28.992
  473261.31  5895153.96   0.013159   0.401897   0.000098   28.691
  473261.32  5895153.97   0.013199   0.404212   0.000100   28.388
  473261.33  5895153.98   0.013236   0.406795   0.000101   28.082
  473261.33  5895153.99   0.013271   0.409645   0.000102   27.774
  473261.34  5895154.00   0.013304   0.412764   0.000103   27.462
  473261.34  5895154.02   0.013334   0.416150   0.000105   27.148
  473261.35  5895154.03   0.013361   0.419807   0.000106   26.830
  473261.36  5895154.04   0.013386   0.423736   0.000107   26.508
  473261.36  5895154.05   0.013409   0.427940   0.000109   26.183
  473261.37  5895154.06   0.013430   0.432420   0.000110   25.855
  473261.37  5895154.08   0.013448   0.437181   0.000112   25.522
  473261.38  5895154.09   0.013464   0.442227   0.000113   25.185
  473261.39  5895154.10   0.013477   0.447561   0.000115   24.844
  473261.39  5895154.11   0.013488   0.453188   0.000117   24.498
  473261.40  5895154.13   0.013497   0.459115   0.000118   24.148
  473261.40  5895154.14   0.013504   0.465347   0.000120   23.793
  473261.41  5895154.15   0.013508   0.471889   0.000122   23.433
  473261.41  5895154.16   0.013511   0.478748   0.000124   23.068
  473261.42  5895154.18   0.013511   0.485933   0.000125   22.697
  473261.42  5895154.19   0.013509   0.493449   0.000127   22.321
  473261.43  5895154.20   0.013505   0.501305   0.000129   21.939
  473261.43  5895154.21   0.013498   0.509509   0.000131   21.551
  473261.44  5895154.23   0.013490   0.518072   0.000133   21.157
  473261.44  5895154.24   0.013480   0.527002   0.000135   20.757
  473261.45  5895154.25   0.013467   0.536308   0.000138   20.350
  473261.45  5895154.26   0.013453   0.545549   0.000140   19.936
  473261.46  5895154.28   0.013436   0.555239   0.000142   19.515
  473261.46  5895154.29   0.013418   0.566662   0.000144   19.088
  473261.46  5895154.30   0.013398   0.579252   0.000147   18.653
  473261.47  5895154.31   0.013378   0.592127   0.000150   18.208
  473261.47  5895154.33   0.013356   0.605293   0.000153   17.754
  473261.48  5895154.34   0.013334   0.618752   0.000156   17.291
  473261.48  5895154.35   0.013311   0.632506   0.000158   16.818
  473261.48  5895154.37   0.013288   0.646560   0.000161   16.336
  473261.49  5895154.38   0.013263   0.660914   0.000164   15.844
  473261.49  5895154.39   0.013238   0.675570   0.000167   15.341
  473261.50  5895154.40   0.013213   0.690529   0.000170   14.829
  473261.50  5895154.42   0.013187   0.705790   0.000174   14.306
  473261.50  5895154.43   0.013160   0.721351   0.000177   13.773
  473261.50  5895154.44   0.013134   0.737211   0.000180   13.229
  473261.51  5895154.45   0.013106   0.753368   0.000183   12.674
  473261.51  5895154.47   0.013079   0.769815   0.000186   12.108
  473261.51  5895154.48   0.013051   0.786547   0.000189   11.532
  473261.52  5895154.49   0.013024   0.805665   0.000193   10.943
  473261.52  5895154.51   0.012996   0.825010   0.000197   10.344
  473261.52  5895154.52   0.012969   0.838297   0.000199    9.726
  473261.52  5895154.53   0.012941   0.847727   0.000201    9.103
  473261.52  5895154.54   0.012912   0.857512   0.000202    8.475
  473261.53  5895154.56   0.012883   0.867655   0.000204    7.841
  473261.53  5895154.57   0.012853   0.878158   0.000205    7.200
  473261.53  5895154.58   0.012823   0.889022   0.000207    6.553
  473261.53  5895154.60   0.012792   0.900248   0.000208    5.900
  473261.53  5895154.61   0.012761   0.911838   0.000210    5.240
  473261.53  5895154.62   0.012730   0.923791   0.000212    4.574
  473261.53  5895154.63   0.012698   0.936108   0.000213    3.900
  473261.53  5895154.65   0.012666   0.948787   0.000215    3.219
  473261.53  5895154.66   0.012633   0.961827   0.000217    2.530
  473261.53  5895154.67   0.012601   0.975224   0.000219    1.834
  473261.53  5895154.68   0.012568   0.988976   0.000221    1.130
  473261.53  5895154.70   0.012535   1.003078   0.000223    0.418
  473261.53  5895154.71   0.012502   1.017526   0.000225   -0.302
  473261.53  5895154.72   0.012469   1.032312   0.000227   -1.031
  473261.53  5895154.73   0.012436   1.047429   0.000229   -1.769
  473261.53  5895154.75   0.012403   1.062867   0.000231   -2.515
  473261.53  5895154.76   0.012370   1.078617   0.000233   -3.270
  473261.53  5895154.77   0.012338   1.094666   0.000236   -4.035
  473261.53  5895154.78   0.012306   1.111000   0.000238   -4.809
  473261.53  5895154.80   0.012274   1.127605   0.000240   -5.592
  473261.53  5895154.81   0.012243   1.144461   0.000243   -6.385
  473261.53  5895154.82   0.012212   1.161552   0.000245   -7.188
  473261.53  5895154.83   0.012181   1.178854   0.000247   -8.001
  473261.52  5895154.84   0.012152   1.196345   0.000250   -8.823
  473261.52  5895154.86   0.012123   1.213999   0.000252   -9.656
  473261.52  5895154.87   0.012095   1.231787   0.000255  -10.499
  473261.52  5895154.88   0.012067   1.249680   0.000257  -11.353
  473261.51  5895154.89   0.012041   1.267645   0.000260  -12.217
  473261.51  5895154.90   0.012016   1.285645   0.000263  -13.092
  473261.51  5895154.91   0.011991   1.303643   0.000265  -13.977
  473261.51  5895154.93   0.011968   1.321598   0.000268  -14.872
  473261.50  5895154.94   0.011947   1.339468   0.000270  -15.779
  473261.50  5895154.95   0.011926   1.357207   0.000273  -16.695
  473261.50  5895154.96   0.011908   1.374767   0.000276  -17.623
  473261.49  5895154.97   0.011890   1.393489   0.000279  -18.561
  473261.49  5895154.98   0.011875   1.411825   0.000282  -19.509
  473261.48  5895154.99   0.011861   1.425700   0.000284  -20.472
  473261.48  5895155.01   0.011849   1.436714   0.000285  -21.440
  473261.47  5895155.02   0.011838   1.447593   0.000287  -22.416
  473261.47  5895155.03   0.011828   1.458308   0.000289  -23.398
  473261.46  5895155.04   0.011820   1.468825   0.000290  -24.386
  473261.46  5895155.05   0.011812   1.479110   0.000292  -25.381
  473261.45  5895155.06   0.011807   1.489132   0.000294  -26.382
  473261.45  5895155.07   0.011803   1.498855   0.000295  -27.389
  473261.44  5895155.08   0.011800   1.508242   0.000297  -28.403
  473261.44  5895155.09   0.011800   1.517258   0.000299  -29.422
  473261.43  5895155.10   0.011801   1.525866   0.000300  -30.448
  473261.43  5895155.11   0.011803   1.534027   0.000302  -31.480
  473261.42  5895155.12   0.011808   1.541705   0.000304  -32.517
  473261.41  5895155.13   0.011815   1.548862   0.000306  -33.560
  473261.41  5895155.14   0.011823   1.555460   0.000308  -34.608
  473261.40  5895155.15   0.011834   1.561464   0.000309  -35.662
  473261.39  5895155.16   0.011847   1.566836   0.000311  -36.721
  473261.38  5895155.17   0.011862   1.571541   0.000313  -37.784
  473261.38  5895155.18   0.011879   1.575545   0.000314  -38.852
  473261.37  5895155.19   0.011899   1.578816   0.000316  -39.925
  473261.36  5895155.20   0.011921   1.582681   0.000318  -41.001
  473261.35  5895155.20   0.011945   1.586099   0.000320  -42.081
  473261.35  5895155.21   0.011971   1.584392   0.000321  -43.168
  473261.34  5895155.22   0.012001   1.578119   0.000321  -44.255
  473261.33  5895155.23   0.012037   1.570140   0.000322  -45.340
  473261.32  5895155.24   0.012076   1.560490   0.000322  -46.423
  473261.31  5895155.25   0.012120   1.549212   0.000322  -47.503
  473261.30  5895155.25   0.012169   1.536364   0.000322  -48.579
  473261.29  5895155.26   0.012221   1.522008   0.000321  -49.650
  473261.28  5895155.27   0.012279   1.506213   0.000321  -50.715
  473261.27  5895155.28   0.012341   1.489049   0.000321  -51.775
  473261.26  5895155.29   0.012407   1.470599   0.000320  -52.828
  473261.25  5895155.29   0.012477   1.450951   0.000319  -53.873
  473261.24  5895155.30   0.012552   1.430188   0.000319  -54.911
  473261.23  5895155.31   0.012632   1.408400   0.000318  -55.939
  473261.22  5895155.31   0.012715   1.385681   0.000317  -56.958
  473261.21  5895155.32   0.012803   1.362124   0.000316  -57.968
  473261.20  5895155.33   0.012895   1.337821   0.000315  -58.967
  473261.19  5895155.33   0.012992   1.312865   0.000313  -59.956
  473261.18  5895155.34   0.013092   1.287607   0.000312  -60.933
  473261.17  5895155.35   0.013196   1.261905   0.000311  -61.898
  473261.15  5895155.35   0.013305   1.235025   0.000309  -62.853
  473261.14  5895155.36   0.013418   1.207263   0.000307  -63.794
  473261.13  5895155.36   0.013535   1.179236   0.000305  -64.723
  473261.12  5895155.37   0.013656   1.151027   0.000304  -65.637
  473261.11  5895155.38   0.013781   1.122722   0.000302  -66.538
  473261.09  5895155.38   0.013910   1.094399   0.000299  -67.424
  473261.08  5895155.39   0.014043   1.066131   0.000297  -68.296
  473261.07  5895155.39   0.014180   1.037986   0.000295  -69.154
  473261.05  5895155.40   0.014321   1.010029   0.000293  -69.997
  473261.04  5895155.40   0.014465   0.982315   0.000291  -70.826
  473261.03  5895155.41   0.014613   0.954894   0.000288  -71.640
  473261.01  5895155.41   0.014765   0.927815   0.000286  -72.440
  473261.00  5895155.41   0.014920   0.901120   0.000284  -73.225
  473260.98  5895155.42   0.015079   0.874846   0.000281  -73.995
  473260.97  5895155.42   0.015241   0.849025   0.000279  -74.751
  473260.95  5895155.43   0.015407   0.823685   0.000276  -75.492
  473260.94  5895155.43   0.015575   0.798849   0.000274  -76.219
  473260.92  5895155.43   0.015747   0.774537   0.000272  -76.932
  473260.91  5895155.44   0.015922   0.750767   0.000269  -77.631
  473260.89  5895155.44   0.016100   0.727551   0.000267  -78.316
  473260.88  5895155.44   0.016282   0.705194   0.000264  -78.987
  473260.86  5895155.45   0.016466   0.683381   0.000262  -79.645
  473260.84  5895155.45   0.016653   0.661285   0.000259  -80.290
  473260.83  5895155.45   0.016843   0.639271   0.000256  -80.921
  473260.81  5895155.45   0.017035   0.617912   0.000254  -81.538
  473260.79  5895155.46   0.017230   0.597202   0.000251  -82.141
  473260.78  5895155.46   0.017427   0.577133   0.000248  -82.731
  473260.76  5895155.46   0.017627   0.557697   0.000245  -83.307
  473260.74  5895155.46   0.017830   0.538885   0.000242  -83.870
  473260.72  5895155.46   0.018035   0.520685   0.000239  -84.421
  473260.71  5895155.47   0.018242   0.503083   0.000237  -84.959
  473260.69  5895155.47   0.018451   0.486069   0.000234  -85.485
  473260.67  5895155.47   0.018662   0.469628   0.000231  -85.999
  473260.65  5895155.47   0.018876   0.453744   0.000229  -86.501
  473260.63  5895155.47   0.019092   0.438405   0.000226  -86.991
  473260.61  5895155.47   0.019309   0.423597   0.000223  -87.471
  473260.59  5895155.47   0.019529   0.409303   0.000221  -87.940
  473260.57  5895155.47   0.019751   0.395508   0.000218  -88.398
  473260.55  5895155.47   0.019974   0.382198   0.000216  -88.845
  473260.53  5895155.47   0.020199   0.369358   0.000213  -89.283
  473260.51  5895155.47   0.020427   0.356972   0.000211  -89.710
  473260.49  5895155.47   0.020656   0.345027   0.000208  -90.128
  473260.47  5895155.47   0.020886   0.333507   0.000206  -90.536
  473260.45  5895155.47   0.021119   0.322398   0.000203  -90.935
  473260.43  5895155.47   0.021353   0.311688   0.000201  -91.326
  473260.41  5895155.47   0.021589   0.301360   0.000199  -91.707
  473260.39  5895155.47   0.021826   0.291402   0.000196  -92.080
  473260.36  5895155.47   0.022065   0.281802   0.000194  -92.444
  473260.34  5895155.47   0.022306   0.272546   0.000192  -92.800
  473260.32  5895155.47   0.022548   0.263622   0.000190  -93.149
  473260.30  5895155.47   0.022791   0.255017   0.000187  -93.489
  473260.27  5895155.46   0.023036   0.246721   0.000185  -93.822
  473260.25  5895155.46   0.023282   0.238723   0.000183  -94.148
  473260.23  5895155.46   0.023530   0.231009   0.000181  -94.466
  473260.20  5895155.46   0.023779   0.223571   0.000179  -94.778
  473260.18  5895155.46   0.024030   0.216660   0.000177  -95.082
  473260.16  5895155.45   0.024282   0.209987   0.000175  -95.380
  473260.13  5895155.45   0.024535   0.202795   0.000173  -95.673
  473260.11  5895155.45   0.024789   0.195382   0.000170  -95.958
  473260.08  5895155.45   0.025045   0.188249   0.000167  -96.236
  473260.06  5895155.44   0.025302   0.181383   0.000164  -96.506
  473260.03  5895155.44   0.025559   0.174775   0.000161  -96.769
  473260.01  5895155.44   0.025818   0.168415   0.000159  -97.025
  473259.98  5895155.43   0.026078   0.162292   0.000156  -97.274
  473259.95  5895155.43   0.026340   0.156398   0.000153  -97.517
  473259.93  5895155.43   0.026602   0.150723   0.000151  -97.753
  473259.90  5895155.42   0.026865   0.145258   0.000148  -97.982
  473259.88  5895155.42   0.027129   0.139995   0.000146  -98.206
  473259.85  5895155.42   0.027394   0.134926   0.000143  -98.423
  473259.82  5895155.41   0.027660   0.130044   0.000141  -98.635
  473259.79  5895155.41   0.027927   0.125340   0.000138  -98.841
  473259.77  5895155.40   0.028195   0.120809   0.000136  -99.042
  473259.74  5895155.40   0.028464   0.116442   0.000133  -99.237
  473259.71  5895155.39   0.028733   0.112234   0.000131  -99.427
  473259.68  5895155.39   0.029004   0.108179   0.000129  -99.612
  473259.65  5895155.38   0.029275   0.104269   0.000126  -99.792
  473259.62  5895155.38   0.029547   0.100499   0.000124  -99.966
  473259.59  5895155.37   0.029820   0.096865   0.000122 -100.137
  473259.57  5895155.37   0.030094   0.093361   0.000120 -100.302
  473259.54  5895155.36   0.030369   0.089980   0.000117 -100.463
  473259.51  5895155.36   0.030644   0.086720   0.000115 -100.620
  473259.48  5895155.35   0.030920   0.083575   0.000113 -100.772
  473259.44  5895155.35   0.031197   0.080540   0.000111 -100.920
  473259.41  5895155.34   0.031474   0.077611   0.000109 -101.064
  473259.38  5895155.33   0.031753   0.074785   0.000107 -101.204
  473259.35  5895155.33   0.032032   0.072057   0.000105 -101.340
  473259.32  5895155.32   0.032311   0.069424   0.000103 -101.472
  473259.29  5895155.31   0.032592   0.066881   0.000100 -101.601
  473259.26  5895155.31   0.032873   0.064426   0.000098 -101.726
  473259.22  5895155.30   0.033154   0.062055   0.000096 -101.847
  473259.19  5895155.29   0.033437   0.059765   0.000094 -101.965
  473259.16  5895155.29   0.033720   0.057553   0.000093 -102.079
  473259.13  5895155.28   0.034003   0.055416   0.000091 -102.191
  473259.09  5895155.27   0.034288   0.053351   0.000089 -102.298
  473259.06  5895155.27   0.034573   0.051233   0.000087 -102.403
  473259.02  5895155.26   0.034860   0.049179   0.000085 -102.505
  473258.99  5895155.25   0.035148   0.047556   0.000083 -102.603
  473258.96  5895155.24   0.035433   0.046239   0.000082 -102.699
  473258.92  5895155.23   0.035715   0.044982   0.000081 -102.792
  473258.89  5895155.23   0.035993   0.043783   0.000080 -102.884
  473258.85  5895155.22   0.036267   0.042638   0.000079 -102.975
  473258.82  5895155.21   0.036539   0.041543   0.000078 -103.063
  473258.78  5895155.20   0.036806   0.040497   0.000078 -103.150
  473258.74  5895155.19   0.037071   0.039496   0.000077 -103.236
  473258.71  5895155.18   0.037332   0.038539   0.000076 -103.320
  473258.67  5895155.18   0.037589   0.037623   0.000075 -103.402
  473258.63  5895155.17   0.037844   0.036746   0.000074 -103.483
  473258.60  5895155.16   0.038094   0.035906   0.000074 -103.563
  473258.56  5895155.15   0.038342   0.035102   0.000073 -103.641
  473258.52  5895155.14   0.038586   0.034330   0.000072 -103.718
  473258.49  5895155.13   0.038826   0.033591   0.000072 -103.794
  473258.45  5895155.12   0.039063   0.032882   0.000071 -103.869
  473258.41  5895155.11   0.039297   0.032202   0.000070 -103.942
  473258.37  5895155.10   0.039527   0.031550   0.000070 -104.015
  473258.33  5895155.09   0.039754   0.030923   0.000069 -104.086
  473258.29  5895155.08   0.039977   0.030322   0.000069 -104.157
  473258.26  5895155.07   0.040197   0.029746   0.000068 -104.226
  473258.22  5895155.06   0.040414   0.029191   0.000067 -104.295
  473258.18  5895155.05   0.040627   0.028659   0.000067 -104.362
  473258.14  5895155.04   0.040836   0.028148   0.000066 -104.429
  473258.10  5895155.03   0.041042   0.027657   0.000066 -104.495
  473258.06  5895155.02   0.041245   0.027185   0.000065 -104.560
  473258.02  5895155.01   0.041444   0.026785   0.000065 -104.624
  473257.98  5895155.00   0.041640   0.026403   0.000065 -104.688
  473257.94  5895154.99   0.041831   0.025878   0.000064 -104.751
  473257.90  5895154.98   0.042021   0.025263   0.000063 -104.813
  473257.86  5895154.97   0.042209   0.024665   0.000062 -104.874
  473257.82  5895154.96   0.042395   0.024083   0.000061 -104.933
  473257.77  5895154.95   0.042579   0.023517   0.000060 -104.992
  473257.73  5895154.94   0.042760   0.022966   0.000059 -105.049
  473257.69  5895154.93   0.042941   0.022429   0.000058 -105.106
  473257.65  5895154.91   0.043119   0.021906   0.000058 -105.161
  473257.61  5895154.90   0.043295   0.021396   0.000057 -105.215
  473257.57  5895154.89   0.043469   0.020900   0.000056 -105.268
  473257.53  5895154.88   0.043641   0.020416   0.000055 -105.320
  473257.48  5895154.87   0.043811   0.019944   0.000054 -105.371
  473257.44  5895154.86   0.043980   0.019484   0.000053 -105.421
  473257.40  5895154.84   0.044146   0.019036   0.000052 -105.470
  473257.36  5895154.83   0.044310   0.018598   0.000052 -105.518
  473257.31  5895154.82   0.044473   0.018170   0.000051 -105.566
  473257.27  5895154.81   0.044633   0.017753   0.000050 -105.612
  473257.23  5895154.80   0.044792   0.017346   0.000049 -105.657
  473257.18  5895154.79   0.044948   0.016948   0.000048 -105.702
  473257.14  5895154.77   0.045103   0.016559   0.000048 -105.746
  473257.10  5895154.76   0.045255   0.016180   0.000047 -105.788
  473257.05  5895154.75   0.045406   0.015808   0.000046 -105.830
  473257.01  5895154.74   0.045555   0.015445   0.000045 -105.871
  473256.97  5895154.72   0.045701   0.015090   0.000045 -105.912
  473256.92  5895154.71   0.045846   0.014743   0.000044 -105.951
  473256.88  5895154.70   0.045989   0.014404   0.000043 -105.990
  473256.83  5895154.69   0.046129   0.014071   0.000042 -106.028
  473256.79  5895154.67   0.046268   0.013746   0.000042 -106.065
  473256.74  5895154.66   0.046405   0.013427   0.000041 -106.102
  473256.70  5895154.65   0.046540   0.013115   0.000040 -106.137
  473256.65  5895154.63   0.046672   0.012809   0.000039 -106.172
  473256.61  5895154.62   0.046803   0.012510   0.000039 -106.206
  473256.56  5895154.61   0.046932   0.012216   0.000038 -106.240
  473256.52  5895154.59   0.047059   0.011928   0.000037 -106.273
  473256.47  5895154.58   0.047184   0.011646   0.000037 -106.305
  473256.43  5895154.57   0.047307   0.011369   0.000036 -106.336
  473256.38  5895154.55   0.047428   0.011097   0.000035 -106.367
  473256.34  5895154.54   0.047547   0.010831   0.000035 -106.397
  473256.29  5895154.53   0.047664   0.010569   0.000034 -106.427
  473256.25  5895154.51   0.047779   0.010312   0.000033 -106.456
  473256.20  5895154.50   0.047892   0.010059   0.000033 -106.484
  473256.15  5895154.49   0.048003   0.009812   0.000032 -106.512
  473256.11  5895154.47   0.048112   0.009568   0.000031 -106.539
  473256.06  5895154.46   0.048219   0.009328   0.000031 -106.565
  473256.02  5895154.45   0.048324   0.009093   0.000030 -106.591
  473255.97  5895154.43   0.048427   0.008861   0.000029 -106.616
  473255.92  5895154.42   0.048528   0.008633   0.000029 -106.641
  473255.88  5895154.40   0.048627   0.008409   0.000028 -106.665
  473255.83  5895154.39   0.048724   0.008188   0.000027 -106.688
  473255.78  5895154.38   0.048819   0.007971   0.000027 -106.711
  473255.74  5895154.36   0.048912   0.007757   0.000026 -106.733
  473255.69  5895154.35   0.049003   0.007546   0.000026 -106.755
  473255.64  5895154.33   0.049092   0.007338   0.000025 -106.776
  473255.60  5895154.32   0.049179   0.007133   0.000024 -106.797
  473255.55  5895154.31   0.049264   0.006931   0.000024 -106.817
  473255.50  5895154.29   0.049347   0.006732   0.000023 -106.836
  473255.45  5895154.28   0.049428   0.006536   0.000023 -106.855
  473255.41  5895154.26   0.049508   0.006342   0.000022 -106.874
  473255.36  5895154.25   0.049585   0.006151   0.000021 -106.892
  473255.31  5895154.23   0.049660   0.005961   0.000021 -106.909
  473255.26  5895154.22   0.049733   0.005775   0.000020 -106.926
  473255.22  5895154.20   0.049804   0.005590   0.000020 -106.943
  473255.17  5895154.19   0.049873   0.005408   0.000019 -106.959
  473255.12  5895154.18   0.049940   0.005228   0.000018 -106.974
  473255.07  5895154.16   0.050005   0.005050   0.000018 -106.989
  473255.03  5895154.15   0.050068   0.004874   0.000017 -107.004
  473254.98  5895154.13   0.050129   0.004699   0.000017 -107.018
  473254.93  5895154.12   0.050189   0.004526   0.000016 -107.031
  473254.88  5895154.10   0.050246   0.004355   0.000016 -107.044
  473254.83  5895154.09   0.050301   0.004186   0.000015 -107.057
  473254.79  5895154.07   0.050354   0.004018   0.000014 -107.069
  473254.74  5895154.06   0.050405   0.003852   0.000014 -107.080
  473254.69  5895154.04   0.050454   0.003687   0.000013 -107.091
  473254.64  5895154.03   0.050501   0.003524   0.000013 -107.102
  473254.59  5895154.01   0.050546   0.003361   0.000012 -107.112
  473254.54  5895154.00   0.050589   0.003200   0.000012 -107.122
  473254.50  5895153.98   0.050630   0.003041   0.000011 -107.131
  473254.45  5895153.97   0.050669   0.002882   0.000010 -107.140
  473254.40  5895153.95   0.050707   0.002724   0.000010 -107.148
  473254.35  5895153.94   0.050742   0.002568   0.000009 -107.156
  473254.30  5895153.92   0.050775   0.002412   0.000009 -107.164
  473254.25  5895153.91   0.050806   0.002257   0.000008 -107.171
  473254.21  5895153.89   0.050835   0.002103   0.000008 -107.177
  473254.16  5895153.88   0.050862   0.001950   0.000007 -107.184
  473254.11  5895153.86   0.050887   0.001797   0.000007 -107.189
  473254.06  5895153.85   0.050910   0.001645   0.000006 -107.194
  473254.01  5895153.83   0.050931   0.001494   0.000005 -107.199
  473253.96  5895153.82   0.050950   0.001343   0.000005 -107.204
  473253.91  5895153.80   0.050967   0.001192   0.000004 -107.208
  473253.87  5895153.79   0.050982   0.001042   0.000004 -107.211
  473253.82  5895153.77   0.050995   0.000893   0.000003 -107.214
  473253.77  5895153.76   0.051006   0.000743   0.000003 -107.217
  473253.72  5895153.74   0.051015   0.000594   0.000002 -107.219
  473253.67  5895153.73   0.051022   0.000446   0.000002 -107.221
  473253.62  5895153.71   0.051027   0.000260   0.000001 -107.222
  473253.57  5895153.70   0.051029   0.000149   0.000001 -107.223
