  468881.00  5893033.50   0.155918   0.000199   0.000007    0.000
  468881.09  5893033.63   0.157278   0.000389   0.000014   36.029
  468881.18  5893033.76   0.159997   0.000743   0.000027   36.033
  468881.28  5893033.89   0.162712   0.001069   0.000040   36.040
  468881.37  5893034.02   0.165423   0.001368   0.000053   36.050
  468881.47  5893034.15   0.168130   0.001643   0.000066   36.063
  468881.57  5893034.29   0.170833   0.001895   0.000078   36.079
  468881.67  5893034.43   0.173531   0.002127   0.000091   36.097
  468881.78  5893034.57   0.176226   0.002340   0.000103   36.118
  468881.88  5893034.71   0.178916   0.002536   0.000115   36.142
  468881.99  5893034.86   0.181603   0.002717   0.000127   36.168
  468882.09  5893035.01   0.184285   0.002883   0.000138   36.196
  468882.20  5893035.16   0.186963   0.003036   0.000150   36.227
  468882.32  5893035.31   0.189638   0.003177   0.000162   36.259
  468882.43  5893035.46   0.192308   0.003307   0.000173   36.294
  468882.54  5893035.62   0.194974   0.003423   0.000184   36.330
  468882.66  5893035.78   0.197637   0.003529   0.000195   36.368
  468882.78  5893035.94   0.200296   0.003638   0.000206   36.408
  468882.90  5893036.10   0.202950   0.003745   0.000218   36.450
  468883.02  5893036.26   0.205599   0.003844   0.000230   36.494
  468883.14  5893036.43   0.208244   0.003935   0.000241   36.539
  468883.27  5893036.60   0.210884   0.004019   0.000253   36.586
  468883.39  5893036.77   0.213519   0.004096   0.000264   36.634
  468883.52  5893036.94   0.216150   0.004167   0.000275   36.684
  468883.65  5893037.12   0.218775   0.004233   0.000287   36.736
  468883.78  5893037.29   0.221397   0.004293   0.000298   36.789
  468883.92  5893037.47   0.224014   0.004349   0.000309   36.844
  468884.05  5893037.65   0.226626   0.004400   0.000320   36.899
  468884.19  5893037.83   0.229233   0.004447   0.000330   36.957
  468884.33  5893038.02   0.231836   0.004490   0.000341   37.015
  468884.47  5893038.20   0.234435   0.004529   0.000352   37.075
  468884.61  5893038.39   0.237029   0.004565   0.000363   37.135
  468884.76  5893038.58   0.239619   0.004597   0.000373   37.197
  468884.90  5893038.77   0.242204   0.004627   0.000384   37.260
  468885.05  5893038.97   0.244785   0.004654   0.000394   37.325
  468885.20  5893039.16   0.247361   0.004678   0.000405   37.390
  468885.35  5893039.36   0.249932   0.004699   0.000415   37.456
  468885.50  5893039.56   0.252499   0.004720   0.000426   37.524
  468885.66  5893039.76   0.255064   0.004741   0.000436   37.592
  468885.81  5893039.96   0.257625   0.004760   0.000447   37.661
  468885.97  5893040.17   0.260184   0.004776   0.000457   37.731
  468886.13  5893040.37   0.262739   0.004791   0.000468   37.803
  468886.30  5893040.58   0.265292   0.004804   0.000478   37.875
  468886.46  5893040.79   0.267843   0.004815   0.000488   37.948
  468886.62  5893041.00   0.270390   0.004824   0.000499   38.022
  468886.79  5893041.22   0.272935   0.004832   0.000509   38.096
  468886.96  5893041.43   0.275478   0.004839   0.000519   38.172
  468887.13  5893041.65   0.278017   0.004844   0.000530   38.248
  468887.31  5893041.87   0.280555   0.004848   0.000540   38.325
  468887.48  5893042.09   0.283089   0.004851   0.000550   38.403
  468887.66  5893042.31   0.285621   0.004853   0.000560   38.482
  468887.84  5893042.54   0.288151   0.004854   0.000570   38.562
  468888.02  5893042.76   0.290678   0.004853   0.000580   38.642
  468888.20  5893042.99   0.293203   0.004852   0.000590   38.723
  468888.39  5893043.22   0.295725   0.004850   0.000600   38.804
  468888.57  5893043.45   0.298245   0.004848   0.000610   38.886
  468888.76  5893043.68   0.300763   0.004844   0.000620   38.969
  468888.95  5893043.92   0.303278   0.004846   0.000630   39.053
  468889.14  5893044.15   0.305792   0.004848   0.000641   39.137
  468889.34  5893044.39   0.308303   0.004830   0.000649   39.222
  468889.53  5893044.63   0.310812   0.004799   0.000656   39.307
  468889.73  5893044.87   0.313316   0.004769   0.000662   39.393
  468889.93  5893045.12   0.315818   0.004740   0.000669   39.478
  468890.13  5893045.36   0.318316   0.004711   0.000675   39.564
  468890.34  5893045.61   0.320811   0.004683   0.000682   39.650
  468890.54  5893045.85   0.323303   0.004655   0.000688   39.736
  468890.75  5893046.10   0.325791   0.004627   0.000695   39.822
  468890.96  5893046.35   0.328277   0.004600   0.000701   39.909
  468891.17  5893046.61   0.330759   0.004574   0.000708   39.995
  468891.39  5893046.86   0.333238   0.004547   0.000714   40.082
  468891.60  5893047.12   0.335714   0.004522   0.000721   40.169
  468891.82  5893047.37   0.338187   0.004496   0.000727   40.256
  468892.04  5893047.63   0.340656   0.004471   0.000734   40.343
  468892.26  5893047.89   0.343123   0.004446   0.000740   40.430
  468892.48  5893048.15   0.345587   0.004422   0.000747   40.517
  468892.71  5893048.42   0.348047   0.004398   0.000753   40.605
  468892.94  5893048.68   0.350505   0.004374   0.000760   40.693
  468893.17  5893048.95   0.352960   0.004351   0.000767   40.780
  468893.40  5893049.22   0.355411   0.004328   0.000773   40.868
  468893.63  5893049.49   0.357860   0.004305   0.000780   40.957
  468893.87  5893049.76   0.360306   0.004283   0.000786   41.045
  468894.11  5893050.03   0.362749   0.004261   0.000793   41.133
  468894.35  5893050.30   0.365189   0.004239   0.000799   41.222
  468894.59  5893050.58   0.367626   0.004217   0.000806   41.311
  468894.83  5893050.85   0.370061   0.004196   0.000813   41.399
  468895.08  5893051.13   0.372492   0.004175   0.000819   41.488
  468895.33  5893051.41   0.374921   0.004155   0.000826   41.577
  468895.58  5893051.69   0.377347   0.004134   0.000833   41.667
  468895.83  5893051.98   0.379771   0.004114   0.000839   41.756
  468896.08  5893052.26   0.382191   0.004095   0.000846   41.846
  468896.34  5893052.55   0.384609   0.004075   0.000852   41.935
  468896.60  5893052.83   0.387025   0.004055   0.000859   42.025
  468896.86  5893053.12   0.389440   0.004036   0.000866   42.115
  468897.12  5893053.41   0.391853   0.004018   0.000872   42.205
  468897.38  5893053.70   0.394258   0.004001   0.000879   42.295
  468897.65  5893053.99   0.396654   0.003984   0.000886   42.386
  468897.92  5893054.29   0.399041   0.003968   0.000893   42.476
  468898.19  5893054.58   0.401421   0.003952   0.000901   42.567
  468898.46  5893054.88   0.403792   0.003936   0.000908   42.658
  468898.74  5893055.17   0.406154   0.003921   0.000915   42.749
  468899.01  5893055.47   0.408508   0.003907   0.000922   42.840
  468899.29  5893055.77   0.410854   0.003892   0.000929   42.932
  468899.58  5893056.07   0.413192   0.003878   0.000936   43.023
  468899.86  5893056.38   0.415521   0.003865   0.000944   43.115
  468900.14  5893056.68   0.417843   0.003851   0.000951   43.207
  468900.43  5893056.98   0.420156   0.003838   0.000958   43.299
  468900.72  5893057.29   0.422460   0.003825   0.000966   43.392
  468901.01  5893057.60   0.424757   0.003813   0.000973   43.484
  468901.31  5893057.91   0.427046   0.003801   0.000980   43.577
  468901.60  5893058.22   0.429326   0.003789   0.000988   43.670
  468901.90  5893058.53   0.431599   0.003778   0.000995   43.763
  468902.20  5893058.84   0.433863   0.003766   0.001003   43.857
  468902.50  5893059.15   0.436119   0.003755   0.001010   43.950
  468902.80  5893059.47   0.438368   0.003745   0.001018   44.044
  468903.11  5893059.78   0.440608   0.003734   0.001025   44.138
  468903.42  5893060.10   0.442841   0.003724   0.001033   44.232
  468903.73  5893060.42   0.445065   0.003714   0.001040   44.327
  468904.04  5893060.73   0.447282   0.003704   0.001048   44.422
  468904.36  5893061.05   0.449491   0.003695   0.001056   44.517
  468904.67  5893061.38   0.451692   0.003686   0.001063   44.612
  468904.99  5893061.70   0.453885   0.003677   0.001071   44.707
  468905.31  5893062.02   0.456070   0.003668   0.001079   44.803
  468905.63  5893062.34   0.458248   0.003659   0.001087   44.899
  468905.96  5893062.67   0.460418   0.003651   0.001095   44.995
  468906.29  5893062.99   0.462580   0.003643   0.001102   45.091
  468906.61  5893063.32   0.464735   0.003635   0.001110   45.187
  468906.95  5893063.65   0.466882   0.003627   0.001118   45.284
  468907.28  5893063.98   0.469021   0.003619   0.001126   45.381
  468907.61  5893064.31   0.471153   0.003612   0.001134   45.479
  468907.95  5893064.64   0.473277   0.003605   0.001142   45.576
  468908.29  5893064.97   0.475394   0.003598   0.001150   45.674
  468908.63  5893065.30   0.477503   0.003591   0.001158   45.772
  468908.98  5893065.63   0.479604   0.003584   0.001166   45.870
  468909.32  5893065.97   0.481699   0.003578   0.001174   45.969
  468909.67  5893066.30   0.483786   0.003571   0.001182   46.067
  468910.02  5893066.64   0.485865   0.003565   0.001190   46.166
  468910.37  5893066.98   0.487937   0.003559   0.001198   46.266
  468910.72  5893067.31   0.490002   0.003553   0.001207   46.365
  468911.08  5893067.65   0.492060   0.003548   0.001215   46.465
  468911.44  5893067.99   0.494110   0.003542   0.001223   46.565
  468911.80  5893068.33   0.496153   0.003537   0.001231   46.665
  468912.16  5893068.67   0.498189   0.003532   0.001240   46.766
  468912.52  5893069.01   0.500218   0.003527   0.001248   46.866
  468912.89  5893069.35   0.502239   0.003522   0.001256   46.968
  468913.26  5893069.70   0.504254   0.003517   0.001265   47.069
  468913.63  5893070.04   0.506261   0.003512   0.001273   47.170
  468914.00  5893070.38   0.508262   0.003508   0.001281   47.272
  468914.38  5893070.73   0.510255   0.003503   0.001290   47.375
  468914.75  5893071.08   0.512241   0.003499   0.001298   47.477
  468915.13  5893071.42   0.514221   0.003495   0.001307   47.580
  468915.51  5893071.77   0.516193   0.003491   0.001315   47.683
  468915.90  5893072.12   0.518159   0.003487   0.001324   47.786
  468916.28  5893072.46   0.520118   0.003483   0.001332   47.889
  468916.67  5893072.81   0.522070   0.003479   0.001341   47.993
  468917.06  5893073.16   0.524015   0.003476   0.001350   48.097
  468917.45  5893073.51   0.525954   0.003472   0.001358   48.202
  468917.84  5893073.86   0.527885   0.003469   0.001367   48.306
  468918.24  5893074.21   0.529810   0.003466   0.001376   48.411
  468918.64  5893074.57   0.531729   0.003462   0.001384   48.516
  468919.04  5893074.92   0.533641   0.003459   0.001393   48.622
  468919.44  5893075.27   0.535546   0.003456   0.001402   48.728
  468919.84  5893075.62   0.537445   0.003454   0.001411   48.834
  468920.25  5893075.98   0.539337   0.003451   0.001420   48.940
  468920.66  5893076.33   0.541223   0.003448   0.001428   49.047
  468921.07  5893076.69   0.543102   0.003446   0.001437   49.154
  468921.48  5893077.04   0.544975   0.003443   0.001446   49.261
  468921.89  5893077.40   0.546841   0.003441   0.001455   49.368
  468922.31  5893077.75   0.548702   0.003439   0.001464   49.476
  468922.73  5893078.11   0.550555   0.003436   0.001473   49.584
  468923.15  5893078.46   0.552403   0.003434   0.001482   49.693
  468923.57  5893078.82   0.554245   0.003432   0.001491   49.801
  468924.00  5893079.18   0.556080   0.003431   0.001500   49.910
  468924.42  5893079.54   0.557909   0.003429   0.001509   50.020
  468924.85  5893079.90   0.559732   0.003427   0.001518   50.129
  468925.28  5893080.25   0.561549   0.003425   0.001528   50.239
  468925.72  5893080.61   0.563360   0.003424   0.001537   50.349
  468926.15  5893080.97   0.565164   0.003422   0.001546   50.460
  468926.59  5893081.33   0.566963   0.003421   0.001555   50.571
  468927.03  5893081.69   0.568756   0.003419   0.001564   50.682
  468927.47  5893082.05   0.570543   0.003418   0.001574   50.793
  468927.91  5893082.41   0.572325   0.003417   0.001583   50.905
  468928.36  5893082.77   0.574100   0.003416   0.001592   51.017
  468928.80  5893083.13   0.575870   0.003415   0.001601   51.129
  468929.25  5893083.49   0.577634   0.003414   0.001611   51.242
  468929.71  5893083.86   0.579392   0.003413   0.001620   51.355
  468930.16  5893084.22   0.581144   0.003414   0.001631   51.468
  468930.62  5893084.58   0.582892   0.003415   0.001641   51.582
  468931.07  5893084.94   0.584634   0.003410   0.001648   51.696
  468931.53  5893085.30   0.586369   0.003401   0.001654   51.810
  468932.00  5893085.67   0.588098   0.003393   0.001659   51.925
  468932.46  5893086.03   0.589820   0.003384   0.001665   52.039
  468932.93  5893086.39   0.591536   0.003376   0.001671   52.153
  468933.40  5893086.75   0.593245   0.003368   0.001676   52.268
  468933.87  5893087.11   0.594948   0.003360   0.001682   52.382
  468934.34  5893087.48   0.596644   0.003352   0.001688   52.497
  468934.81  5893087.84   0.598334   0.003345   0.001694   52.611
  468935.29  5893088.20   0.600018   0.003338   0.001699   52.726
  468935.77  5893088.57   0.601695   0.003331   0.001705   52.841
  468936.25  5893088.93   0.603366   0.003324   0.001711   52.956
  468936.73  5893089.29   0.605030   0.003317   0.001717   53.070
  468937.22  5893089.66   0.606689   0.003310   0.001723   53.185
  468937.71  5893090.02   0.608341   0.003304   0.001729   53.300
  468938.20  5893090.38   0.609987   0.003297   0.001735   53.416
  468938.69  5893090.74   0.611626   0.003291   0.001741   53.531
  468939.18  5893091.11   0.613260   0.003285   0.001747   53.646
  468939.67  5893091.47   0.614887   0.003279   0.001753   53.762
  468940.17  5893091.83   0.616508   0.003274   0.001760   53.877
  468940.67  5893092.20   0.618123   0.003268   0.001766   53.993
  468941.17  5893092.56   0.619732   0.003263   0.001772   54.109
  468941.68  5893092.92   0.621335   0.003258   0.001779   54.224
  468942.18  5893093.28   0.622932   0.003252   0.001785   54.340
  468942.69  5893093.65   0.624523   0.003248   0.001791   54.456
  468943.20  5893094.01   0.626108   0.003243   0.001798   54.573
  468943.71  5893094.37   0.627687   0.003238   0.001804   54.689
  468944.22  5893094.73   0.629260   0.003233   0.001811   54.805
  468944.74  5893095.10   0.630827   0.003229   0.001817   54.922
  468945.26  5893095.46   0.632389   0.003225   0.001824   55.039
  468945.78  5893095.82   0.633944   0.003221   0.001830   55.156
  468946.30  5893096.18   0.635494   0.003217   0.001837   55.273
  468946.82  5893096.54   0.637038   0.003213   0.001844   55.390
  468947.35  5893096.90   0.638576   0.003209   0.001850   55.507
  468947.88  5893097.27   0.640109   0.003205   0.001857   55.624
  468948.41  5893097.63   0.641636   0.003201   0.001864   55.742
  468948.94  5893097.99   0.643157   0.003198   0.001871   55.860
  468949.47  5893098.35   0.644673   0.003195   0.001878   55.977
  468950.01  5893098.71   0.646183   0.003191   0.001885   56.095
  468950.54  5893099.07   0.647687   0.003188   0.001892   56.214
  468951.08  5893099.43   0.649186   0.003185   0.001898   56.332
  468951.63  5893099.79   0.650680   0.003182   0.001905   56.450
  468952.17  5893100.14   0.652168   0.003180   0.001912   56.569
  468952.71  5893100.50   0.653650   0.003177   0.001920   56.688
  468953.26  5893100.86   0.655127   0.003174   0.001927   56.807
  468953.81  5893101.22   0.656599   0.003172   0.001934   56.926
  468954.36  5893101.58   0.658066   0.003169   0.001941   57.045
  468954.92  5893101.93   0.659527   0.003167   0.001948   57.165
  468955.47  5893102.29   0.660983   0.003165   0.001955   57.284
  468956.03  5893102.65   0.662433   0.003163   0.001963   57.404
  468956.59  5893103.00   0.663879   0.003161   0.001970   57.524
  468957.15  5893103.36   0.665319   0.003159   0.001977   57.645
  468957.71  5893103.71   0.666754   0.003157   0.001985   57.765
  468958.28  5893104.07   0.668184   0.003155   0.001992   57.886
  468958.85  5893104.42   0.669609   0.003153   0.001999   58.006
  468959.42  5893104.78   0.671028   0.003152   0.002007   58.127
  468959.99  5893105.13   0.672443   0.003152   0.002015   58.249
  468960.56  5893105.48   0.673854   0.003152   0.002024   58.370
  468961.14  5893105.84   0.675260   0.003147   0.002030   58.492
  468961.71  5893106.19   0.676659   0.003140   0.002033   58.613
  468962.29  5893106.54   0.678051   0.003133   0.002037   58.735
  468962.87  5893106.89   0.679436   0.003127   0.002041   58.857
  468963.46  5893107.24   0.680815   0.003120   0.002045   58.979
  468964.04  5893107.59   0.682186   0.003114   0.002049   59.100
  468964.63  5893107.94   0.683551   0.003108   0.002053   59.222
  468965.22  5893108.29   0.684909   0.003101   0.002058   59.344
  468965.81  5893108.64   0.686261   0.003096   0.002062   59.465
  468966.40  5893108.99   0.687605   0.003090   0.002066   59.587
  468966.99  5893109.33   0.688943   0.003084   0.002070   59.709
  468967.59  5893109.68   0.690275   0.003079   0.002075   59.831
  468968.19  5893110.03   0.691599   0.003074   0.002079   59.952
  468968.79  5893110.37   0.692918   0.003068   0.002084   60.074
  468969.39  5893110.72   0.694229   0.003063   0.002088   60.196
  468969.99  5893111.06   0.695534   0.003059   0.002093   60.318
  468970.60  5893111.40   0.696832   0.003054   0.002097   60.440
  468971.21  5893111.75   0.698124   0.003049   0.002102   60.562
  468971.81  5893112.09   0.699409   0.003045   0.002107   60.684
  468972.43  5893112.43   0.700687   0.003041   0.002111   60.806
  468973.04  5893112.77   0.701960   0.003037   0.002116   60.928
  468973.65  5893113.11   0.703225   0.003033   0.002121   61.050
  468974.27  5893113.45   0.704484   0.003029   0.002126   61.172
  468974.89  5893113.79   0.705737   0.003025   0.002131   61.294
  468975.51  5893114.13   0.706984   0.003021   0.002136   61.417
  468976.13  5893114.46   0.708224   0.003019   0.002142   61.539
  468976.76  5893114.80   0.709458   0.003017   0.002148   61.662
  468977.38  5893115.14   0.710685   0.003011   0.002151   61.784
  468978.01  5893115.47   0.711906   0.003002   0.002152   61.907
  468978.64  5893115.81   0.713119   0.002994   0.002153   62.029
  468979.27  5893116.14   0.714326   0.002985   0.002154   62.152
  468979.90  5893116.47   0.715526   0.002977   0.002155   62.274
  468980.54  5893116.80   0.716718   0.002969   0.002157   62.396
  468981.17  5893117.13   0.717903   0.002961   0.002158   62.518
  468981.81  5893117.46   0.719082   0.002953   0.002159   62.640
  468982.45  5893117.79   0.720253   0.002945   0.002161   62.761
  468983.09  5893118.12   0.721418   0.002938   0.002162   62.883
  468983.74  5893118.45   0.722575   0.002931   0.002164   63.004
  468984.38  5893118.78   0.723725   0.002923   0.002165   63.126
  468985.03  5893119.10   0.724869   0.002916   0.002167   63.247
  468985.68  5893119.43   0.726005   0.002910   0.002169   63.368
  468986.33  5893119.75   0.727135   0.002903   0.002171   63.489
  468986.98  5893120.08   0.728257   0.002896   0.002172   63.610
  468987.63  5893120.40   0.729373   0.002890   0.002174   63.731
  468988.29  5893120.72   0.730481   0.002884   0.002176   63.852
  468988.94  5893121.04   0.731583   0.002878   0.002178   63.972
  468989.60  5893121.36   0.732678   0.002872   0.002180   64.093
  468990.26  5893121.68   0.733765   0.002866   0.002182   64.213
  468990.92  5893122.00   0.734846   0.002861   0.002185   64.334
  468991.59  5893122.31   0.735920   0.002855   0.002187   64.454
  468992.25  5893122.63   0.736987   0.002850   0.002189   64.575
  468992.92  5893122.95   0.738048   0.002845   0.002191   64.695
  468993.59  5893123.26   0.739101   0.002839   0.002194   64.815
  468994.26  5893123.57   0.740147   0.002835   0.002196   64.936
  468994.93  5893123.89   0.741187   0.002830   0.002198   65.056
  468995.60  5893124.20   0.742220   0.002825   0.002201   65.176
  468996.28  5893124.51   0.743246   0.002821   0.002203   65.296
  468996.95  5893124.82   0.744265   0.002816   0.002206   65.416
  468997.63  5893125.13   0.745277   0.002812   0.002209   65.536
  468998.31  5893125.43   0.746283   0.002808   0.002211   65.656
  468998.99  5893125.74   0.747282   0.002804   0.002214   65.776
  468999.67  5893126.05   0.748274   0.002800   0.002217   65.896
  469000.36  5893126.35   0.749259   0.002796   0.002220   66.016
  469001.04  5893126.65   0.750237   0.002792   0.002223   66.137
  469001.73  5893126.95   0.751209   0.002789   0.002226   66.257
  469002.42  5893127.26   0.752174   0.002786   0.002229   66.377
  469003.11  5893127.56   0.753133   0.002782   0.002232   66.497
  469003.80  5893127.86   0.754084   0.002779   0.002235   66.617
  469004.50  5893128.15   0.755029   0.002776   0.002238   66.737
  469005.19  5893128.45   0.755968   0.002773   0.002241   66.857
  469005.89  5893128.75   0.756899   0.002770   0.002245   66.977
  469006.58  5893129.04   0.757824   0.002768   0.002248   67.097
  469007.28  5893129.33   0.758743   0.002765   0.002251   67.217
  469007.98  5893129.63   0.759654   0.002763   0.002255   67.337
  469008.69  5893129.92   0.760560   0.002760   0.002258   67.458
  469009.39  5893130.21   0.761458   0.002758   0.002261   67.578
  469010.09  5893130.50   0.762350   0.002756   0.002265   67.698
  469010.80  5893130.79   0.763236   0.002754   0.002269   67.819
  469011.51  5893131.07   0.764115   0.002752   0.002272   67.939
  469012.22  5893131.36   0.764987   0.002750   0.002276   68.060
  469012.93  5893131.64   0.765853   0.002748   0.002280   68.180
  469013.64  5893131.93   0.766713   0.002747   0.002283   68.301
  469014.35  5893132.21   0.767566   0.002745   0.002287   68.421
  469015.07  5893132.49   0.768413   0.002744   0.002291   68.542
  469015.78  5893132.77   0.769253   0.002742   0.002295   68.663
  469016.50  5893133.05   0.770087   0.002741   0.002299   68.784
  469017.22  5893133.32   0.770914   0.002740   0.002303   68.905
  469017.94  5893133.60   0.771735   0.002739   0.002307   69.026
  469018.66  5893133.88   0.772550   0.002738   0.002311   69.147
  469019.39  5893134.15   0.773358   0.002737   0.002315   69.268
  469020.11  5893134.42   0.774160   0.002737   0.002320   69.389
  469020.84  5893134.69   0.774956   0.002736   0.002324   69.511
  469021.56  5893134.96   0.775745   0.002736   0.002328   69.632
  469022.29  5893135.23   0.776528   0.002735   0.002332   69.754
  469023.02  5893135.50   0.777305   0.002735   0.002337   69.876
  469023.75  5893135.76   0.778076   0.002735   0.002341   69.997
  469024.48  5893136.03   0.778840   0.002734   0.002346   70.119
  469025.22  5893136.29   0.779599   0.002734   0.002350   70.241
  469025.95  5893136.56   0.780351   0.002734   0.002355   70.363
  469026.69  5893136.82   0.781097   0.002734   0.002359   70.486
  469027.42  5893137.08   0.781837   0.002735   0.002364   70.608
  469028.16  5893137.33   0.782571   0.002735   0.002369   70.731
  469028.90  5893137.59   0.783298   0.002735   0.002373   70.853
  469029.64  5893137.85   0.784020   0.002736   0.002378   70.976
  469030.38  5893138.10   0.784736   0.002736   0.002383   71.099
  469031.13  5893138.35   0.785445   0.002737   0.002388   71.222
  469031.87  5893138.60   0.786149   0.002738   0.002393   71.345
  469032.62  5893138.85   0.786847   0.002739   0.002398   71.468
  469033.36  5893139.10   0.787538   0.002740   0.002403   71.592
  469034.11  5893139.35   0.788224   0.002741   0.002408   71.715
  469034.86  5893139.60   0.788904   0.002742   0.002413   71.839
  469035.61  5893139.84   0.789578   0.002743   0.002418   71.963
  469036.36  5893140.08   0.790246   0.002744   0.002423   72.087
  469037.12  5893140.32   0.790909   0.002745   0.002429   72.211
  469037.87  5893140.56   0.791565   0.002747   0.002434   72.336
  469038.63  5893140.80   0.792216   0.002748   0.002439   72.460
  469039.38  5893141.04   0.792861   0.002750   0.002445   72.585
  469040.14  5893141.28   0.793500   0.002752   0.002450   72.710
  469040.90  5893141.51   0.794134   0.002753   0.002456   72.835
  469041.66  5893141.74   0.794762   0.002755   0.002461   72.960
  469042.42  5893141.97   0.795384   0.002757   0.002467   73.086
  469043.18  5893142.20   0.796001   0.002759   0.002472   73.212
  469043.94  5893142.43   0.796612   0.002761   0.002478   73.337
  469044.71  5893142.66   0.797217   0.002763   0.002483   73.463
  469045.47  5893142.88   0.797817   0.002765   0.002489   73.590
  469046.24  5893143.11   0.798411   0.002768   0.002495   73.716
  469047.01  5893143.33   0.799000   0.002770   0.002501   73.843
  469047.77  5893143.55   0.799584   0.002772   0.002507   73.969
  469048.54  5893143.77   0.800162   0.002775   0.002513   74.096
  469049.31  5893143.99   0.800734   0.002777   0.002519   74.224
  469050.08  5893144.20   0.801301   0.002780   0.002524   74.351
  469050.86  5893144.42   0.801863   0.002783   0.002531   74.479
  469051.63  5893144.63   0.802420   0.002786   0.002537   74.607
  469052.40  5893144.84   0.802971   0.002789   0.002543   74.735
  469053.18  5893145.05   0.803517   0.002792   0.002549   74.863
  469053.96  5893145.26   0.804057   0.002795   0.002555   74.991
  469054.73  5893145.47   0.804593   0.002798   0.002561   75.120
  469055.51  5893145.67   0.805123   0.002801   0.002568   75.249
  469056.29  5893145.88   0.805648   0.002804   0.002574   75.378
  469057.07  5893146.08   0.806168   0.002807   0.002580   75.508
  469057.85  5893146.28   0.806683   0.002811   0.002587   75.638
  469058.63  5893146.48   0.807193   0.002814   0.002593   75.767
  469059.42  5893146.67   0.807698   0.002818   0.002600   75.898
  469060.20  5893146.87   0.808198   0.002821   0.002606   76.028
  469060.99  5893147.06   0.808693   0.002825   0.002613   76.159
  469061.77  5893147.25   0.809183   0.002829   0.002619   76.290
  469062.56  5893147.44   0.809668   0.002833   0.002626   76.421
  469063.35  5893147.63   0.810148   0.002836   0.002633   76.552
  469064.14  5893147.82   0.810623   0.002840   0.002640   76.684
  469064.93  5893148.00   0.811094   0.002844   0.002646   76.816
  469065.72  5893148.19   0.811559   0.002849   0.002653   76.948
  469066.51  5893148.37   0.812020   0.002853   0.002660   77.080
  469067.30  5893148.55   0.812477   0.002857   0.002667   77.213
  469068.09  5893148.73   0.812928   0.002861   0.002674   77.346
  469068.89  5893148.90   0.813375   0.002865   0.002681   77.479
  469069.68  5893149.08   0.813818   0.002870   0.002688   77.613
  469070.48  5893149.25   0.814256   0.002874   0.002695   77.747
  469071.27  5893149.42   0.814689   0.002879   0.002702   77.881
  469072.07  5893149.59   0.815118   0.002884   0.002709   78.015
  469072.87  5893149.76   0.815542   0.002888   0.002717   78.150
  469073.67  5893149.92   0.815962   0.002893   0.002724   78.285
  469074.47  5893150.09   0.816378   0.002898   0.002731   78.420
  469075.27  5893150.25   0.816789   0.002903   0.002739   78.556
  469076.07  5893150.41   0.817196   0.002908   0.002746   78.691
  469076.87  5893150.57   0.817598   0.002913   0.002753   78.828
  469077.67  5893150.72   0.817997   0.002918   0.002761   78.964
  469078.48  5893150.88   0.818391   0.002923   0.002768   79.101
  469079.28  5893151.03   0.818781   0.002928   0.002776   79.238
  469080.08  5893151.18   0.819167   0.002933   0.002783   79.375
  469080.89  5893151.33   0.819549   0.002938   0.002791   79.513
  469081.70  5893151.48   0.819926   0.002944   0.002799   79.651
  469082.50  5893151.62   0.820300   0.002949   0.002806   79.789
  469083.31  5893151.77   0.820670   0.002955   0.002814   79.928
  469084.12  5893151.91   0.821036   0.002960   0.002822   80.067
  469084.93  5893152.05   0.821398   0.002966   0.002830   80.206
  469085.74  5893152.19   0.821756   0.002971   0.002838   80.345
  469086.55  5893152.32   0.822110   0.002977   0.002846   80.485
  469087.36  5893152.46   0.822461   0.002983   0.002854   80.626
  469088.17  5893152.59   0.822808   0.002989   0.002862   80.766
  469088.99  5893152.72   0.823151   0.002995   0.002870   80.907
  469089.80  5893152.85   0.823490   0.003001   0.002878   81.048
  469090.61  5893152.97   0.823826   0.003007   0.002886   81.190
  469091.43  5893153.10   0.824159   0.003013   0.002894   81.332
  469092.24  5893153.22   0.824487   0.003019   0.002902   81.474
  469093.06  5893153.34   0.824813   0.003025   0.002910   81.617
  469093.88  5893153.46   0.825135   0.003031   0.002919   81.760
  469094.69  5893153.57   0.825453   0.003038   0.002927   81.903
  469095.51  5893153.69   0.825769   0.003044   0.002935   82.047
  469096.33  5893153.80   0.826081   0.003050   0.002944   82.191
  469097.15  5893153.91   0.826389   0.003059   0.002954   82.335
  469097.97  5893154.02   0.826693   0.003067   0.002964   82.480
  469098.79  5893154.12   0.826994   0.003070   0.002969   82.625
  469099.61  5893154.23   0.827295   0.003069   0.002970   82.771
  469100.43  5893154.33   0.827596   0.003067   0.002971   82.916
  469101.25  5893154.43   0.827898   0.003066   0.002972   83.061
  469102.07  5893154.53   0.828200   0.003065   0.002973   83.207
  469102.89  5893154.62   0.828502   0.003064   0.002974   83.352
  469103.72  5893154.72   0.828805   0.003063   0.002975   83.498
  469104.54  5893154.81   0.829108   0.003061   0.002976   83.643
  469105.37  5893154.90   0.829411   0.003060   0.002977   83.789
  469106.19  5893154.99   0.829715   0.003059   0.002978   83.934
  469107.02  5893155.07   0.830020   0.003058   0.002980   84.080
  469107.84  5893155.16   0.830325   0.003057   0.002981   84.225
  469108.67  5893155.24   0.830630   0.003056   0.002982   84.370
  469109.50  5893155.32   0.830935   0.003055   0.002983   84.516
  469110.32  5893155.39   0.831241   0.003054   0.002984   84.661
  469111.15  5893155.47   0.831548   0.003053   0.002985   84.807
  469111.98  5893155.54   0.831855   0.003052   0.002987   84.952
  469112.81  5893155.61   0.832162   0.003051   0.002988   85.098
  469113.64  5893155.68   0.832470   0.003050   0.002989   85.243
  469114.47  5893155.75   0.832778   0.003049   0.002990   85.389
  469115.30  5893155.81   0.833087   0.003048   0.002992   85.534
  469116.13  5893155.88   0.833396   0.003047   0.002993   85.680
  469116.96  5893155.94   0.833706   0.003046   0.002994   85.825
  469117.79  5893156.00   0.834016   0.003045   0.002995   85.970
  469118.63  5893156.05   0.834326   0.003044   0.002997   86.116
  469119.46  5893156.11   0.834638   0.003043   0.002998   86.262
  469120.29  5893156.16   0.834949   0.003042   0.002999   86.407
  469121.12  5893156.21   0.835261   0.003041   0.003001   86.553
  469121.96  5893156.26   0.835574   0.003041   0.003002   86.698
  469122.79  5893156.30   0.835887   0.003040   0.003004   86.844
  469123.63  5893156.35   0.836201   0.003039   0.003005   86.989
  469124.46  5893156.39   0.836515   0.003038   0.003007   87.135
  469125.30  5893156.43   0.836830   0.003037   0.003008   87.281
  469126.14  5893156.47   0.837146   0.003037   0.003009   87.426
  469126.97  5893156.50   0.837462   0.003036   0.003011   87.572
  469127.81  5893156.54   0.837778   0.003035   0.003012   87.717
  469128.65  5893156.57   0.838095   0.003034   0.003014   87.863
  469129.48  5893156.60   0.838413   0.003033   0.003015   88.009
  469130.32  5893156.62   0.838731   0.003032   0.003017   88.155
  469131.16  5893156.65   0.839050   0.003032   0.003019   88.300
  469132.00  5893156.67   0.839370   0.003032   0.003021   88.446
  469132.84  5893156.69   0.839691   0.003032   0.003023   88.592
  469133.68  5893156.71   0.840014   0.003031   0.003025   88.738
  469134.52  5893156.73   0.840339   0.003031   0.003027   88.884
  469135.36  5893156.74   0.840666   0.003031   0.003029   89.030
  469136.20  5893156.75   0.840994   0.003031   0.003032   89.176
  469137.04  5893156.76   0.841323   0.003031   0.003034   89.322
  469137.88  5893156.77   0.841655   0.003031   0.003036   89.468
  469138.72  5893156.78   0.841988   0.003030   0.003038   89.614
  469139.57  5893156.78   0.842322   0.003030   0.003040   89.760
  469140.41  5893156.78   0.842659   0.003030   0.003043   89.906
  469141.25  5893156.78   0.842997   0.003030   0.003045   90.053
  469142.09  5893156.78   0.843336   0.003029   0.003047   90.199
  469142.94  5893156.77   0.843678   0.003029   0.003049   90.345
  469143.78  5893156.77   0.844021   0.003029   0.003052   90.492
  469144.63  5893156.76   0.844366   0.003029   0.003054   90.638
  469145.47  5893156.74   0.844713   0.003029   0.003056   90.785
  469146.32  5893156.73   0.845061   0.003028   0.003058   90.931
  469147.16  5893156.72   0.845411   0.003028   0.003061   91.078
  469148.01  5893156.70   0.845763   0.003028   0.003063   91.225
  469148.85  5893156.68   0.846117   0.003027   0.003065   91.371
  469149.70  5893156.65   0.846473   0.003027   0.003067   91.518
  469150.54  5893156.63   0.846830   0.003027   0.003070   91.665
  469151.39  5893156.60   0.847190   0.003027   0.003072   91.812
  469152.24  5893156.57   0.847551   0.003026   0.003074   91.959
  469153.08  5893156.54   0.847914   0.003026   0.003077   92.106
  469153.93  5893156.51   0.848279   0.003026   0.003079   92.253
  469154.78  5893156.47   0.848646   0.003025   0.003081   92.400
  469155.63  5893156.44   0.849014   0.003025   0.003084   92.547
  469156.48  5893156.40   0.849385   0.003025   0.003086   92.694
  469157.32  5893156.35   0.849758   0.003024   0.003088   92.841
  469158.17  5893156.31   0.850132   0.003024   0.003091   92.988
  469159.02  5893156.26   0.850509   0.003024   0.003093   93.136
  469159.87  5893156.21   0.850887   0.003023   0.003095   93.283
  469160.72  5893156.16   0.851267   0.003023   0.003098   93.430
  469161.57  5893156.11   0.851650   0.003022   0.003100   93.578
  469162.42  5893156.06   0.852034   0.003022   0.003103   93.725
  469163.27  5893156.00   0.852421   0.003022   0.003105   93.873
  469164.12  5893155.94   0.852809   0.003021   0.003107   94.020
  469164.97  5893155.88   0.853200   0.003021   0.003110   94.168
  469165.82  5893155.81   0.853592   0.003020   0.003112   94.316
  469166.67  5893155.75   0.853987   0.003020   0.003115   94.463
  469167.53  5893155.68   0.854384   0.003019   0.003117   94.611
  469168.38  5893155.61   0.854782   0.003019   0.003119   94.759
  469169.23  5893155.53   0.855183   0.003018   0.003122   94.907
  469170.08  5893155.46   0.855586   0.003018   0.003124   95.055
  469170.93  5893155.38   0.855992   0.003017   0.003127   95.203
  469171.79  5893155.30   0.856399   0.003017   0.003129   95.351
  469172.64  5893155.22   0.856808   0.003016   0.003131   95.499
  469173.49  5893155.13   0.857220   0.003016   0.003134   95.647
  469174.34  5893155.05   0.857634   0.003015   0.003136   95.795
  469175.20  5893154.96   0.858050   0.003015   0.003139   95.943
  469176.05  5893154.87   0.858468   0.003014   0.003141   96.091
  469176.90  5893154.77   0.858889   0.003013   0.003144   96.239
  469177.76  5893154.68   0.859312   0.003013   0.003146   96.388
  469178.61  5893154.58   0.859737   0.003012   0.003149   96.536
  469179.47  5893154.48   0.860164   0.003012   0.003151   96.684
  469180.32  5893154.38   0.860594   0.003011   0.003154   96.833
  469181.18  5893154.27   0.861026   0.003010   0.003156   96.981
  469182.03  5893154.17   0.861460   0.003010   0.003159   97.130
  469182.88  5893154.06   0.861897   0.003009   0.003161   97.278
  469183.74  5893153.95   0.862335   0.003008   0.003164   97.427
  469184.59  5893153.83   0.862777   0.003008   0.003166   97.576
  469185.45  5893153.72   0.863220   0.003007   0.003169   97.724
  469186.31  5893153.60   0.863666   0.003006   0.003171   97.873
  469187.16  5893153.48   0.864115   0.003005   0.003174   98.022
  469188.02  5893153.35   0.864566   0.003005   0.003176   98.171
  469188.87  5893153.23   0.865019   0.003004   0.003179   98.319
  469189.73  5893153.10   0.865474   0.003003   0.003181   98.468
  469190.58  5893152.97   0.865933   0.003002   0.003184   98.617
  469191.44  5893152.84   0.866393   0.003001   0.003186   98.766
  469192.30  5893152.71   0.866856   0.003001   0.003189   98.915
  469193.15  5893152.57   0.867322   0.003000   0.003191   99.064
  469194.01  5893152.43   0.867790   0.002999   0.003194   99.213
  469194.86  5893152.29   0.868260   0.002998   0.003196   99.362
  469195.72  5893152.15   0.868734   0.002997   0.003199   99.511
  469196.58  5893152.00   0.869209   0.002996   0.003201   99.661
  469197.43  5893151.85   0.869688   0.002995   0.003204   99.810
  469198.29  5893151.70   0.870168   0.002994   0.003206   99.959
  469199.15  5893151.55   0.870652   0.002993   0.003209  100.108
  469200.01  5893151.39   0.871138   0.002992   0.003212  100.258
  469200.86  5893151.24   0.871626   0.002991   0.003214  100.407
  469201.72  5893151.08   0.872118   0.002990   0.003217  100.556
  469202.58  5893150.91   0.872612   0.002989   0.003219  100.706
  469203.43  5893150.75   0.873108   0.002988   0.003222  100.855
  469204.29  5893150.58   0.873607   0.002987   0.003224  101.005
  469205.15  5893150.41   0.874109   0.002986   0.003227  101.154
  469206.01  5893150.24   0.874614   0.002985   0.003229  101.304
  469206.86  5893150.07   0.875121   0.002984   0.003232  101.454
  469207.72  5893149.89   0.875632   0.002983   0.003235  101.603
  469208.58  5893149.71   0.876144   0.002982   0.003237  101.753
  469209.44  5893149.53   0.876660   0.002981   0.003240  101.903
  469210.29  5893149.35   0.877178   0.002980   0.003242  102.052
  469211.15  5893149.16   0.877700   0.002978   0.003245  102.202
  469212.01  5893148.98   0.878224   0.002977   0.003247  102.352
  469212.87  5893148.79   0.878750   0.002976   0.003250  102.502
  469213.72  5893148.59   0.879280   0.002975   0.003253  102.651
  469214.58  5893148.40   0.879813   0.002974   0.003255  102.801
  469215.44  5893148.20   0.880348   0.002972   0.003258  102.951
  469216.30  5893148.00   0.880886   0.002971   0.003260  103.101
  469217.15  5893147.80   0.881427   0.002970   0.003263  103.251
  469218.01  5893147.60   0.881971   0.002968   0.003265  103.401
  469218.87  5893147.39   0.882518   0.002967   0.003268  103.551
  469219.73  5893147.18   0.883068   0.002966   0.003271  103.701
  469220.59  5893146.97   0.883621   0.002964   0.003273  103.851
  469221.44  5893146.76   0.884177   0.002963   0.003276  104.001
  469222.30  5893146.54   0.884735   0.002961   0.003278  104.151
  469223.16  5893146.32   0.885297   0.002960   0.003281  104.301
  469224.02  5893146.10   0.885862   0.002959   0.003283  104.452
  469224.87  5893145.88   0.886430   0.002957   0.003286  104.602
  469225.73  5893145.65   0.887000   0.002956   0.003289  104.752
  469226.59  5893145.42   0.887574   0.002954   0.003291  104.902
  469227.45  5893145.19   0.888151   0.002953   0.003294  105.052
  469228.30  5893144.96   0.888731   0.002951   0.003296  105.203
  469229.16  5893144.72   0.889314   0.002949   0.003299  105.353
  469230.02  5893144.49   0.889900   0.002948   0.003301  105.503
  469230.88  5893144.25   0.890490   0.002946   0.003304  105.653
  469231.73  5893144.00   0.891082   0.002945   0.003307  105.804
  469232.59  5893143.76   0.891678   0.002943   0.003309  105.954
  469233.45  5893143.51   0.892276   0.002941   0.003312  106.104
  469234.30  5893143.26   0.892878   0.002940   0.003314  106.255
  469235.16  5893143.01   0.893483   0.002938   0.003317  106.405
  469236.02  5893142.75   0.894092   0.002936   0.003319  106.556
  469236.87  5893142.50   0.894703   0.002934   0.003322  106.706
  469237.73  5893142.24   0.895318   0.002933   0.003325  106.856
  469238.59  5893141.97   0.895936   0.002931   0.003327  107.007
  469239.44  5893141.71   0.896557   0.002929   0.003330  107.157
  469240.30  5893141.44   0.897182   0.002927   0.003332  107.308
  469241.16  5893141.17   0.897810   0.002925   0.003335  107.458
  469242.01  5893140.90   0.898441   0.002924   0.003337  107.609
  469242.87  5893140.63   0.899075   0.002922   0.003340  107.759
  469243.72  5893140.35   0.899713   0.002920   0.003343  107.910
  469244.58  5893140.07   0.900354   0.002918   0.003345  108.060
  469245.43  5893139.79   0.900999   0.002916   0.003348  108.211
  469246.29  5893139.51   0.901646   0.002914   0.003350  108.361
  469247.14  5893139.22   0.902298   0.002912   0.003353  108.512
  469248.00  5893138.93   0.902952   0.002910   0.003355  108.662
  469248.85  5893138.64   0.903610   0.002908   0.003358  108.813
  469249.71  5893138.35   0.904272   0.002906   0.003360  108.964
  469250.56  5893138.05   0.904937   0.002904   0.003363  109.114
  469251.42  5893137.75   0.905605   0.002902   0.003365  109.265
  469252.27  5893137.45   0.906277   0.002900   0.003368  109.415
  469253.13  5893137.15   0.906953   0.002897   0.003370  109.566
  469253.98  5893136.84   0.907632   0.002895   0.003373  109.716
  469254.84  5893136.53   0.908314   0.002893   0.003376  109.867
  469255.69  5893136.22   0.909000   0.002891   0.003378  110.017
  469256.54  5893135.91   0.909689   0.002889   0.003381  110.168
  469257.40  5893135.59   0.910382   0.002886   0.003383  110.319
  469258.25  5893135.27   0.911079   0.002884   0.003386  110.469
  469259.10  5893134.95   0.911779   0.002882   0.003388  110.620
  469259.96  5893134.63   0.912483   0.002879   0.003391  110.770
  469260.81  5893134.30   0.913190   0.002877   0.003393  110.921
  469261.66  5893133.97   0.913902   0.002875   0.003396  111.071
  469262.51  5893133.64   0.914616   0.002872   0.003398  111.222
  469263.37  5893133.31   0.915335   0.002870   0.003401  111.372
  469264.22  5893132.97   0.916057   0.002868   0.003403  111.523
  469265.07  5893132.64   0.916782   0.002865   0.003406  111.673
  469265.92  5893132.30   0.917512   0.002863   0.003408  111.824
  469266.77  5893131.95   0.918245   0.002860   0.003410  111.974
  469267.62  5893131.61   0.918982   0.002858   0.003413  112.125
  469268.47  5893131.26   0.919722   0.002855   0.003415  112.275
  469269.32  5893130.91   0.920467   0.002853   0.003418  112.426
  469270.17  5893130.55   0.921215   0.002850   0.003420  112.576
  469271.02  5893130.20   0.921967   0.002847   0.003423  112.727
  469271.87  5893129.84   0.922722   0.002845   0.003425  112.877
  469272.72  5893129.48   0.923482   0.002842   0.003428  113.027
  469273.57  5893129.11   0.924245   0.002839   0.003430  113.178
  469274.42  5893128.75   0.925012   0.002837   0.003433  113.328
  469275.27  5893128.38   0.925783   0.002834   0.003435  113.478
  469276.12  5893128.01   0.926558   0.002831   0.003437  113.629
  469276.97  5893127.63   0.927337   0.002828   0.003440  113.779
  469277.82  5893127.26   0.928119   0.002826   0.003442  113.929
  469278.66  5893126.88   0.928906   0.002823   0.003445  114.080
  469279.51  5893126.50   0.929696   0.002820   0.003447  114.230
  469280.36  5893126.11   0.930491   0.002817   0.003449  114.380
  469281.20  5893125.73   0.931289   0.002814   0.003452  114.530
  469282.05  5893125.34   0.932091   0.002811   0.003454  114.680
  469282.90  5893124.95   0.932898   0.002809   0.003457  114.831
  469283.74  5893124.55   0.933708   0.002806   0.003459  114.981
  469284.59  5893124.16   0.934522   0.002803   0.003461  115.131
  469285.43  5893123.76   0.935340   0.002800   0.003464  115.281
  469286.28  5893123.35   0.936162   0.002797   0.003466  115.431
  469287.12  5893122.95   0.936989   0.002794   0.003469  115.581
  469287.97  5893122.54   0.937819   0.002791   0.003471  115.731
  469288.81  5893122.13   0.938654   0.002787   0.003473  115.881
  469289.66  5893121.72   0.939492   0.002784   0.003476  116.031
  469290.50  5893121.31   0.940335   0.002781   0.003478  116.181
  469291.34  5893120.89   0.941181   0.002778   0.003480  116.330
  469292.19  5893120.47   0.942032   0.002775   0.003483  116.480
  469293.03  5893120.05   0.942887   0.002772   0.003485  116.630
  469293.87  5893119.62   0.943746   0.002769   0.003487  116.780
  469294.71  5893119.19   0.944609   0.002765   0.003490  116.930
  469295.55  5893118.76   0.945477   0.002762   0.003492  117.079
  469296.39  5893118.33   0.946348   0.002759   0.003494  117.229
  469297.24  5893117.90   0.947224   0.002755   0.003496  117.378
  469298.08  5893117.46   0.948103   0.002752   0.003498  117.528
  469298.92  5893117.02   0.948987   0.002749   0.003501  117.677
  469299.76  5893116.57   0.949876   0.002746   0.003504  117.827
  469300.59  5893116.13   0.950769   0.002743   0.003506  117.976
  469301.43  5893115.68   0.951668   0.002740   0.003509  118.126
  469302.27  5893115.23   0.952571   0.002737   0.003512  118.275
  469303.11  5893114.78   0.953479   0.002733   0.003514  118.424
  469303.95  5893114.32   0.954392   0.002730   0.003517  118.574
  469304.79  5893113.86   0.955309   0.002727   0.003520  118.723
  469305.62  5893113.40   0.956232   0.002724   0.003522  118.872
  469306.46  5893112.93   0.957160   0.002721   0.003525  119.022
  469307.30  5893112.47   0.958092   0.002717   0.003528  119.171
  469308.13  5893112.00   0.959029   0.002714   0.003530  119.320
  469308.97  5893111.53   0.959972   0.002711   0.003533  119.469
  469309.80  5893111.05   0.960919   0.002707   0.003535  119.618
  469310.64  5893110.57   0.961871   0.002704   0.003538  119.767
  469311.47  5893110.09   0.962829   0.002700   0.003540  119.916
  469312.30  5893109.61   0.963791   0.002697   0.003543  120.065
  469313.14  5893109.13   0.964758   0.002694   0.003545  120.214
  469313.97  5893108.64   0.965731   0.002690   0.003548  120.363
  469314.80  5893108.15   0.966708   0.002686   0.003550  120.512
  469315.63  5893107.65   0.967690   0.002683   0.003553  120.661
  469316.47  5893107.16   0.968678   0.002679   0.003555  120.809
  469317.30  5893106.66   0.969671   0.002676   0.003558  120.958
  469318.13  5893106.16   0.970668   0.002672   0.003560  121.107
  469318.96  5893105.66   0.971671   0.002668   0.003562  121.255
  469319.79  5893105.15   0.972679   0.002664   0.003565  121.404
  469320.62  5893104.64   0.973692   0.002661   0.003568  121.552
  469321.45  5893104.13   0.974711   0.002658   0.003571  121.701
  469322.27  5893103.61   0.975734   0.002655   0.003575  121.849
  469323.10  5893103.10   0.976763   0.002652   0.003579  121.998
  469323.93  5893102.58   0.977797   0.002650   0.003582  122.146
  469324.76  5893102.05   0.978836   0.002647   0.003586  122.295
  469325.58  5893101.53   0.979881   0.002644   0.003590  122.443
  469326.41  5893101.00   0.980931   0.002641   0.003593  122.591
  469327.23  5893100.47   0.981986   0.002638   0.003597  122.740
  469328.06  5893099.94   0.983046   0.002635   0.003601  122.888
  469328.88  5893099.40   0.984112   0.002632   0.003604  123.037
  469329.71  5893098.86   0.985183   0.002628   0.003608  123.185
  469330.53  5893098.32   0.986260   0.002625   0.003611  123.333
  469331.35  5893097.77   0.987342   0.002622   0.003615  123.482
  469332.18  5893097.23   0.988430   0.002619   0.003619  123.630
  469333.00  5893096.68   0.989523   0.002616   0.003622  123.778
  469333.82  5893096.12   0.990621   0.002612   0.003626  123.927
  469334.64  5893095.57   0.991725   0.002609   0.003629  124.075
  469335.46  5893095.01   0.992835   0.002606   0.003633  124.223
  469336.28  5893094.45   0.993950   0.002602   0.003636  124.372
  469337.10  5893093.89   0.995070   0.002599   0.003640  124.520
  469337.92  5893093.32   0.996197   0.002596   0.003643  124.668
  469338.74  5893092.75   0.997328   0.002592   0.003646  124.816
  469339.56  5893092.18   0.998466   0.002589   0.003650  124.964
  469340.37  5893091.60   0.999609   0.002585   0.003653  125.112
  469341.19  5893091.03   1.000758   0.002582   0.003657  125.260
  469342.01  5893090.45   1.001912   0.002578   0.003660  125.408
  469342.82  5893089.86   1.003072   0.002574   0.003663  125.556
  469343.64  5893089.28   1.004238   0.002571   0.003667  125.704
  469344.45  5893088.69   1.005409   0.002567   0.003670  125.852
  469345.27  5893088.10   1.006587   0.002563   0.003673  126.000
  469346.08  5893087.50   1.007770   0.002560   0.003676  126.148
  469346.89  5893086.91   1.008959   0.002556   0.003680  126.296
  469347.70  5893086.31   1.010153   0.002552   0.003683  126.444
  469348.52  5893085.71   1.011354   0.002548   0.003686  126.591
  469349.33  5893085.10   1.012560   0.002544   0.003689  126.739
  469350.14  5893084.49   1.013772   0.002541   0.003693  126.887
  469350.95  5893083.88   1.014990   0.002537   0.003696  127.034
  469351.76  5893083.27   1.016214   0.002533   0.003699  127.182
  469352.56  5893082.65   1.017443   0.002529   0.003702  127.329
  469353.37  5893082.03   1.018679   0.002525   0.003705  127.476
  469354.18  5893081.41   1.019921   0.002521   0.003708  127.624
  469354.99  5893080.78   1.021168   0.002517   0.003711  127.771
  469355.79  5893080.16   1.022422   0.002513   0.003714  127.918
  469356.60  5893079.52   1.023682   0.002508   0.003717  128.066
  469357.40  5893078.89   1.024947   0.002504   0.003721  128.213
  469358.21  5893078.25   1.026219   0.002500   0.003724  128.360
  469359.01  5893077.62   1.027496   0.002496   0.003727  128.507
  469359.81  5893076.97   1.028780   0.002492   0.003730  128.654
  469360.62  5893076.33   1.030070   0.002488   0.003734  128.801
  469361.42  5893075.68   1.031367   0.002485   0.003738  128.947
  469362.22  5893075.03   1.032670   0.002479   0.003738  129.094
  469363.02  5893074.38   1.033977   0.002471   0.003736  129.241
  469363.82  5893073.72   1.035287   0.002463   0.003734  129.387
  469364.62  5893073.06   1.036602   0.002455   0.003731  129.533
  469365.42  5893072.40   1.037921   0.002448   0.003729  129.679
  469366.21  5893071.73   1.039243   0.002440   0.003727  129.825
  469367.01  5893071.06   1.040569   0.002432   0.003724  129.970
  469367.81  5893070.39   1.041899   0.002425   0.003722  130.115
  469368.60  5893069.72   1.043233   0.002417   0.003720  130.260
  469369.40  5893069.04   1.044571   0.002409   0.003718  130.404
  469370.19  5893068.36   1.045912   0.002402   0.003715  130.549
  469370.98  5893067.68   1.047257   0.002394   0.003713  130.692
  469371.78  5893067.00   1.048606   0.002386   0.003711  130.836
  469372.57  5893066.31   1.049959   0.002379   0.003708  130.979
  469373.36  5893065.62   1.051315   0.002371   0.003706  131.123
  469374.15  5893064.92   1.052675   0.002364   0.003704  131.265
  469374.94  5893064.23   1.054039   0.002356   0.003702  131.408
  469375.73  5893063.53   1.055406   0.002348   0.003699  131.550
  469376.52  5893062.82   1.056777   0.002341   0.003697  131.692
  469377.31  5893062.12   1.058152   0.002333   0.003695  131.834
  469378.09  5893061.41   1.059531   0.002326   0.003693  131.975
  469378.88  5893060.70   1.060913   0.002319   0.003691  132.117
  469379.67  5893059.99   1.062298   0.002311   0.003688  132.258
  469380.45  5893059.27   1.063688   0.002304   0.003686  132.398
  469381.24  5893058.55   1.065081   0.002296   0.003684  132.539
  469382.02  5893057.83   1.066477   0.002289   0.003682  132.679
  469382.80  5893057.10   1.067878   0.002282   0.003680  132.819
  469383.58  5893056.37   1.069281   0.002274   0.003677  132.958
  469384.37  5893055.64   1.070689   0.002267   0.003675  133.098
  469385.15  5893054.91   1.072099   0.002260   0.003673  133.237
  469385.93  5893054.17   1.073514   0.002252   0.003671  133.375
  469386.70  5893053.43   1.074932   0.002245   0.003669  133.514
  469387.48  5893052.69   1.076353   0.002238   0.003667  133.652
  469388.26  5893051.94   1.077778   0.002231   0.003664  133.790
  469389.04  5893051.20   1.079207   0.002223   0.003662  133.928
  469389.81  5893050.45   1.080638   0.002216   0.003660  134.066
  469390.59  5893049.69   1.082074   0.002209   0.003658  134.203
  469391.36  5893048.93   1.083513   0.002202   0.003656  134.340
  469392.14  5893048.17   1.084955   0.002195   0.003654  134.476
  469392.91  5893047.41   1.086401   0.002188   0.003652  134.613
  469393.68  5893046.65   1.087850   0.002181   0.003650  134.749
  469394.45  5893045.88   1.089303   0.002174   0.003647  134.885
  469395.22  5893045.11   1.090759   0.002167   0.003645  135.021
  469395.99  5893044.33   1.092218   0.002160   0.003643  135.156
  469396.76  5893043.56   1.093681   0.002153   0.003641  135.291
  469397.53  5893042.78   1.095147   0.002146   0.003639  135.426
  469398.30  5893042.00   1.096617   0.002139   0.003637  135.561
  469399.06  5893041.21   1.098090   0.002132   0.003635  135.695
  469399.83  5893040.42   1.099566   0.002125   0.003633  135.829
  469400.59  5893039.63   1.101046   0.002118   0.003631  135.963
  469401.36  5893038.84   1.102529   0.002111   0.003629  136.097
  469402.12  5893038.04   1.104015   0.002104   0.003627  136.230
  469402.88  5893037.24   1.105505   0.002097   0.003625  136.363
  469403.65  5893036.44   1.106998   0.002091   0.003623  136.496
  469404.41  5893035.63   1.108494   0.002084   0.003621  136.628
  469405.17  5893034.82   1.109993   0.002077   0.003619  136.761
  469405.93  5893034.01   1.111496   0.002070   0.003617  136.893
  469406.68  5893033.20   1.113002   0.002063   0.003615  137.025
  469407.44  5893032.38   1.114511   0.002057   0.003613  137.156
  469408.20  5893031.56   1.116024   0.002050   0.003611  137.288
  469408.95  5893030.74   1.117540   0.002043   0.003609  137.419
  469409.71  5893029.92   1.119058   0.002037   0.003607  137.550
  469410.46  5893029.09   1.120581   0.002030   0.003605  137.680
  469411.21  5893028.26   1.122106   0.002024   0.003603  137.811
  469411.97  5893027.42   1.123635   0.002017   0.003601  137.941
  469412.72  5893026.59   1.125166   0.002010   0.003599  138.071
  469413.47  5893025.75   1.126701   0.002004   0.003598  138.200
  469414.22  5893024.91   1.128239   0.001997   0.003596  138.329
  469414.97  5893024.06   1.129781   0.001991   0.003594  138.459
  469415.71  5893023.21   1.131325   0.001984   0.003592  138.587
  469416.46  5893022.36   1.132873   0.001978   0.003590  138.716
  469417.21  5893021.51   1.134423   0.001972   0.003588  138.844
  469417.95  5893020.65   1.135977   0.001965   0.003586  138.973
  469418.70  5893019.79   1.137534   0.001959   0.003584  139.101
  469419.44  5893018.93   1.139094   0.001952   0.003583  139.228
  469420.18  5893018.07   1.140657   0.001946   0.003581  139.356
  469420.92  5893017.20   1.142223   0.001940   0.003579  139.483
  469421.67  5893016.33   1.143793   0.001933   0.003577  139.610
  469422.41  5893015.45   1.145365   0.001927   0.003575  139.736
  469423.14  5893014.58   1.146941   0.001921   0.003573  139.863
  469423.88  5893013.70   1.148519   0.001915   0.003572  139.989
  469424.62  5893012.82   1.150101   0.001908   0.003570  140.115
  469425.35  5893011.93   1.151685   0.001902   0.003568  140.241
  469426.09  5893011.04   1.153273   0.001896   0.003566  140.366
  469426.82  5893010.15   1.154863   0.001890   0.003564  140.492
  469427.56  5893009.26   1.156457   0.001884   0.003563  140.617
  469428.29  5893008.37   1.158053   0.001878   0.003561  140.742
  469429.02  5893007.47   1.159653   0.001871   0.003559  140.866
  469429.75  5893006.56   1.161256   0.001865   0.003557  140.990
  469430.48  5893005.66   1.162861   0.001859   0.003556  141.115
  469431.21  5893004.75   1.164470   0.001853   0.003554  141.238
  469431.94  5893003.84   1.166081   0.001847   0.003552  141.362
  469432.66  5893002.93   1.167696   0.001841   0.003551  141.486
  469433.39  5893002.01   1.169313   0.001835   0.003549  141.609
  469434.11  5893001.09   1.170934   0.001829   0.003547  141.732
  469434.84  5893000.17   1.172557   0.001823   0.003545  141.854
  469435.56  5892999.25   1.174183   0.001818   0.003544  141.977
  469436.28  5892998.32   1.175812   0.001812   0.003542  142.099
  469437.00  5892997.39   1.177444   0.001806   0.003540  142.221
  469437.72  5892996.46   1.179079   0.001800   0.003539  142.343
  469438.44  5892995.52   1.180717   0.001794   0.003537  142.465
  469439.16  5892994.59   1.182358   0.001788   0.003535  142.586
  469439.88  5892993.64   1.184001   0.001782   0.003534  142.707
  469440.59  5892992.70   1.185648   0.001777   0.003532  142.828
  469441.31  5892991.75   1.187297   0.001771   0.003531  142.949
  469442.02  5892990.80   1.188949   0.001765   0.003529  143.069
  469442.73  5892989.85   1.190604   0.001760   0.003527  143.189
  469443.45  5892988.90   1.192262   0.001754   0.003526  143.310
  469444.16  5892987.94   1.193923   0.001748   0.003524  143.429
  469444.87  5892986.98   1.195587   0.001743   0.003523  143.549
  469445.58  5892986.01   1.197253   0.001737   0.003521  143.668
  469446.28  5892985.05   1.198922   0.001731   0.003519  143.787
  469446.99  5892984.08   1.200594   0.001726   0.003518  143.906
  469447.70  5892983.10   1.202269   0.001720   0.003516  144.025
  469448.40  5892982.13   1.203947   0.001715   0.003515  144.144
  469449.10  5892981.15   1.205627   0.001709   0.003513  144.262
  469449.81  5892980.17   1.207310   0.001704   0.003512  144.380
  469450.51  5892979.19   1.208996   0.001698   0.003510  144.498
  469451.21  5892978.20   1.210685   0.001693   0.003509  144.615
  469451.91  5892977.21   1.212376   0.001687   0.003507  144.733
  469452.61  5892976.22   1.214071   0.001682   0.003506  144.850
  469453.30  5892975.22   1.215768   0.001676   0.003504  144.967
  469454.00  5892974.23   1.217467   0.001671   0.003503  145.084
  469454.70  5892973.23   1.219170   0.001666   0.003501  145.200
  469455.39  5892972.22   1.220875   0.001660   0.003500  145.317
  469456.08  5892971.22   1.222583   0.001655   0.003498  145.433
  469456.78  5892970.21   1.224293   0.001650   0.003497  145.549
  469457.47  5892969.20   1.226007   0.001644   0.003495  145.664
  469458.16  5892968.18   1.227723   0.001639   0.003494  145.780
  469458.85  5892967.16   1.229441   0.001634   0.003493  145.895
  469459.53  5892966.14   1.231163   0.001629   0.003491  146.010
  469460.22  5892965.12   1.232887   0.001625   0.003493  146.125
  469460.91  5892964.10   1.234615   0.001621   0.003494  146.240
  469461.59  5892963.07   1.236345   0.001613   0.003487  146.355
  469462.27  5892962.04   1.238076   0.001603   0.003474  146.469
  469462.96  5892961.00   1.239809   0.001592   0.003462  146.583
  469463.64  5892959.96   1.241542   0.001582   0.003449  146.696
  469464.32  5892958.93   1.243276   0.001572   0.003436  146.808
  469465.00  5892957.88   1.245011   0.001562   0.003424  146.920
  469465.67  5892956.84   1.246747   0.001552   0.003411  147.032
  469466.35  5892955.79   1.248483   0.001542   0.003399  147.143
  469467.03  5892954.74   1.250220   0.001532   0.003386  147.253
  469467.70  5892953.69   1.251958   0.001522   0.003374  147.363
  469468.38  5892952.63   1.253697   0.001512   0.003362  147.472
  469469.05  5892951.57   1.255435   0.001503   0.003349  147.580
  469469.72  5892950.51   1.257175   0.001493   0.003337  147.689
  469470.39  5892949.44   1.258915   0.001483   0.003325  147.796
  469471.06  5892948.38   1.260655   0.001474   0.003313  147.903
  469471.73  5892947.31   1.262395   0.001464   0.003300  148.010
  469472.40  5892946.23   1.264136   0.001455   0.003288  148.115
  469473.06  5892945.16   1.265877   0.001446   0.003276  148.221
  469473.73  5892944.08   1.267618   0.001436   0.003264  148.326
  469474.39  5892943.00   1.269360   0.001427   0.003252  148.430
  469475.05  5892941.92   1.271101   0.001418   0.003240  148.534
  469475.72  5892940.83   1.272843   0.001409   0.003228  148.637
  469476.38  5892939.74   1.274584   0.001400   0.003216  148.740
  469477.04  5892938.65   1.276326   0.001391   0.003204  148.842
  469477.70  5892937.56   1.278067   0.001382   0.003192  148.944
  469478.35  5892936.46   1.279809   0.001373   0.003180  149.045
  469479.01  5892935.36   1.281550   0.001364   0.003168  149.146
  469479.67  5892934.26   1.283290   0.001355   0.003156  149.246
  469480.32  5892933.15   1.285031   0.001347   0.003145  149.345
  469480.97  5892932.05   1.286771   0.001338   0.003133  149.445
  469481.63  5892930.94   1.288511   0.001329   0.003121  149.543
  469482.28  5892929.82   1.290251   0.001321   0.003109  149.641
  469482.93  5892928.71   1.291990   0.001312   0.003098  149.739
  469483.58  5892927.59   1.293729   0.001304   0.003086  149.836
  469484.23  5892926.47   1.295467   0.001295   0.003075  149.933
  469484.88  5892925.35   1.297204   0.001287   0.003063  150.029
  469485.52  5892924.22   1.298941   0.001279   0.003052  150.125
  469486.17  5892923.09   1.300678   0.001271   0.003040  150.220
  469486.81  5892921.96   1.302413   0.001262   0.003029  150.314
  469487.46  5892920.83   1.304148   0.001254   0.003017  150.409
  469488.10  5892919.69   1.305883   0.001246   0.003006  150.502
  469488.74  5892918.55   1.307616   0.001238   0.002994  150.596
  469489.38  5892917.41   1.309348   0.001230   0.002983  150.688
  469490.02  5892916.27   1.311080   0.001222   0.002972  150.781
  469490.66  5892915.12   1.312811   0.001215   0.002961  150.873
  469491.30  5892913.98   1.314541   0.001207   0.002949  150.964
  469491.93  5892912.82   1.316269   0.001199   0.002938  151.055
  469492.57  5892911.67   1.317997   0.001191   0.002927  151.145
  469493.20  5892910.51   1.319724   0.001184   0.002916  151.235
  469493.84  5892909.36   1.321449   0.001176   0.002905  151.325
  469494.47  5892908.19   1.323174   0.001169   0.002894  151.414
  469495.10  5892907.03   1.324897   0.001161   0.002883  151.502
  469495.73  5892905.86   1.326619   0.001154   0.002872  151.591
  469496.36  5892904.70   1.328340   0.001146   0.002861  151.678
  469496.99  5892903.53   1.330060   0.001139   0.002850  151.765
  469497.62  5892902.35   1.331778   0.001132   0.002839  151.852
  469498.25  5892901.18   1.333495   0.001124   0.002828  151.939
  469498.87  5892900.00   1.335210   0.001117   0.002817  152.025
  469499.50  5892898.82   1.336924   0.001110   0.002806  152.110
  469500.12  5892897.63   1.338637   0.001103   0.002795  152.195
  469500.74  5892896.45   1.340348   0.001096   0.002785  152.280
  469501.37  5892895.26   1.342057   0.001089   0.002774  152.364
  469501.99  5892894.07   1.343765   0.001082   0.002763  152.448
  469502.61  5892892.88   1.345472   0.001075   0.002752  152.531
  469503.23  5892891.68   1.347176   0.001068   0.002742  152.614
  469503.84  5892890.48   1.348880   0.001061   0.002731  152.696
  469504.46  5892889.28   1.350581   0.001055   0.002721  152.778
  469505.08  5892888.08   1.352281   0.001048   0.002710  152.860
  469505.69  5892886.87   1.353979   0.001041   0.002700  152.941
  469506.31  5892885.67   1.355675   0.001035   0.002689  153.022
  469506.92  5892884.46   1.357369   0.001028   0.002679  153.102
  469507.54  5892883.25   1.359062   0.001021   0.002668  153.182
  469508.15  5892882.03   1.360752   0.001015   0.002658  153.262
  469508.76  5892880.81   1.362441   0.001008   0.002647  153.341
  469509.37  5892879.59   1.364128   0.001002   0.002637  153.420
  469509.98  5892878.37   1.365812   0.000996   0.002627  153.498
  469510.59  5892877.15   1.367495   0.000989   0.002616  153.576
  469511.19  5892875.92   1.369176   0.000983   0.002606  153.653
  469511.80  5892874.69   1.370855   0.000977   0.002596  153.730
  469512.40  5892873.46   1.372531   0.000971   0.002586  153.807
  469513.01  5892872.23   1.374206   0.000964   0.002576  153.883
  469513.61  5892870.99   1.375878   0.000958   0.002565  153.959
  469514.22  5892869.76   1.377548   0.000952   0.002555  154.035
  469514.82  5892868.52   1.379216   0.000946   0.002545  154.110
  469515.42  5892867.27   1.380882   0.000940   0.002535  154.185
  469516.02  5892866.03   1.382545   0.000934   0.002525  154.259
  469516.62  5892864.78   1.384207   0.000928   0.002515  154.333
  469517.22  5892863.53   1.385865   0.000922   0.002505  154.407
  469517.81  5892862.28   1.387522   0.000916   0.002495  154.480
  469518.41  5892861.03   1.389176   0.000911   0.002485  154.553
  469519.01  5892859.77   1.390828   0.000905   0.002475  154.625
  469519.60  5892858.52   1.392477   0.000899   0.002466  154.698
  469520.19  5892857.25   1.394124   0.000893   0.002456  154.769
  469520.79  5892855.99   1.395769   0.000888   0.002446  154.841
  469521.38  5892854.73   1.397411   0.000882   0.002436  154.912
  469521.97  5892853.46   1.399050   0.000877   0.002426  154.982
  469522.56  5892852.19   1.400687   0.000871   0.002417  155.053
  469523.15  5892850.92   1.402321   0.000866   0.002407  155.122
  469523.74  5892849.65   1.403953   0.000860   0.002397  155.192
  469524.33  5892848.37   1.405582   0.000855   0.002388  155.261
  469524.91  5892847.09   1.407208   0.000849   0.002378  155.330
  469525.50  5892845.81   1.408832   0.000844   0.002369  155.398
  469526.09  5892844.53   1.410453   0.000838   0.002359  155.467
  469526.67  5892843.24   1.412071   0.000833   0.002349  155.534
  469527.25  5892841.96   1.413687   0.000828   0.002340  155.602
  469527.84  5892840.67   1.415300   0.000823   0.002330  155.669
  469528.42  5892839.38   1.416910   0.000817   0.002321  155.736
  469529.00  5892838.09   1.418517   0.000812   0.002312  155.802
  469529.58  5892836.79   1.420121   0.000807   0.002302  155.868
  469530.16  5892835.49   1.421723   0.000802   0.002293  155.934
  469530.74  5892834.19   1.423321   0.000797   0.002283  155.999
  469531.32  5892832.89   1.424917   0.000792   0.002274  156.064
  469531.89  5892831.59   1.426510   0.000787   0.002265  156.129
  469532.47  5892830.28   1.428100   0.000782   0.002256  156.193
  469533.04  5892828.97   1.429687   0.000777   0.002246  156.257
  469533.62  5892827.66   1.431270   0.000772   0.002237  156.321
  469534.19  5892826.35   1.432851   0.000767   0.002228  156.384
  469534.77  5892825.04   1.434429   0.000762   0.002219  156.447
  469535.34  5892823.72   1.436004   0.000758   0.002210  156.510
  469535.91  5892822.40   1.437575   0.000753   0.002200  156.572
  469536.48  5892821.08   1.439144   0.000748   0.002191  156.634
  469537.05  5892819.76   1.440709   0.000743   0.002182  156.696
  469537.62  5892818.44   1.442272   0.000739   0.002173  156.757
  469538.19  5892817.11   1.443831   0.000734   0.002164  156.818
  469538.75  5892815.78   1.445387   0.000729   0.002155  156.879
  469539.32  5892814.45   1.446939   0.000725   0.002146  156.939
  469539.89  5892813.12   1.448489   0.000720   0.002137  156.999
  469540.45  5892811.78   1.450035   0.000716   0.002128  157.059
  469541.01  5892810.45   1.451578   0.000711   0.002119  157.118
  469541.58  5892809.11   1.453118   0.000707   0.002111  157.178
  469542.14  5892807.77   1.454654   0.000702   0.002102  157.236
  469542.70  5892806.42   1.456187   0.000698   0.002093  157.295
  469543.26  5892805.08   1.457717   0.000693   0.002084  157.353
  469543.82  5892803.73   1.459243   0.000689   0.002075  157.411
  469544.38  5892802.38   1.460766   0.000685   0.002066  157.469
  469544.94  5892801.03   1.462286   0.000680   0.002058  157.526
  469545.50  5892799.68   1.463802   0.000676   0.002049  157.583
  469546.06  5892798.33   1.465315   0.000672   0.002040  157.640
  469546.61  5892796.97   1.466824   0.000668   0.002032  157.696
  469547.17  5892795.61   1.468330   0.000663   0.002023  157.752
  469547.72  5892794.25   1.469832   0.000659   0.002014  157.808
  469548.28  5892792.89   1.471331   0.000655   0.002006  157.864
  469548.83  5892791.53   1.472827   0.000651   0.001997  157.919
  469549.38  5892790.16   1.474318   0.000647   0.001989  157.974
  469549.94  5892788.79   1.475806   0.000643   0.001980  158.028
  469550.49  5892787.42   1.477291   0.000639   0.001972  158.083
  469551.04  5892786.05   1.478772   0.000635   0.001963  158.137
  469551.59  5892784.68   1.480250   0.000631   0.001955  158.191
  469552.14  5892783.30   1.481723   0.000627   0.001946  158.244
  469552.68  5892781.92   1.483193   0.000623   0.001938  158.297
  469553.23  5892780.54   1.484660   0.000619   0.001929  158.350
  469553.78  5892779.16   1.486123   0.000615   0.001921  158.403
  469554.32  5892777.78   1.487582   0.000611   0.001913  158.455
  469554.87  5892776.40   1.489037   0.000607   0.001904  158.507
  469555.41  5892775.01   1.490489   0.000603   0.001896  158.559
  469555.96  5892773.62   1.491937   0.000600   0.001888  158.611
  469556.50  5892772.23   1.493381   0.000596   0.001879  158.662
  469557.04  5892770.84   1.494821   0.000592   0.001871  158.713
  469557.58  5892769.44   1.496258   0.000588   0.001863  158.764
  469558.13  5892768.05   1.497691   0.000585   0.001855  158.814
  469558.67  5892766.65   1.499120   0.000581   0.001846  158.864
  469559.21  5892765.25   1.500545   0.000577   0.001838  158.914
  469559.74  5892763.85   1.501966   0.000574   0.001830  158.964
  469560.28  5892762.45   1.503384   0.000570   0.001822  159.013
  469560.82  5892761.04   1.504797   0.000566   0.001814  159.062
  469561.36  5892759.64   1.506207   0.000563   0.001806  159.111
  469561.89  5892758.23   1.507612   0.000559   0.001798  159.160
  469562.43  5892756.82   1.509014   0.000556   0.001790  159.208
  469562.96  5892755.41   1.510412   0.000552   0.001781  159.256
  469563.50  5892753.99   1.511806   0.000549   0.001773  159.304
  469564.03  5892752.58   1.513196   0.000545   0.001765  159.351
  469564.56  5892751.16   1.514582   0.000542   0.001757  159.399
  469565.10  5892749.74   1.515964   0.000538   0.001749  159.446
  469565.63  5892748.32   1.517342   0.000535   0.001742  159.492
  469566.16  5892746.90   1.518716   0.000531   0.001734  159.539
  469566.69  5892745.47   1.520086   0.000528   0.001726  159.585
  469567.22  5892744.05   1.521452   0.000525   0.001718  159.631
  469567.75  5892742.62   1.522814   0.000521   0.001710  159.677
  469568.27  5892741.19   1.524171   0.000518   0.001702  159.722
  469568.80  5892739.76   1.525525   0.000515   0.001694  159.768
  469569.33  5892738.33   1.526874   0.000512   0.001686  159.813
  469569.85  5892736.89   1.528220   0.000508   0.001679  159.857
  469570.38  5892735.46   1.529561   0.000505   0.001671  159.902
  469570.90  5892734.02   1.530898   0.000502   0.001663  159.946
  469571.43  5892732.58   1.532231   0.000499   0.001655  159.990
  469571.95  5892731.14   1.533560   0.000495   0.001648  160.034
  469572.47  5892729.70   1.534885   0.000492   0.001640  160.077
  469573.00  5892728.25   1.536205   0.000489   0.001632  160.121
  469573.52  5892726.81   1.537521   0.000486   0.001625  160.164
  469574.04  5892725.36   1.538834   0.000483   0.001617  160.207
  469574.56  5892723.91   1.540141   0.000480   0.001609  160.249
  469575.08  5892722.46   1.541445   0.000477   0.001602  160.291
  469575.60  5892721.01   1.542744   0.000474   0.001594  160.334
  469576.12  5892719.56   1.544039   0.000471   0.001587  160.375
  469576.63  5892718.10   1.545330   0.000468   0.001579  160.417
  469577.15  5892716.64   1.546617   0.000465   0.001571  160.458
  469577.67  5892715.19   1.547899   0.000462   0.001564  160.500
  469578.18  5892713.73   1.549177   0.000459   0.001556  160.541
  469578.70  5892712.26   1.550450   0.000456   0.001549  160.581
  469579.21  5892710.80   1.551719   0.000453   0.001541  160.622
  469579.73  5892709.34   1.552984   0.000450   0.001534  160.662
  469580.24  5892707.87   1.554245   0.000447   0.001526  160.702
  469580.75  5892706.40   1.555501   0.000444   0.001519  160.742
  469581.27  5892704.93   1.556753   0.000441   0.001512  160.781
  469581.78  5892703.46   1.558000   0.000438   0.001504  160.821
  469582.29  5892701.99   1.559243   0.000435   0.001497  160.860
  469582.80  5892700.51   1.560482   0.000433   0.001489  160.899
  469583.31  5892699.04   1.561716   0.000430   0.001482  160.937
  469583.82  5892697.56   1.562946   0.000427   0.001475  160.976
  469584.33  5892696.08   1.564171   0.000424   0.001467  161.014
  469584.83  5892694.60   1.565392   0.000421   0.001460  161.052
  469585.34  5892693.12   1.566608   0.000419   0.001453  161.090
  469585.85  5892691.64   1.567820   0.000416   0.001446  161.127
  469586.35  5892690.15   1.569028   0.000413   0.001438  161.165
  469586.86  5892688.67   1.570231   0.000410   0.001431  161.202
  469587.37  5892687.18   1.571429   0.000408   0.001424  161.239
  469587.87  5892685.69   1.572623   0.000405   0.001417  161.276
  469588.37  5892684.20   1.573813   0.000402   0.001409  161.312
  469588.88  5892682.71   1.574997   0.000400   0.001402  161.348
  469589.38  5892681.22   1.576178   0.000397   0.001395  161.384
  469589.88  5892679.72   1.577354   0.000394   0.001388  161.420
  469590.39  5892678.23   1.578525   0.000392   0.001381  161.456
  469590.89  5892676.73   1.579692   0.000389   0.001374  161.491
  469591.39  5892675.23   1.580854   0.000387   0.001367  161.527
  469591.89  5892673.73   1.582011   0.000384   0.001359  161.562
  469592.39  5892672.23   1.583164   0.000382   0.001352  161.596
  469592.89  5892670.73   1.584312   0.000379   0.001345  161.631
  469593.38  5892669.22   1.585456   0.000376   0.001338  161.665
  469593.88  5892667.72   1.586595   0.000374   0.001331  161.700
  469594.38  5892666.21   1.587730   0.000371   0.001324  161.734
  469594.88  5892664.70   1.588859   0.000369   0.001317  161.767
  469595.37  5892663.19   1.589984   0.000366   0.001310  161.801
  469595.87  5892661.68   1.591105   0.000364   0.001303  161.834
  469596.36  5892660.17   1.592221   0.000362   0.001296  161.868
  469596.86  5892658.65   1.593332   0.000359   0.001289  161.901
  469597.35  5892657.14   1.594438   0.000357   0.001282  161.933
  469597.85  5892655.62   1.595540   0.000354   0.001275  161.966
  469598.34  5892654.10   1.596637   0.000352   0.001268  161.998
  469598.83  5892652.58   1.597730   0.000349   0.001262  162.030
  469599.33  5892651.06   1.598817   0.000347   0.001255  162.062
  469599.82  5892649.54   1.599900   0.000345   0.001248  162.094
  469600.31  5892648.02   1.600978   0.000342   0.001241  162.126
  469600.80  5892646.49   1.602052   0.000340   0.001234  162.157
  469601.29  5892644.97   1.603121   0.000338   0.001227  162.188
  469601.78  5892643.44   1.604184   0.000335   0.001220  162.219
  469602.27  5892641.91   1.605244   0.000333   0.001214  162.250
  469602.76  5892640.38   1.606298   0.000331   0.001207  162.281
  469603.25  5892638.85   1.607348   0.000328   0.001200  162.311
  469603.73  5892637.32   1.608392   0.000326   0.001193  162.342
  469604.22  5892635.79   1.609432   0.000324   0.001186  162.372
  469604.71  5892634.25   1.610468   0.000322   0.001180  162.402
  469605.19  5892632.72   1.611498   0.000319   0.001173  162.431
  469605.68  5892631.18   1.612524   0.000317   0.001166  162.461
  469606.16  5892629.64   1.613545   0.000315   0.001160  162.490
  469606.65  5892628.10   1.614560   0.000313   0.001153  162.519
  469607.13  5892626.56   1.615572   0.000311   0.001146  162.548
  469607.62  5892625.02   1.616578   0.000308   0.001139  162.577
  469608.10  5892623.47   1.617579   0.000306   0.001133  162.605
  469608.58  5892621.93   1.618576   0.000304   0.001126  162.634
  469609.07  5892620.38   1.619567   0.000302   0.001120  162.662
  469609.55  5892618.84   1.620554   0.000300   0.001113  162.690
  469610.03  5892617.29   1.621536   0.000297   0.001106  162.718
  469610.51  5892615.74   1.622513   0.000295   0.001100  162.745
  469610.99  5892614.19   1.623485   0.000293   0.001093  162.773
  469611.47  5892612.64   1.624453   0.000291   0.001086  162.800
  469611.95  5892611.09   1.625415   0.000289   0.001080  162.827
  469612.43  5892609.53   1.626372   0.000287   0.001073  162.854
  469612.91  5892607.98   1.627325   0.000285   0.001067  162.881
  469613.39  5892606.42   1.628272   0.000283   0.001060  162.907
  469613.87  5892604.87   1.629215   0.000281   0.001054  162.934
  469614.34  5892603.31   1.630153   0.000279   0.001047  162.960
  469614.82  5892601.75   1.631085   0.000277   0.001041  162.986
  469615.30  5892600.19   1.632013   0.000275   0.001034  163.012
  469615.77  5892598.63   1.632936   0.000273   0.001028  163.038
  469616.25  5892597.06   1.633854   0.000270   0.001021  163.063
  469616.73  5892595.50   1.634767   0.000268   0.001015  163.088
  469617.20  5892593.94   1.635675   0.000266   0.001008  163.114
  469617.68  5892592.37   1.636578   0.000264   0.001002  163.139
  469618.15  5892590.80   1.637475   0.000262   0.000995  163.163
  469618.62  5892589.23   1.638368   0.000261   0.000989  163.188
  469619.10  5892587.67   1.639256   0.000259   0.000983  163.212
  469619.57  5892586.10   1.640139   0.000257   0.000976  163.237
  469620.04  5892584.52   1.641017   0.000255   0.000970  163.261
  469620.51  5892582.95   1.641890   0.000253   0.000963  163.285
  469620.99  5892581.38   1.642758   0.000251   0.000957  163.308
  469621.46  5892579.81   1.643621   0.000249   0.000951  163.332
  469621.93  5892578.23   1.644479   0.000247   0.000944  163.356
  469622.40  5892576.65   1.645331   0.000245   0.000938  163.379
  469622.87  5892575.08   1.646179   0.000243   0.000932  163.402
  469623.34  5892573.50   1.647022   0.000241   0.000925  163.425
  469623.81  5892571.92   1.647859   0.000239   0.000919  163.448
  469624.28  5892570.34   1.648692   0.000237   0.000913  163.470
  469624.75  5892568.76   1.649519   0.000236   0.000906  163.493
  469625.21  5892567.18   1.650342   0.000234   0.000900  163.515
  469625.68  5892565.59   1.651159   0.000232   0.000894  163.537
  469626.15  5892564.01   1.651971   0.000230   0.000887  163.559
  469626.62  5892562.42   1.652778   0.000228   0.000881  163.581
  469627.08  5892560.84   1.653580   0.000226   0.000875  163.602
  469627.55  5892559.25   1.654377   0.000224   0.000869  163.624
  469628.01  5892557.66   1.655169   0.000223   0.000862  163.645
  469628.48  5892556.07   1.655956   0.000221   0.000856  163.666
  469628.95  5892554.49   1.656738   0.000219   0.000850  163.687
  469629.41  5892552.89   1.657514   0.000217   0.000844  163.708
  469629.88  5892551.30   1.658286   0.000215   0.000837  163.728
  469630.34  5892549.71   1.659052   0.000214   0.000831  163.749
  469630.80  5892548.12   1.659813   0.000212   0.000825  163.769
  469631.27  5892546.52   1.660569   0.000210   0.000819  163.789
  469631.73  5892544.93   1.661320   0.000208   0.000813  163.809
  469632.19  5892543.33   1.662066   0.000206   0.000807  163.829
  469632.65  5892541.74   1.662806   0.000205   0.000800  163.849
  469633.12  5892540.14   1.663542   0.000203   0.000794  163.868
  469633.58  5892538.54   1.664272   0.000201   0.000788  163.888
  469634.04  5892536.94   1.664997   0.000199   0.000782  163.907
  469634.50  5892535.34   1.665717   0.000198   0.000776  163.926
  469634.96  5892533.74   1.666431   0.000196   0.000770  163.945
  469635.42  5892532.14   1.667141   0.000194   0.000764  163.963
  469635.88  5892530.53   1.667845   0.000193   0.000758  163.982
  469636.34  5892528.93   1.668545   0.000191   0.000751  164.000
  469636.80  5892527.33   1.669239   0.000189   0.000745  164.019
  469637.26  5892525.72   1.669927   0.000187   0.000739  164.037
  469637.72  5892524.11   1.670611   0.000186   0.000733  164.055
  469638.18  5892522.51   1.671289   0.000184   0.000727  164.072
  469638.64  5892520.90   1.671963   0.000182   0.000721  164.090
  469639.09  5892519.29   1.672631   0.000181   0.000715  164.107
  469639.55  5892517.68   1.673293   0.000179   0.000709  164.125
  469640.01  5892516.07   1.673951   0.000177   0.000703  164.142
  469640.47  5892514.46   1.674603   0.000176   0.000697  164.159
  469640.92  5892512.85   1.675250   0.000174   0.000691  164.176
  469641.38  5892511.24   1.675892   0.000172   0.000685  164.193
  469641.84  5892509.63   1.676529   0.000171   0.000679  164.209
  469642.29  5892508.01   1.677160   0.000169   0.000673  164.226
  469642.75  5892506.40   1.677787   0.000167   0.000667  164.242
  469643.20  5892504.78   1.678408   0.000166   0.000661  164.258
  469643.66  5892503.17   1.679023   0.000164   0.000655  164.274
  469644.11  5892501.55   1.679634   0.000163   0.000649  164.290
  469644.57  5892499.93   1.680239   0.000161   0.000643  164.305
  469645.02  5892498.31   1.680839   0.000159   0.000637  164.321
  469645.48  5892496.70   1.681434   0.000158   0.000631  164.336
  469645.93  5892495.08   1.682023   0.000156   0.000625  164.351
  469646.38  5892493.46   1.682607   0.000155   0.000619  164.366
  469646.84  5892491.84   1.683186   0.000153   0.000613  164.381
  469647.29  5892490.21   1.683760   0.000151   0.000607  164.396
  469647.74  5892488.59   1.684328   0.000150   0.000601  164.411
  469648.19  5892486.97   1.684891   0.000148   0.000595  164.425
  469648.64  5892485.35   1.685449   0.000147   0.000589  164.439
  469649.10  5892483.72   1.686001   0.000145   0.000583  164.454
  469649.55  5892482.10   1.686548   0.000144   0.000578  164.468
  469650.00  5892480.47   1.687090   0.000142   0.000572  164.481
  469650.45  5892478.85   1.687627   0.000140   0.000566  164.495
  469650.90  5892477.22   1.688158   0.000139   0.000560  164.509
  469651.35  5892475.59   1.688684   0.000137   0.000554  164.522
  469651.80  5892473.96   1.689205   0.000136   0.000548  164.536
  469652.25  5892472.34   1.689720   0.000134   0.000542  164.549
  469652.70  5892470.71   1.690230   0.000133   0.000536  164.562
  469653.15  5892469.08   1.690735   0.000131   0.000530  164.575
  469653.60  5892467.45   1.691235   0.000130   0.000525  164.587
  469654.05  5892465.82   1.691729   0.000128   0.000519  164.600
  469654.50  5892464.18   1.692217   0.000127   0.000513  164.612
  469654.95  5892462.55   1.692701   0.000125   0.000507  164.624
  469655.40  5892460.92   1.693179   0.000124   0.000501  164.637
  469655.85  5892459.29   1.693652   0.000122   0.000495  164.649
  469656.29  5892457.65   1.694119   0.000121   0.000490  164.660
  469656.74  5892456.02   1.694582   0.000119   0.000484  164.672
  469657.19  5892454.39   1.695038   0.000118   0.000478  164.684
  469657.64  5892452.75   1.695490   0.000116   0.000472  164.695
  469658.08  5892451.11   1.695936   0.000115   0.000466  164.706
  469658.53  5892449.48   1.696377   0.000113   0.000461  164.718
  469658.98  5892447.84   1.696812   0.000112   0.000455  164.729
  469659.42  5892446.20   1.697242   0.000110   0.000449  164.739
  469659.87  5892444.57   1.697667   0.000109   0.000443  164.750
  469660.32  5892442.93   1.698087   0.000107   0.000437  164.761
  469660.76  5892441.29   1.698501   0.000106   0.000432  164.771
  469661.21  5892439.65   1.698909   0.000104   0.000426  164.781
  469661.65  5892438.01   1.699313   0.000103   0.000420  164.792
  469662.10  5892436.37   1.699711   0.000101   0.000414  164.802
  469662.55  5892434.73   1.700103   0.000100   0.000408  164.812
  469662.99  5892433.09   1.700490   0.000098   0.000403  164.821
  469663.44  5892431.45   1.700872   0.000097   0.000397  164.831
  469663.88  5892429.81   1.701249   0.000096   0.000391  164.840
  469664.33  5892428.16   1.701620   0.000094   0.000385  164.850
  469664.77  5892426.52   1.701986   0.000093   0.000380  164.859
  469665.21  5892424.88   1.702346   0.000091   0.000374  164.868
  469665.66  5892423.23   1.702701   0.000090   0.000368  164.877
  469666.10  5892421.59   1.703051   0.000088   0.000362  164.885
  469666.55  5892419.95   1.703395   0.000087   0.000357  164.894
  469666.99  5892418.30   1.703734   0.000085   0.000351  164.903
  469667.43  5892416.66   1.704067   0.000084   0.000345  164.911
  469667.88  5892415.01   1.704395   0.000083   0.000340  164.919
  469668.32  5892413.36   1.704718   0.000081   0.000334  164.927
  469668.76  5892411.72   1.705035   0.000080   0.000328  164.935
  469669.21  5892410.07   1.705347   0.000078   0.000322  164.943
  469669.65  5892408.42   1.705654   0.000077   0.000317  164.951
  469670.09  5892406.78   1.705955   0.000076   0.000311  164.958
  469670.53  5892405.13   1.706250   0.000074   0.000305  164.965
  469670.98  5892403.48   1.706541   0.000073   0.000300  164.973
  469671.42  5892401.83   1.706826   0.000071   0.000294  164.980
  469671.86  5892400.18   1.707105   0.000070   0.000288  164.987
  469672.30  5892398.54   1.707379   0.000069   0.000282  164.994
  469672.75  5892396.89   1.707648   0.000067   0.000277  165.000
  469673.19  5892395.24   1.707911   0.000066   0.000271  165.007
  469673.63  5892393.59   1.708169   0.000064   0.000265  165.013
  469674.07  5892391.94   1.708422   0.000063   0.000260  165.020
  469674.51  5892390.29   1.708669   0.000062   0.000254  165.026
  469674.95  5892388.64   1.708910   0.000060   0.000248  165.032
  469675.39  5892386.98   1.709147   0.000059   0.000243  165.038
  469675.84  5892385.33   1.709377   0.000057   0.000237  165.043
  469676.28  5892383.68   1.709603   0.000056   0.000231  165.049
  469676.72  5892382.03   1.709823   0.000055   0.000226  165.055
  469677.16  5892380.38   1.710037   0.000053   0.000220  165.060
  469677.60  5892378.72   1.710247   0.000052   0.000214  165.065
  469678.04  5892377.07   1.710450   0.000050   0.000209  165.070
  469678.48  5892375.42   1.710649   0.000049   0.000203  165.075
  469678.92  5892373.77   1.710842   0.000048   0.000197  165.080
  469679.36  5892372.11   1.711029   0.000046   0.000192  165.085
  469679.80  5892370.46   1.711211   0.000045   0.000186  165.089
  469680.24  5892368.81   1.711388   0.000044   0.000180  165.094
  469680.68  5892367.15   1.711559   0.000042   0.000175  165.098
  469681.12  5892365.50   1.711725   0.000041   0.000169  165.102
  469681.56  5892363.84   1.711885   0.000039   0.000163  165.106
  469682.00  5892362.19   1.712040   0.000038   0.000158  165.110
  469682.44  5892360.53   1.712189   0.000037   0.000152  165.114
  469682.88  5892358.88   1.712334   0.000035   0.000146  165.117
  469683.32  5892357.22   1.712472   0.000034   0.000141  165.121
  469683.76  5892355.57   1.712605   0.000033   0.000135  165.124
  469684.20  5892353.91   1.712733   0.000031   0.000130  165.127
  469684.64  5892352.26   1.712855   0.000030   0.000124  165.130
  469685.08  5892350.60   1.712972   0.000028   0.000118  165.133
  469685.52  5892348.95   1.713084   0.000027   0.000113  165.136
  469685.96  5892347.29   1.713190   0.000026   0.000107  165.139
  469686.40  5892345.64   1.713291   0.000024   0.000101  165.141
  469686.84  5892343.98   1.713386   0.000023   0.000096  165.144
  469687.28  5892342.32   1.713475   0.000022   0.000090  165.146
  469687.72  5892340.67   1.713560   0.000020   0.000084  165.148
  469688.15  5892339.01   1.713639   0.000019   0.000079  165.150
  469688.59  5892337.35   1.713712   0.000018   0.000073  165.152
  469689.03  5892335.70   1.713780   0.000016   0.000068  165.154
  469689.47  5892334.04   1.713843   0.000015   0.000062  165.155
  469689.91  5892332.38   1.713900   0.000014   0.000056  165.157
  469690.35  5892330.73   1.713951   0.000012   0.000051  165.158
  469690.79  5892329.07   1.713998   0.000011   0.000045  165.159
  469691.23  5892327.41   1.714038   0.000009   0.000039  165.160
  469691.67  5892325.76   1.714074   0.000008   0.000034  165.161
  469692.11  5892324.10   1.714104   0.000007   0.000028  165.162
  469692.54  5892322.44   1.714128   0.000005   0.000023  165.163
  469692.98  5892320.79   1.714147   0.000004   0.000017  165.163
  469693.42  5892319.13   1.714161   0.000002   0.000010  165.163
  469693.86  5892317.47   1.714166   0.000001   0.000006  165.164
