  469071.00  5891933.50   0.361369   0.000007   0.000001    0.000
  469071.02  5891933.86   0.363108   0.000015   0.000003    3.931
  469071.05  5891934.22   0.366580   0.000029   0.000005    3.932
  469071.07  5891934.59   0.370045   0.000042   0.000008    3.932
  469071.10  5891934.96   0.373503   0.000055   0.000011    3.933
  469071.12  5891935.34   0.376952   0.000067   0.000014    3.934
  469071.15  5891935.71   0.380394   0.000079   0.000016    3.936
  469071.18  5891936.10   0.383828   0.000090   0.000019    3.938
  469071.20  5891936.48   0.387255   0.000101   0.000021    3.940
  469071.23  5891936.87   0.390673   0.000111   0.000024    3.942
  469071.26  5891937.26   0.394084   0.000121   0.000027    3.944
  469071.28  5891937.65   0.397488   0.000130   0.000029    3.947
  469071.31  5891938.05   0.400883   0.000139   0.000032    3.950
  469071.34  5891938.45   0.404271   0.000148   0.000034    3.953
  469071.37  5891938.86   0.407651   0.000156   0.000037    3.957
  469071.40  5891939.27   0.411023   0.000163   0.000039    3.960
  469071.42  5891939.68   0.414388   0.000171   0.000042    3.964
  469071.45  5891940.09   0.417745   0.000178   0.000044    3.968
  469071.48  5891940.51   0.421094   0.000185   0.000046    3.972
  469071.51  5891940.93   0.424435   0.000191   0.000049    3.977
  469071.54  5891941.36   0.427769   0.000198   0.000051    3.982
  469071.57  5891941.79   0.431095   0.000204   0.000054    3.986
  469071.60  5891942.22   0.434413   0.000209   0.000056    3.991
  469071.63  5891942.65   0.437724   0.000215   0.000058    3.997
  469071.66  5891943.09   0.441027   0.000220   0.000061    4.002
  469071.69  5891943.53   0.444322   0.000225   0.000063    4.008
  469071.72  5891943.98   0.447609   0.000230   0.000065    4.013
  469071.76  5891944.43   0.450889   0.000235   0.000068    4.019
  469071.79  5891944.88   0.454161   0.000239   0.000070    4.025
  469071.82  5891945.33   0.457425   0.000244   0.000072    4.032
  469071.85  5891945.79   0.460681   0.000248   0.000074    4.038
  469071.88  5891946.25   0.463930   0.000252   0.000077    4.045
  469071.92  5891946.72   0.467171   0.000256   0.000079    4.051
  469071.95  5891947.18   0.470405   0.000259   0.000081    4.058
  469071.98  5891947.66   0.473630   0.000263   0.000083    4.065
  469072.02  5891948.13   0.476848   0.000266   0.000086    4.072
  469072.05  5891948.61   0.480058   0.000270   0.000088    4.079
  469072.09  5891949.09   0.483261   0.000273   0.000090    4.087
  469072.12  5891949.57   0.486456   0.000276   0.000092    4.094
  469072.16  5891950.06   0.489643   0.000279   0.000094    4.102
  469072.19  5891950.55   0.492822   0.000281   0.000097    4.110
  469072.23  5891951.04   0.495994   0.000284   0.000099    4.118
  469072.26  5891951.54   0.499158   0.000287   0.000101    4.126
  469072.30  5891952.04   0.502314   0.000289   0.000103    4.134
  469072.34  5891952.54   0.505462   0.000292   0.000105    4.142
  469072.37  5891953.05   0.508603   0.000294   0.000108    4.151
  469072.41  5891953.55   0.511736   0.000296   0.000110    4.159
  469072.45  5891954.07   0.514862   0.000298   0.000112    4.168
  469072.48  5891954.58   0.517979   0.000300   0.000114    4.177
  469072.52  5891955.10   0.521089   0.000302   0.000116    4.186
  469072.56  5891955.62   0.524192   0.000304   0.000118    4.195
  469072.60  5891956.14   0.527286   0.000306   0.000120    4.204
  469072.64  5891956.67   0.530373   0.000308   0.000122    4.213
  469072.68  5891957.20   0.533452   0.000310   0.000125    4.223
  469072.72  5891957.74   0.536524   0.000311   0.000127    4.232
  469072.76  5891958.27   0.539587   0.000313   0.000129    4.242
  469072.80  5891958.81   0.542644   0.000314   0.000131    4.251
  469072.84  5891959.35   0.545692   0.000316   0.000133    4.261
  469072.88  5891959.90   0.548733   0.000317   0.000135    4.271
  469072.92  5891960.45   0.551766   0.000319   0.000137    4.281
  469072.96  5891961.00   0.554791   0.000320   0.000139    4.291
  469073.00  5891961.56   0.557808   0.000321   0.000141    4.301
  469073.04  5891962.11   0.560818   0.000323   0.000143    4.312
  469073.09  5891962.67   0.563820   0.000324   0.000146    4.322
  469073.13  5891963.24   0.566815   0.000325   0.000148    4.332
  469073.17  5891963.80   0.569802   0.000326   0.000150    4.343
  469073.21  5891964.37   0.572781   0.000327   0.000152    4.354
  469073.26  5891964.95   0.575752   0.000328   0.000154    4.364
  469073.30  5891965.52   0.578716   0.000329   0.000156    4.375
  469073.35  5891966.10   0.581672   0.000330   0.000158    4.386
  469073.39  5891966.68   0.584620   0.000331   0.000160    4.397
  469073.44  5891967.27   0.587561   0.000332   0.000162    4.408
  469073.48  5891967.85   0.590494   0.000333   0.000164    4.419
  469073.53  5891968.44   0.593419   0.000334   0.000166    4.431
  469073.57  5891969.04   0.596337   0.000334   0.000168    4.442
  469073.62  5891969.63   0.599246   0.000335   0.000170    4.453
  469073.67  5891970.23   0.602149   0.000336   0.000172    4.465
  469073.71  5891970.83   0.605043   0.000337   0.000174    4.476
  469073.76  5891971.44   0.607930   0.000338   0.000176    4.488
  469073.81  5891972.05   0.610809   0.000338   0.000178    4.500
  469073.86  5891972.66   0.613681   0.000339   0.000181    4.512
  469073.91  5891973.27   0.616544   0.000340   0.000183    4.524
  469073.95  5891973.89   0.619401   0.000340   0.000185    4.536
  469074.00  5891974.50   0.622249   0.000341   0.000187    4.548
  469074.05  5891975.13   0.625090   0.000341   0.000189    4.560
  469074.10  5891975.75   0.627923   0.000342   0.000191    4.572
  469074.15  5891976.38   0.630748   0.000343   0.000193    4.584
  469074.20  5891977.01   0.633566   0.000343   0.000195    4.597
  469074.26  5891977.64   0.636376   0.000344   0.000197    4.609
  469074.31  5891978.28   0.639178   0.000344   0.000199    4.622
  469074.36  5891978.92   0.641973   0.000345   0.000201    4.634
  469074.41  5891979.56   0.644760   0.000345   0.000203    4.647
  469074.46  5891980.20   0.647540   0.000346   0.000205    4.660
  469074.52  5891980.85   0.650311   0.000346   0.000207    4.673
  469074.57  5891981.50   0.653075   0.000347   0.000209    4.685
  469074.62  5891982.15   0.655832   0.000347   0.000211    4.698
  469074.68  5891982.80   0.658580   0.000347   0.000213    4.711
  469074.73  5891983.46   0.661321   0.000348   0.000215    4.725
  469074.79  5891984.12   0.664055   0.000348   0.000217    4.738
  469074.84  5891984.79   0.666781   0.000349   0.000219    4.751
  469074.90  5891985.45   0.669499   0.000349   0.000221    4.764
  469074.95  5891986.12   0.672209   0.000349   0.000223    4.778
  469075.01  5891986.79   0.674912   0.000350   0.000225    4.791
  469075.07  5891987.46   0.677607   0.000350   0.000227    4.805
  469075.12  5891988.14   0.680294   0.000351   0.000229    4.818
  469075.18  5891988.82   0.682974   0.000351   0.000231    4.832
  469075.24  5891989.50   0.685646   0.000351   0.000233    4.846
  469075.30  5891990.19   0.688311   0.000352   0.000236    4.859
  469075.35  5891990.87   0.690967   0.000352   0.000238    4.873
  469075.41  5891991.56   0.693616   0.000352   0.000240    4.887
  469075.47  5891992.26   0.696258   0.000353   0.000242    4.901
  469075.53  5891992.95   0.698892   0.000353   0.000244    4.915
  469075.59  5891993.65   0.701518   0.000353   0.000246    4.929
  469075.65  5891994.35   0.704136   0.000353   0.000248    4.944
  469075.71  5891995.05   0.706747   0.000354   0.000250    4.958
  469075.78  5891995.76   0.709351   0.000354   0.000252    4.972
  469075.84  5891996.47   0.711946   0.000354   0.000254    4.987
  469075.90  5891997.18   0.714534   0.000355   0.000256    5.001
  469075.96  5891997.89   0.717114   0.000355   0.000258    5.016
  469076.03  5891998.60   0.719688   0.000355   0.000260    5.030
  469076.09  5891999.32   0.722254   0.000355   0.000262    5.045
  469076.15  5892000.04   0.724811   0.000356   0.000264    5.060
  469076.22  5892000.77   0.727357   0.000356   0.000267    5.074
  469076.28  5892001.49   0.729894   0.000357   0.000269    5.089
  469076.35  5892002.22   0.732422   0.000357   0.000271    5.104
  469076.41  5892002.95   0.734940   0.000358   0.000273    5.119
  469076.48  5892003.68   0.737448   0.000358   0.000275    5.134
  469076.54  5892004.42   0.739946   0.000359   0.000278    5.149
  469076.61  5892005.16   0.742435   0.000359   0.000280    5.164
  469076.68  5892005.90   0.744914   0.000359   0.000282    5.180
  469076.75  5892006.64   0.747384   0.000360   0.000284    5.195
  469076.81  5892007.39   0.749844   0.000360   0.000286    5.210
  469076.88  5892008.14   0.752294   0.000361   0.000289    5.226
  469076.95  5892008.89   0.754735   0.000361   0.000291    5.241
  469077.02  5892009.64   0.757166   0.000362   0.000293    5.257
  469077.09  5892010.39   0.759587   0.000362   0.000295    5.273
  469077.16  5892011.15   0.761999   0.000362   0.000298    5.289
  469077.23  5892011.91   0.764401   0.000363   0.000300    5.304
  469077.30  5892012.67   0.766793   0.000364   0.000302    5.320
  469077.37  5892013.44   0.769177   0.000364   0.000305    5.336
  469077.44  5892014.21   0.771551   0.000364   0.000307    5.352
  469077.52  5892014.97   0.773914   0.000364   0.000308    5.368
  469077.59  5892015.75   0.776266   0.000364   0.000310    5.385
  469077.66  5892016.52   0.778607   0.000364   0.000312    5.401
  469077.74  5892017.30   0.780937   0.000364   0.000314    5.417
  469077.81  5892018.08   0.783256   0.000364   0.000316    5.433
  469077.89  5892018.86   0.785564   0.000364   0.000318    5.450
  469077.96  5892019.64   0.787861   0.000364   0.000320    5.466
  469078.04  5892020.42   0.790148   0.000364   0.000322    5.482
  469078.11  5892021.21   0.792423   0.000364   0.000323    5.499
  469078.19  5892022.00   0.794688   0.000364   0.000325    5.515
  469078.26  5892022.79   0.796941   0.000364   0.000327    5.532
  469078.34  5892023.59   0.799184   0.000364   0.000329    5.549
  469078.42  5892024.39   0.801415   0.000364   0.000331    5.565
  469078.50  5892025.18   0.803636   0.000364   0.000333    5.582
  469078.58  5892025.98   0.805846   0.000365   0.000335    5.599
  469078.65  5892026.79   0.808044   0.000365   0.000337    5.616
  469078.73  5892027.59   0.810232   0.000365   0.000339    5.633
  469078.81  5892028.40   0.812409   0.000365   0.000341    5.650
  469078.89  5892029.21   0.814575   0.000365   0.000343    5.667
  469078.97  5892030.02   0.816730   0.000365   0.000345    5.684
  469079.06  5892030.84   0.818874   0.000365   0.000346    5.701
  469079.14  5892031.65   0.821008   0.000366   0.000348    5.718
  469079.22  5892032.47   0.823130   0.000366   0.000350    5.735
  469079.30  5892033.29   0.825241   0.000366   0.000352    5.752
  469079.39  5892034.11   0.827342   0.000366   0.000354    5.770
  469079.47  5892034.94   0.829431   0.000366   0.000356    5.787
  469079.55  5892035.76   0.831510   0.000367   0.000358    5.804
  469079.64  5892036.59   0.833577   0.000367   0.000360    5.822
  469079.72  5892037.42   0.835634   0.000367   0.000362    5.839
  469079.81  5892038.25   0.837680   0.000367   0.000364    5.857
  469079.89  5892039.09   0.839715   0.000367   0.000366    5.874
  469079.98  5892039.92   0.841739   0.000368   0.000368    5.892
  469080.07  5892040.76   0.843752   0.000368   0.000371    5.910
  469080.15  5892041.60   0.845754   0.000368   0.000373    5.928
  469080.24  5892042.44   0.847745   0.000369   0.000375    5.946
  469080.33  5892043.29   0.849726   0.000369   0.000377    5.963
  469080.42  5892044.13   0.851695   0.000369   0.000379    5.981
  469080.51  5892044.98   0.853654   0.000370   0.000381    5.999
  469080.60  5892045.83   0.855601   0.000370   0.000383    6.017
  469080.69  5892046.68   0.857538   0.000370   0.000385    6.036
  469080.78  5892047.54   0.859464   0.000371   0.000387    6.054
  469080.87  5892048.39   0.861379   0.000371   0.000389    6.072
  469080.96  5892049.25   0.863283   0.000371   0.000391    6.090
  469081.05  5892050.11   0.865176   0.000372   0.000393    6.109
  469081.14  5892050.97   0.867058   0.000372   0.000396    6.127
  469081.24  5892051.83   0.868930   0.000372   0.000398    6.146
  469081.33  5892052.70   0.870790   0.000373   0.000400    6.164
  469081.42  5892053.57   0.872640   0.000373   0.000402    6.183
  469081.52  5892054.43   0.874478   0.000374   0.000404    6.201
  469081.61  5892055.30   0.876306   0.000374   0.000406    6.220
  469081.71  5892056.18   0.878123   0.000375   0.000408    6.239
  469081.81  5892057.05   0.879929   0.000375   0.000411    6.258
  469081.90  5892057.93   0.881724   0.000375   0.000413    6.277
  469082.00  5892058.80   0.883508   0.000376   0.000415    6.296
  469082.10  5892059.68   0.885282   0.000376   0.000417    6.315
  469082.19  5892060.56   0.887044   0.000377   0.000420    6.334
  469082.29  5892061.45   0.888796   0.000378   0.000422    6.353
  469082.39  5892062.33   0.890537   0.000378   0.000424    6.372
  469082.49  5892063.22   0.892266   0.000377   0.000425    6.391
  469082.59  5892064.10   0.893985   0.000377   0.000426    6.411
  469082.69  5892064.99   0.895691   0.000377   0.000427    6.430
  469082.79  5892065.88   0.897387   0.000376   0.000428    6.449
  469082.89  5892066.78   0.899070   0.000376   0.000430    6.469
  469082.99  5892067.67   0.900743   0.000375   0.000431    6.488
  469083.10  5892068.57   0.902404   0.000375   0.000432    6.507
  469083.20  5892069.46   0.904054   0.000375   0.000433    6.527
  469083.30  5892070.36   0.905692   0.000375   0.000434    6.546
  469083.40  5892071.26   0.907319   0.000374   0.000436    6.566
  469083.51  5892072.16   0.908934   0.000374   0.000437    6.585
  469083.61  5892073.07   0.910538   0.000374   0.000438    6.605
  469083.72  5892073.97   0.912130   0.000374   0.000439    6.624
  469083.82  5892074.88   0.913711   0.000373   0.000441    6.644
  469083.93  5892075.79   0.915281   0.000373   0.000442    6.663
  469084.04  5892076.70   0.916839   0.000373   0.000444    6.683
  469084.14  5892077.61   0.918387   0.000374   0.000446    6.702
  469084.25  5892078.52   0.919923   0.000373   0.000446    6.722
  469084.36  5892079.44   0.921447   0.000371   0.000445    6.742
  469084.47  5892080.35   0.922957   0.000369   0.000445    6.761
  469084.58  5892081.27   0.924454   0.000368   0.000444    6.781
  469084.69  5892082.19   0.925938   0.000366   0.000444    6.800
  469084.80  5892083.11   0.927409   0.000365   0.000444    6.820
  469084.91  5892084.03   0.928866   0.000363   0.000443    6.839
  469085.02  5892084.95   0.930311   0.000362   0.000443    6.858
  469085.13  5892085.88   0.931743   0.000360   0.000442    6.878
  469085.24  5892086.80   0.933161   0.000359   0.000442    6.897
  469085.35  5892087.73   0.934566   0.000357   0.000442    6.916
  469085.47  5892088.66   0.935959   0.000356   0.000441    6.935
  469085.58  5892089.59   0.937338   0.000355   0.000441    6.954
  469085.69  5892090.52   0.938704   0.000353   0.000440    6.973
  469085.81  5892091.45   0.940057   0.000352   0.000440    6.992
  469085.92  5892092.39   0.941397   0.000351   0.000440    7.011
  469086.04  5892093.32   0.942723   0.000350   0.000440    7.030
  469086.16  5892094.26   0.944037   0.000349   0.000439    7.049
  469086.27  5892095.19   0.945338   0.000347   0.000439    7.068
  469086.39  5892096.13   0.946625   0.000346   0.000439    7.087
  469086.51  5892097.07   0.947899   0.000345   0.000438    7.106
  469086.62  5892098.01   0.949161   0.000344   0.000438    7.124
  469086.74  5892098.96   0.950409   0.000343   0.000438    7.143
  469086.86  5892099.90   0.951644   0.000342   0.000438    7.162
  469086.98  5892100.85   0.952866   0.000341   0.000438    7.180
  469087.10  5892101.79   0.954075   0.000340   0.000437    7.199
  469087.22  5892102.74   0.955271   0.000339   0.000437    7.218
  469087.34  5892103.69   0.956453   0.000338   0.000437    7.236
  469087.46  5892104.64   0.957623   0.000337   0.000437    7.255
  469087.58  5892105.59   0.958779   0.000336   0.000437    7.273
  469087.70  5892106.54   0.959923   0.000335   0.000437    7.292
  469087.82  5892107.49   0.961053   0.000334   0.000437    7.310
  469087.95  5892108.44   0.962170   0.000333   0.000437    7.328
  469088.07  5892109.40   0.963274   0.000333   0.000436    7.347
  469088.19  5892110.36   0.964365   0.000332   0.000436    7.365
  469088.32  5892111.31   0.965443   0.000331   0.000436    7.384
  469088.44  5892112.27   0.966508   0.000330   0.000436    7.402
  469088.57  5892113.23   0.967559   0.000330   0.000436    7.420
  469088.69  5892114.19   0.968598   0.000329   0.000436    7.438
  469088.82  5892115.15   0.969623   0.000328   0.000436    7.457
  469088.94  5892116.11   0.970636   0.000327   0.000436    7.475
  469089.07  5892117.07   0.971635   0.000327   0.000436    7.493
  469089.20  5892118.04   0.972621   0.000326   0.000436    7.511
  469089.33  5892119.00   0.973594   0.000326   0.000436    7.529
  469089.45  5892119.97   0.974554   0.000325   0.000436    7.548
  469089.58  5892120.94   0.975501   0.000324   0.000437    7.566
  469089.71  5892121.90   0.976435   0.000324   0.000437    7.584
  469089.84  5892122.87   0.977355   0.000323   0.000437    7.602
  469089.97  5892123.84   0.978263   0.000323   0.000437    7.620
  469090.10  5892124.81   0.979157   0.000322   0.000437    7.638
  469090.23  5892125.78   0.980039   0.000322   0.000437    7.656
  469090.36  5892126.75   0.980907   0.000321   0.000437    7.674
  469090.49  5892127.73   0.981762   0.000321   0.000437    7.692
  469090.62  5892128.70   0.982604   0.000320   0.000438    7.710
  469090.76  5892129.67   0.983433   0.000320   0.000438    7.728
  469090.89  5892130.65   0.984249   0.000320   0.000438    7.746
  469091.02  5892131.62   0.985052   0.000319   0.000438    7.765
  469091.16  5892132.60   0.985841   0.000319   0.000438    7.783
  469091.29  5892133.58   0.986618   0.000319   0.000439    7.801
  469091.42  5892134.55   0.987381   0.000318   0.000439    7.819
  469091.56  5892135.53   0.988132   0.000318   0.000439    7.837
  469091.69  5892136.51   0.988869   0.000318   0.000439    7.855
  469091.83  5892137.49   0.989593   0.000318   0.000440    7.873
  469091.96  5892138.47   0.990303   0.000318   0.000440    7.891
  469092.10  5892139.45   0.991000   0.000317   0.000440    7.909
  469092.24  5892140.44   0.991686   0.000316   0.000439    7.927
  469092.38  5892141.42   0.992361   0.000315   0.000438    7.945
  469092.51  5892142.40   0.993024   0.000313   0.000437    7.962
  469092.65  5892143.39   0.993676   0.000312   0.000436    7.980
  469092.79  5892144.37   0.994317   0.000311   0.000435    7.998
  469092.93  5892145.35   0.994947   0.000310   0.000434    8.016
  469093.07  5892146.34   0.995565   0.000309   0.000433    8.033
  469093.21  5892147.33   0.996172   0.000308   0.000432    8.051
  469093.35  5892148.31   0.996768   0.000307   0.000432    8.069
  469093.49  5892149.30   0.997353   0.000306   0.000431    8.086
  469093.63  5892150.29   0.997927   0.000305   0.000430    8.104
  469093.77  5892151.28   0.998489   0.000304   0.000429    8.121
  469093.91  5892152.26   0.999040   0.000303   0.000428    8.139
  469094.05  5892153.25   0.999580   0.000302   0.000427    8.156
  469094.19  5892154.24   1.000109   0.000301   0.000426    8.173
  469094.34  5892155.23   1.000626   0.000300   0.000425    8.190
  469094.48  5892156.22   1.001132   0.000300   0.000425    8.208
  469094.62  5892157.22   1.001627   0.000299   0.000424    8.225
  469094.77  5892158.21   1.002111   0.000298   0.000423    8.242
  469094.91  5892159.20   1.002583   0.000297   0.000422    8.259
  469095.05  5892160.19   1.003044   0.000296   0.000421    8.276
  469095.20  5892161.18   1.003494   0.000295   0.000421    8.293
  469095.34  5892162.18   1.003933   0.000295   0.000420    8.310
  469095.49  5892163.17   1.004361   0.000294   0.000419    8.327
  469095.63  5892164.16   1.004777   0.000293   0.000418    8.344
  469095.78  5892165.16   1.005182   0.000292   0.000418    8.361
  469095.93  5892166.15   1.005576   0.000292   0.000417    8.378
  469096.07  5892167.15   1.005957   0.000291   0.000417    8.394
  469096.22  5892168.14   1.006328   0.000290   0.000415    8.411
  469096.37  5892169.14   1.006689   0.000288   0.000413    8.428
  469096.52  5892170.14   1.007040   0.000287   0.000411    8.445
  469096.66  5892171.13   1.007383   0.000285   0.000409    8.461
  469096.81  5892172.13   1.007715   0.000283   0.000407    8.478
  469096.96  5892173.12   1.008039   0.000282   0.000405    8.494
  469097.11  5892174.12   1.008353   0.000280   0.000403    8.510
  469097.26  5892175.12   1.008658   0.000278   0.000401    8.526
  469097.41  5892176.12   1.008953   0.000277   0.000399    8.543
  469097.56  5892177.11   1.009240   0.000275   0.000396    8.559
  469097.71  5892178.11   1.009516   0.000274   0.000394    8.574
  469097.86  5892179.11   1.009784   0.000272   0.000392    8.590
  469098.01  5892180.11   1.010042   0.000271   0.000390    8.606
  469098.16  5892181.11   1.010290   0.000269   0.000388    8.622
  469098.32  5892182.11   1.010529   0.000267   0.000386    8.637
  469098.47  5892183.11   1.010758   0.000266   0.000384    8.653
  469098.62  5892184.11   1.010977   0.000264   0.000382    8.668
  469098.77  5892185.11   1.011190   0.000263   0.000381    8.683
  469098.93  5892186.11   1.011395   0.000262   0.000379    8.699
  469099.08  5892187.10   1.011592   0.000261   0.000378    8.714
  469099.23  5892188.10   1.011783   0.000260   0.000376    8.729
  469099.39  5892189.10   1.011966   0.000259   0.000375    8.744
  469099.54  5892190.11   1.012142   0.000258   0.000373    8.759
  469099.70  5892191.11   1.012311   0.000257   0.000372    8.774
  469099.85  5892192.11   1.012472   0.000255   0.000370    8.789
  469100.01  5892193.11   1.012626   0.000254   0.000369    8.804
  469100.16  5892194.11   1.012773   0.000253   0.000367    8.818
  469100.32  5892195.11   1.012913   0.000252   0.000366    8.833
  469100.47  5892196.11   1.013046   0.000251   0.000365    8.848
  469100.63  5892197.11   1.013171   0.000250   0.000363    8.862
  469100.78  5892198.11   1.013289   0.000249   0.000362    8.877
  469100.94  5892199.11   1.013400   0.000248   0.000360    8.891
  469101.10  5892200.11   1.013503   0.000247   0.000359    8.906
  469101.26  5892201.12   1.013600   0.000246   0.000358    8.920
  469101.41  5892202.12   1.013689   0.000245   0.000356    8.934
  469101.57  5892203.12   1.013771   0.000244   0.000355    8.949
  469101.73  5892204.12   1.013845   0.000243   0.000353    8.963
  469101.89  5892205.12   1.013913   0.000242   0.000352    8.977
  469102.04  5892206.12   1.013973   0.000241   0.000351    8.991
  469102.20  5892207.12   1.014025   0.000240   0.000349    9.005
  469102.36  5892208.13   1.014071   0.000239   0.000348    9.019
  469102.52  5892209.13   1.014109   0.000238   0.000346    9.033
  469102.68  5892210.13   1.014140   0.000237   0.000345    9.047
  469102.84  5892211.13   1.014164   0.000236   0.000344    9.060
  469103.00  5892212.13   1.014181   0.000235   0.000342    9.074
  469103.16  5892213.13   1.014190   0.000234   0.000341    9.088
  469103.32  5892214.13   1.014192   0.000233   0.000340    9.102
  469103.48  5892215.14   1.014187   0.000233   0.000338    9.115
  469103.64  5892216.14   1.014175   0.000232   0.000337    9.129
  469103.80  5892217.14   1.014151   0.000230   0.000335    9.142
  469103.97  5892218.14   1.014120   0.000230   0.000334    9.155
  469104.13  5892219.14   1.014090   0.000230   0.000334    9.169
  469104.29  5892220.14   1.014060   0.000229   0.000333    9.182
  469104.45  5892221.14   1.014032   0.000229   0.000333    9.195
  469104.61  5892222.14   1.014004   0.000229   0.000332    9.209
  469104.78  5892223.14   1.013976   0.000228   0.000332    9.222
  469104.94  5892224.15   1.013949   0.000228   0.000332    9.235
  469105.10  5892225.15   1.013923   0.000228   0.000331    9.249
  469105.26  5892226.15   1.013898   0.000227   0.000331    9.262
  469105.43  5892227.15   1.013874   0.000227   0.000330    9.275
  469105.59  5892228.15   1.013850   0.000227   0.000330    9.288
  469105.76  5892229.15   1.013827   0.000227   0.000329    9.301
  469105.92  5892230.15   1.013804   0.000226   0.000329    9.315
  469106.08  5892231.15   1.013782   0.000226   0.000328    9.328
  469106.25  5892232.15   1.013761   0.000226   0.000328    9.341
  469106.41  5892233.15   1.013741   0.000225   0.000327    9.354
  469106.58  5892234.15   1.013721   0.000225   0.000327    9.367
  469106.74  5892235.15   1.013703   0.000225   0.000326    9.380
  469106.91  5892236.15   1.013684   0.000224   0.000326    9.393
  469107.07  5892237.15   1.013667   0.000224   0.000326    9.406
  469107.24  5892238.15   1.013650   0.000224   0.000325    9.419
  469107.41  5892239.15   1.013634   0.000223   0.000325    9.432
  469107.57  5892240.15   1.013619   0.000223   0.000324    9.445
  469107.74  5892241.15   1.013604   0.000223   0.000324    9.458
  469107.91  5892242.15   1.013590   0.000222   0.000323    9.471
  469108.07  5892243.15   1.013577   0.000222   0.000323    9.484
  469108.24  5892244.15   1.013564   0.000222   0.000322    9.497
  469108.41  5892245.15   1.013552   0.000222   0.000322    9.510
  469108.58  5892246.15   1.013541   0.000221   0.000321    9.523
  469108.74  5892247.15   1.013530   0.000221   0.000321    9.535
  469108.91  5892248.15   1.013521   0.000221   0.000320    9.548
  469109.08  5892249.15   1.013511   0.000220   0.000320    9.561
  469109.25  5892250.15   1.013503   0.000220   0.000319    9.574
  469109.42  5892251.15   1.013495   0.000220   0.000319    9.587
  469109.59  5892252.14   1.013488   0.000219   0.000319    9.599
  469109.76  5892253.14   1.013482   0.000219   0.000318    9.612
  469109.93  5892254.14   1.013477   0.000219   0.000318    9.625
  469110.09  5892255.14   1.013472   0.000218   0.000317    9.638
  469110.26  5892256.14   1.013468   0.000217   0.000315    9.650
  469110.43  5892257.14   1.013464   0.000216   0.000313    9.663
  469110.61  5892258.14   1.013461   0.000215   0.000312    9.675
  469110.78  5892259.14   1.013459   0.000213   0.000310    9.688
  469110.95  5892260.14   1.013457   0.000212   0.000308    9.700
  469111.12  5892261.14   1.013457   0.000211   0.000306    9.713
  469111.29  5892262.14   1.013456   0.000210   0.000304    9.725
  469111.46  5892263.13   1.013457   0.000208   0.000303    9.737
  469111.63  5892264.13   1.013458   0.000207   0.000301    9.749
  469111.80  5892265.13   1.013460   0.000206   0.000299    9.761
  469111.98  5892266.13   1.013462   0.000205   0.000297    9.773
  469112.15  5892267.13   1.013466   0.000203   0.000295    9.785
  469112.32  5892268.13   1.013469   0.000202   0.000293    9.797
  469112.49  5892269.13   1.013474   0.000201   0.000292    9.808
  469112.67  5892270.13   1.013479   0.000199   0.000290    9.820
  469112.84  5892271.12   1.013485   0.000198   0.000288    9.832
  469113.01  5892272.12   1.013491   0.000197   0.000286    9.843
  469113.19  5892273.12   1.013498   0.000196   0.000284    9.855
  469113.36  5892274.12   1.013506   0.000194   0.000282    9.866
  469113.53  5892275.12   1.013515   0.000193   0.000281    9.877
  469113.71  5892276.12   1.013524   0.000192   0.000279    9.888
  469113.88  5892277.12   1.013533   0.000191   0.000277    9.900
  469114.06  5892278.11   1.013544   0.000189   0.000275    9.911
  469114.23  5892279.11   1.013555   0.000188   0.000273    9.922
  469114.41  5892280.11   1.013567   0.000187   0.000271    9.933
  469114.58  5892281.11   1.013579   0.000186   0.000270    9.943
  469114.76  5892282.11   1.013592   0.000184   0.000268    9.954
  469114.93  5892283.11   1.013606   0.000183   0.000266    9.965
  469115.11  5892284.10   1.013620   0.000182   0.000264    9.976
  469115.28  5892285.10   1.013635   0.000181   0.000262    9.986
  469115.46  5892286.10   1.013650   0.000179   0.000260    9.997
  469115.63  5892287.10   1.013667   0.000178   0.000259   10.007
  469115.81  5892288.10   1.013684   0.000177   0.000257   10.017
  469115.99  5892289.09   1.013701   0.000175   0.000255   10.028
  469116.16  5892290.09   1.013719   0.000174   0.000253   10.038
  469116.34  5892291.09   1.013738   0.000173   0.000251   10.048
  469116.52  5892292.09   1.013758   0.000172   0.000249   10.058
  469116.69  5892293.09   1.013778   0.000170   0.000248   10.068
  469116.87  5892294.09   1.013799   0.000169   0.000246   10.078
  469117.05  5892295.08   1.013820   0.000168   0.000244   10.088
  469117.23  5892296.08   1.013842   0.000167   0.000242   10.097
  469117.41  5892297.08   1.013865   0.000165   0.000240   10.107
  469117.58  5892298.08   1.013888   0.000164   0.000238   10.117
  469117.76  5892299.08   1.013912   0.000163   0.000237   10.126
  469117.94  5892300.07   1.013937   0.000161   0.000235   10.136
  469118.12  5892301.07   1.013962   0.000160   0.000233   10.145
  469118.30  5892302.07   1.013988   0.000159   0.000231   10.154
  469118.48  5892303.07   1.014015   0.000158   0.000229   10.164
  469118.66  5892304.07   1.014042   0.000156   0.000227   10.173
  469118.83  5892305.06   1.014070   0.000155   0.000226   10.182
  469119.01  5892306.06   1.014098   0.000154   0.000224   10.191
  469119.19  5892307.06   1.014127   0.000153   0.000222   10.200
  469119.37  5892308.06   1.014157   0.000151   0.000220   10.209
  469119.55  5892309.06   1.014187   0.000150   0.000218   10.217
  469119.73  5892310.06   1.014218   0.000149   0.000216   10.226
  469119.91  5892311.05   1.014250   0.000147   0.000215   10.235
  469120.09  5892312.05   1.014282   0.000146   0.000213   10.243
  469120.27  5892313.05   1.014315   0.000145   0.000211   10.252
  469120.46  5892314.05   1.014349   0.000144   0.000209   10.260
  469120.64  5892315.05   1.014383   0.000142   0.000207   10.269
  469120.82  5892316.04   1.014418   0.000141   0.000205   10.277
  469121.00  5892317.04   1.014453   0.000140   0.000203   10.285
  469121.18  5892318.04   1.014489   0.000139   0.000202   10.293
  469121.36  5892319.04   1.014526   0.000137   0.000200   10.301
  469121.54  5892320.04   1.014563   0.000136   0.000198   10.309
  469121.72  5892321.03   1.014601   0.000135   0.000196   10.317
  469121.91  5892322.03   1.014640   0.000133   0.000194   10.325
  469122.09  5892323.03   1.014679   0.000132   0.000192   10.333
  469122.27  5892324.03   1.014719   0.000131   0.000191   10.340
  469122.45  5892325.03   1.014759   0.000130   0.000189   10.348
  469122.63  5892326.03   1.014800   0.000128   0.000187   10.356
  469122.82  5892327.02   1.014842   0.000127   0.000185   10.363
  469123.00  5892328.02   1.014884   0.000126   0.000183   10.370
  469123.18  5892329.02   1.014927   0.000125   0.000181   10.378
  469123.37  5892330.02   1.014971   0.000123   0.000180   10.385
  469123.55  5892331.02   1.015015   0.000122   0.000178   10.392
  469123.73  5892332.02   1.015060   0.000121   0.000176   10.399
  469123.92  5892333.01   1.015105   0.000119   0.000174   10.406
  469124.10  5892334.01   1.015151   0.000118   0.000172   10.413
  469124.28  5892335.01   1.015198   0.000117   0.000170   10.420
  469124.47  5892336.01   1.015245   0.000116   0.000168   10.427
  469124.65  5892337.01   1.015293   0.000114   0.000167   10.434
  469124.83  5892338.01   1.015341   0.000113   0.000165   10.440
  469125.02  5892339.00   1.015391   0.000112   0.000163   10.447
  469125.20  5892340.00   1.015440   0.000110   0.000161   10.453
  469125.39  5892341.00   1.015491   0.000109   0.000159   10.460
  469125.57  5892342.00   1.015542   0.000108   0.000157   10.466
  469125.76  5892343.00   1.015593   0.000107   0.000156   10.472
  469125.94  5892344.00   1.015646   0.000105   0.000154   10.479
  469126.13  5892345.00   1.015698   0.000104   0.000152   10.485
  469126.31  5892346.00   1.015752   0.000103   0.000150   10.491
  469126.50  5892346.99   1.015806   0.000102   0.000148   10.497
  469126.68  5892347.99   1.015861   0.000100   0.000146   10.503
  469126.87  5892348.99   1.015916   0.000099   0.000145   10.509
  469127.05  5892349.99   1.015972   0.000098   0.000143   10.514
  469127.24  5892350.99   1.016028   0.000096   0.000141   10.520
  469127.42  5892351.99   1.016086   0.000095   0.000139   10.526
  469127.61  5892352.99   1.016143   0.000094   0.000137   10.531
  469127.79  5892353.99   1.016202   0.000093   0.000135   10.537
  469127.98  5892354.99   1.016261   0.000091   0.000133   10.542
  469128.17  5892355.98   1.016320   0.000090   0.000132   10.547
  469128.35  5892356.98   1.016380   0.000089   0.000130   10.553
  469128.54  5892357.98   1.016441   0.000088   0.000128   10.558
  469128.72  5892358.98   1.016503   0.000086   0.000126   10.563
  469128.91  5892359.98   1.016565   0.000085   0.000124   10.568
  469129.10  5892360.98   1.016627   0.000084   0.000122   10.573
  469129.28  5892361.98   1.016691   0.000082   0.000121   10.578
  469129.47  5892362.98   1.016755   0.000081   0.000119   10.582
  469129.66  5892363.98   1.016819   0.000080   0.000117   10.587
  469129.84  5892364.98   1.016884   0.000079   0.000115   10.592
  469130.03  5892365.98   1.016950   0.000077   0.000113   10.596
  469130.22  5892366.98   1.017016   0.000076   0.000111   10.601
  469130.41  5892367.98   1.017083   0.000075   0.000109   10.605
  469130.59  5892368.98   1.017151   0.000074   0.000108   10.610
  469130.78  5892369.98   1.017219   0.000072   0.000106   10.614
  469130.97  5892370.98   1.017287   0.000071   0.000104   10.618
  469131.16  5892371.98   1.017357   0.000070   0.000102   10.622
  469131.34  5892372.98   1.017427   0.000068   0.000100   10.626
  469131.53  5892373.98   1.017497   0.000067   0.000098   10.630
  469131.72  5892374.98   1.017568   0.000066   0.000097   10.634
  469131.91  5892375.98   1.017640   0.000065   0.000095   10.638
  469132.09  5892376.98   1.017713   0.000064   0.000093   10.642
  469132.28  5892377.98   1.017783   0.000063   0.000092   10.646
  469132.47  5892378.98   1.017855   0.000061   0.000089   10.649
  469132.66  5892379.98   1.017931   0.000058   0.000086   10.653
  469132.85  5892380.98   1.018012   0.000056   0.000082   10.656
  469133.04  5892381.98   1.018098   0.000054   0.000079   10.660
  469133.22  5892382.98   1.018189   0.000051   0.000075   10.663
  469133.41  5892383.98   1.018285   0.000049   0.000072   10.666
  469133.60  5892384.98   1.018386   0.000047   0.000068   10.669
  469133.79  5892385.98   1.018491   0.000044   0.000065   10.671
  469133.98  5892386.98   1.018601   0.000042   0.000061   10.674
  469134.17  5892387.98   1.018716   0.000039   0.000058   10.676
  469134.36  5892388.98   1.018836   0.000037   0.000054   10.679
  469134.54  5892389.99   1.018961   0.000035   0.000051   10.681
  469134.73  5892390.99   1.019091   0.000032   0.000047   10.683
  469134.92  5892391.99   1.019226   0.000030   0.000044   10.685
  469135.11  5892392.99   1.019365   0.000028   0.000041   10.686
  469135.30  5892393.99   1.019509   0.000025   0.000037   10.688
  469135.49  5892394.99   1.019658   0.000023   0.000034   10.689
  469135.68  5892396.00   1.019812   0.000020   0.000030   10.691
  469135.87  5892397.00   1.019971   0.000018   0.000027   10.692
  469136.06  5892398.00   1.020135   0.000016   0.000023   10.693
  469136.25  5892399.00   1.020304   0.000013   0.000020   10.694
  469136.44  5892400.01   1.020477   0.000011   0.000016   10.695
  469136.62  5892401.01   1.020655   0.000009   0.000013   10.695
  469136.81  5892402.01   1.020838   0.000006   0.000009   10.696
  469137.00  5892403.01   1.021026   0.000004   0.000006   10.696
  469137.19  5892404.02   1.021219   0.000002   0.000002   10.697
  469137.38  5892405.02   1.021417   0.000001   0.000001   10.697
  469137.57  5892406.03   1.021619   0.000003   0.000005   10.697
  469137.76  5892407.03   1.021827   0.000005   0.000008   10.696
  469137.95  5892408.03   1.022039   0.000008   0.000012   10.696
  469138.14  5892409.04   1.022256   0.000010   0.000015   10.696
  469138.33  5892410.04   1.022478   0.000013   0.000019   10.695
  469138.52  5892411.05   1.022704   0.000015   0.000022   10.694
  469138.71  5892412.05   1.022936   0.000017   0.000025   10.693
  469138.90  5892413.06   1.023173   0.000020   0.000029   10.692
  469139.09  5892414.06   1.023414   0.000022   0.000032   10.691
  469139.28  5892415.07   1.023660   0.000024   0.000036   10.690
  469139.47  5892416.08   1.023911   0.000027   0.000039   10.689
  469139.66  5892417.08   1.024167   0.000029   0.000043   10.687
  469139.85  5892418.09   1.024428   0.000031   0.000046   10.685
  469140.04  5892419.09   1.024693   0.000033   0.000050   10.683
  469140.23  5892420.10   1.024964   0.000036   0.000053   10.682
  469140.42  5892421.11   1.025239   0.000038   0.000057   10.679
  469140.61  5892422.12   1.025519   0.000040   0.000060   10.677
  469140.80  5892423.12   1.025804   0.000043   0.000063   10.675
  469140.99  5892424.13   1.026094   0.000045   0.000067   10.672
  469141.18  5892425.14   1.026389   0.000047   0.000070   10.670
  469141.37  5892426.15   1.026688   0.000050   0.000074   10.667
  469141.56  5892427.16   1.026993   0.000052   0.000077   10.664
  469141.75  5892428.17   1.027302   0.000054   0.000081   10.661
  469141.94  5892429.18   1.027616   0.000056   0.000084   10.658
  469142.13  5892430.19   1.027935   0.000059   0.000088   10.654
  469142.32  5892431.20   1.028259   0.000061   0.000091   10.651
  469142.51  5892432.21   1.028588   0.000063   0.000094   10.647
  469142.70  5892433.22   1.028921   0.000065   0.000098   10.644
  469142.89  5892434.23   1.029260   0.000068   0.000101   10.640
  469143.08  5892435.24   1.029603   0.000070   0.000105   10.636
  469143.27  5892436.26   1.029951   0.000072   0.000108   10.632
  469143.46  5892437.27   1.030304   0.000074   0.000112   10.627
  469143.65  5892438.28   1.030662   0.000077   0.000115   10.623
  469143.84  5892439.29   1.031025   0.000079   0.000118   10.619
  469144.03  5892440.31   1.031392   0.000081   0.000122   10.614
  469144.22  5892441.32   1.031765   0.000083   0.000125   10.609
  469144.41  5892442.34   1.032142   0.000085   0.000129   10.604
  469144.60  5892443.35   1.032524   0.000088   0.000132   10.599
  469144.79  5892444.37   1.032911   0.000090   0.000136   10.594
  469144.98  5892445.38   1.033303   0.000092   0.000139   10.589
  469145.17  5892446.40   1.033700   0.000094   0.000142   10.583
  469145.36  5892447.41   1.034102   0.000096   0.000146   10.578
  469145.55  5892448.43   1.034508   0.000099   0.000149   10.572
  469145.74  5892449.45   1.034920   0.000101   0.000153   10.566
  469145.93  5892450.47   1.035336   0.000103   0.000156   10.560
  469146.12  5892451.48   1.035757   0.000105   0.000159   10.554
  469146.31  5892452.50   1.036183   0.000107   0.000163   10.548
  469146.50  5892453.52   1.036614   0.000109   0.000166   10.541
  469146.69  5892454.54   1.037049   0.000111   0.000169   10.535
  469146.88  5892455.56   1.037490   0.000114   0.000173   10.528
  469147.07  5892456.58   1.037936   0.000116   0.000176   10.522
  469147.26  5892457.60   1.038386   0.000118   0.000180   10.515
  469147.44  5892458.62   1.038841   0.000120   0.000183   10.508
  469147.63  5892459.64   1.039301   0.000122   0.000186   10.501
  469147.82  5892460.67   1.039766   0.000124   0.000190   10.493
  469148.01  5892461.69   1.040236   0.000126   0.000193   10.486
  469148.20  5892462.71   1.040711   0.000128   0.000196   10.478
  469148.39  5892463.74   1.041190   0.000130   0.000200   10.471
  469148.58  5892464.76   1.041675   0.000132   0.000203   10.463
  469148.77  5892465.78   1.042164   0.000134   0.000206   10.455
  469148.96  5892466.81   1.042659   0.000136   0.000210   10.447
  469149.15  5892467.83   1.043158   0.000138   0.000213   10.439
  469149.34  5892468.86   1.043662   0.000140   0.000216   10.431
  469149.52  5892469.89   1.044171   0.000143   0.000220   10.422
  469149.71  5892470.91   1.044684   0.000145   0.000223   10.414
  469149.90  5892471.94   1.045203   0.000147   0.000226   10.405
  469150.09  5892472.97   1.045727   0.000149   0.000230   10.396
  469150.28  5892474.00   1.046255   0.000151   0.000233   10.387
  469150.47  5892475.03   1.046789   0.000153   0.000236   10.378
  469150.66  5892476.06   1.047327   0.000154   0.000240   10.369
  469150.84  5892477.09   1.047870   0.000156   0.000243   10.360
  469151.03  5892478.12   1.048418   0.000158   0.000246   10.350
  469151.22  5892479.15   1.048971   0.000160   0.000250   10.341
  469151.41  5892480.18   1.049529   0.000162   0.000253   10.331
  469151.60  5892481.22   1.050091   0.000164   0.000256   10.322
  469151.79  5892482.25   1.050659   0.000166   0.000259   10.312
  469151.97  5892483.28   1.051231   0.000168   0.000263   10.302
  469152.16  5892484.32   1.051809   0.000171   0.000267   10.292
  469152.35  5892485.35   1.052392   0.000174   0.000272   10.281
  469152.54  5892486.39   1.052980   0.000176   0.000276   10.271
  469152.72  5892487.43   1.053574   0.000179   0.000281   10.260
  469152.91  5892488.46   1.054173   0.000182   0.000286   10.249
  469153.10  5892489.50   1.054778   0.000184   0.000290   10.238
  469153.29  5892490.54   1.055388   0.000187   0.000295   10.227
  469153.47  5892491.58   1.056004   0.000190   0.000299   10.216
  469153.66  5892492.62   1.056624   0.000192   0.000304   10.205
  469153.85  5892493.66   1.057251   0.000195   0.000308   10.193
  469154.04  5892494.70   1.057882   0.000198   0.000313   10.181
  469154.22  5892495.74   1.058519   0.000200   0.000317   10.169
  469154.41  5892496.78   1.059162   0.000203   0.000322   10.157
  469154.60  5892497.83   1.059810   0.000205   0.000326   10.145
  469154.78  5892498.87   1.060463   0.000208   0.000331   10.132
  469154.97  5892499.91   1.061122   0.000211   0.000335   10.120
  469155.15  5892500.96   1.061786   0.000213   0.000340   10.107
  469155.34  5892502.01   1.062456   0.000216   0.000344   10.094
  469155.53  5892503.05   1.063131   0.000218   0.000349   10.081
  469155.71  5892504.10   1.063811   0.000221   0.000353   10.067
  469155.90  5892505.15   1.064497   0.000223   0.000358   10.054
  469156.08  5892506.19   1.065188   0.000226   0.000362   10.040
  469156.27  5892507.24   1.065885   0.000228   0.000366   10.027
  469156.45  5892508.29   1.066587   0.000231   0.000371   10.013
  469156.64  5892509.34   1.067295   0.000233   0.000375    9.998
  469156.83  5892510.40   1.068008   0.000235   0.000380    9.984
  469157.01  5892511.45   1.068726   0.000238   0.000384    9.970
  469157.20  5892512.50   1.069450   0.000240   0.000389    9.955
  469157.38  5892513.56   1.070179   0.000243   0.000393    9.941
  469157.56  5892514.61   1.070914   0.000245   0.000397    9.926
  469157.75  5892515.67   1.071654   0.000247   0.000402    9.911
  469157.93  5892516.72   1.072400   0.000250   0.000406    9.895
  469158.12  5892517.78   1.073151   0.000252   0.000411    9.880
  469158.30  5892518.84   1.073908   0.000254   0.000415    9.865
  469158.48  5892519.89   1.074670   0.000257   0.000419    9.849
  469158.67  5892520.95   1.075438   0.000259   0.000424    9.833
  469158.85  5892522.01   1.076211   0.000261   0.000428    9.817
  469159.03  5892523.07   1.076989   0.000264   0.000432    9.801
  469159.22  5892524.14   1.077773   0.000266   0.000437    9.785
  469159.40  5892525.20   1.078563   0.000268   0.000441    9.768
  469159.58  5892526.26   1.079357   0.000270   0.000445    9.752
  469159.77  5892527.33   1.080158   0.000273   0.000450    9.735
  469159.95  5892528.39   1.080964   0.000275   0.000454    9.718
  469160.13  5892529.46   1.081775   0.000277   0.000458    9.701
  469160.31  5892530.52   1.082592   0.000279   0.000463    9.684
  469160.49  5892531.59   1.083414   0.000281   0.000467    9.667
  469160.68  5892532.66   1.084242   0.000283   0.000471    9.649
  469160.86  5892533.73   1.085075   0.000286   0.000475    9.632
  469161.04  5892534.80   1.085914   0.000288   0.000480    9.614
  469161.22  5892535.87   1.086759   0.000290   0.000484    9.596
  469161.40  5892536.94   1.087608   0.000292   0.000488    9.578
  469161.58  5892538.02   1.088464   0.000294   0.000492    9.560
  469161.76  5892539.09   1.089325   0.000296   0.000497    9.541
  469161.94  5892540.16   1.090191   0.000298   0.000501    9.523
  469162.12  5892541.24   1.091063   0.000300   0.000505    9.504
  469162.30  5892542.32   1.091940   0.000302   0.000509    9.486
  469162.48  5892543.39   1.092823   0.000304   0.000513    9.467
  469162.66  5892544.47   1.093712   0.000306   0.000518    9.448
  469162.84  5892545.55   1.094606   0.000308   0.000522    9.429
  469163.02  5892546.63   1.095505   0.000310   0.000526    9.409
  469163.20  5892547.71   1.096410   0.000312   0.000530    9.390
  469163.38  5892548.80   1.097321   0.000314   0.000534    9.370
  469163.56  5892549.88   1.098237   0.000316   0.000538    9.350
  469163.73  5892550.96   1.099159   0.000318   0.000543    9.331
  469163.91  5892552.05   1.100086   0.000319   0.000547    9.311
  469164.09  5892553.13   1.101019   0.000321   0.000551    9.290
  469164.27  5892554.22   1.101957   0.000323   0.000555    9.270
  469164.44  5892555.31   1.102901   0.000325   0.000559    9.250
  469164.62  5892556.40   1.103850   0.000327   0.000563    9.229
  469164.80  5892557.49   1.104805   0.000329   0.000567    9.209
  469164.97  5892558.58   1.105766   0.000330   0.000571    9.188
  469165.15  5892559.67   1.106732   0.000332   0.000575    9.167
  469165.33  5892560.77   1.107704   0.000334   0.000579    9.146
  469165.50  5892561.86   1.108681   0.000336   0.000583    9.125
  469165.68  5892562.95   1.109664   0.000337   0.000588    9.103
  469165.85  5892564.05   1.110652   0.000339   0.000592    9.082
  469166.03  5892565.15   1.111646   0.000341   0.000596    9.060
  469166.20  5892566.25   1.112646   0.000342   0.000600    9.039
  469166.38  5892567.35   1.113651   0.000344   0.000604    9.017
  469166.55  5892568.45   1.114662   0.000346   0.000608    8.995
  469166.73  5892569.55   1.115678   0.000347   0.000612    8.973
  469166.90  5892570.65   1.116700   0.000349   0.000616    8.950
  469167.07  5892571.75   1.117728   0.000351   0.000620    8.928
  469167.25  5892572.86   1.118761   0.000352   0.000624    8.906
  469167.42  5892573.96   1.119800   0.000354   0.000627    8.883
  469167.59  5892575.07   1.120844   0.000355   0.000631    8.860
  469167.76  5892576.18   1.121894   0.000357   0.000635    8.838
  469167.94  5892577.29   1.122950   0.000359   0.000640    8.815
  469168.11  5892578.40   1.124013   0.000361   0.000645    8.792
  469168.28  5892579.51   1.125083   0.000361   0.000647    8.768
  469168.45  5892580.62   1.126153   0.000361   0.000648    8.745
  469168.62  5892581.74   1.127224   0.000361   0.000649    8.722
  469168.79  5892582.85   1.128296   0.000361   0.000649    8.698
  469168.96  5892583.97   1.129370   0.000360   0.000650    8.675
  469169.13  5892585.08   1.130444   0.000360   0.000651    8.652
  469169.30  5892586.20   1.131519   0.000360   0.000652    8.628
  469169.47  5892587.32   1.132596   0.000360   0.000652    8.605
  469169.64  5892588.44   1.133673   0.000359   0.000653    8.582
  469169.81  5892589.56   1.134751   0.000359   0.000654    8.558
  469169.98  5892590.69   1.135831   0.000359   0.000655    8.535
  469170.14  5892591.81   1.136911   0.000359   0.000655    8.512
  469170.31  5892592.94   1.137993   0.000358   0.000656    8.488
  469170.48  5892594.06   1.139075   0.000358   0.000657    8.465
  469170.65  5892595.19   1.140159   0.000358   0.000658    8.442
  469170.81  5892596.32   1.141243   0.000358   0.000658    8.418
  469170.98  5892597.45   1.142329   0.000357   0.000659    8.395
  469171.15  5892598.58   1.143415   0.000357   0.000660    8.371
  469171.31  5892599.71   1.144503   0.000357   0.000661    8.348
  469171.48  5892600.84   1.145591   0.000356   0.000662    8.325
  469171.64  5892601.98   1.146681   0.000356   0.000662    8.301
  469171.81  5892603.11   1.147772   0.000356   0.000663    8.278
  469171.97  5892604.25   1.148864   0.000356   0.000664    8.254
  469172.14  5892605.39   1.149956   0.000356   0.000665    8.231
  469172.30  5892606.52   1.151053   0.000356   0.000667    8.208
  469172.47  5892607.66   1.152151   0.000355   0.000666    8.184
  469172.63  5892608.81   1.153244   0.000353   0.000664    8.161
  469172.79  5892609.95   1.154332   0.000351   0.000662    8.137
  469172.96  5892611.09   1.155415   0.000349   0.000659    8.114
  469173.12  5892612.24   1.156494   0.000347   0.000657    8.091
  469173.28  5892613.38   1.157568   0.000346   0.000655    8.068
  469173.44  5892614.53   1.158638   0.000344   0.000653    8.045
  469173.61  5892615.68   1.159702   0.000342   0.000651    8.022
  469173.77  5892616.82   1.160762   0.000340   0.000648    8.000
  469173.93  5892617.97   1.161818   0.000339   0.000646    7.977
  469174.09  5892619.13   1.162868   0.000337   0.000644    7.954
  469174.25  5892620.28   1.163914   0.000335   0.000642    7.932
  469174.41  5892621.43   1.164955   0.000333   0.000640    7.910
  469174.57  5892622.59   1.165991   0.000332   0.000638    7.887
  469174.73  5892623.74   1.167023   0.000330   0.000636    7.865
  469174.89  5892624.90   1.168049   0.000328   0.000634    7.843
  469175.05  5892626.06   1.169071   0.000327   0.000631    7.821
  469175.21  5892627.21   1.170089   0.000325   0.000629    7.799
  469175.37  5892628.37   1.171101   0.000323   0.000627    7.777
  469175.52  5892629.53   1.172109   0.000322   0.000625    7.756
  469175.68  5892630.70   1.173112   0.000320   0.000623    7.734
  469175.84  5892631.86   1.174110   0.000319   0.000621    7.713
  469176.00  5892633.02   1.175104   0.000317   0.000619    7.691
  469176.15  5892634.19   1.176093   0.000315   0.000617    7.670
  469176.31  5892635.36   1.177077   0.000314   0.000615    7.649
  469176.47  5892636.52   1.178056   0.000312   0.000613    7.627
  469176.62  5892637.69   1.179031   0.000311   0.000611    7.606
  469176.78  5892638.86   1.180001   0.000309   0.000609    7.585
  469176.93  5892640.03   1.180966   0.000308   0.000607    7.564
  469177.09  5892641.20   1.181926   0.000306   0.000605    7.544
  469177.24  5892642.37   1.182881   0.000305   0.000603    7.523
  469177.40  5892643.55   1.183832   0.000303   0.000601    7.502
  469177.55  5892644.72   1.184778   0.000302   0.000599    7.482
  469177.71  5892645.90   1.185719   0.000300   0.000597    7.461
  469177.86  5892647.07   1.186656   0.000299   0.000595    7.441
  469178.01  5892648.25   1.187587   0.000297   0.000593    7.421
  469178.17  5892649.43   1.188514   0.000296   0.000591    7.400
  469178.32  5892650.61   1.189436   0.000294   0.000589    7.380
  469178.47  5892651.79   1.190354   0.000293   0.000587    7.360
  469178.62  5892652.97   1.191266   0.000292   0.000585    7.340
  469178.77  5892654.15   1.192174   0.000290   0.000583    7.320
  469178.93  5892655.33   1.193077   0.000289   0.000581    7.300
  469179.08  5892656.52   1.193975   0.000287   0.000579    7.281
  469179.23  5892657.70   1.194869   0.000286   0.000578    7.261
  469179.38  5892658.89   1.195757   0.000285   0.000576    7.241
  469179.53  5892660.07   1.196641   0.000283   0.000574    7.222
  469179.68  5892661.26   1.197520   0.000282   0.000572    7.202
  469179.83  5892662.45   1.198394   0.000281   0.000570    7.183
  469179.98  5892663.64   1.199264   0.000279   0.000568    7.164
  469180.13  5892664.83   1.200129   0.000278   0.000566    7.145
  469180.28  5892666.02   1.200989   0.000277   0.000564    7.126
  469180.43  5892667.21   1.201844   0.000275   0.000562    7.107
  469180.57  5892668.41   1.202694   0.000274   0.000561    7.088
  469180.72  5892669.60   1.203539   0.000273   0.000559    7.069
  469180.87  5892670.80   1.204380   0.000271   0.000557    7.050
  469181.02  5892671.99   1.205216   0.000270   0.000555    7.031
  469181.16  5892673.19   1.206047   0.000269   0.000553    7.012
  469181.31  5892674.39   1.206874   0.000268   0.000551    6.994
  469181.46  5892675.58   1.207695   0.000266   0.000550    6.975
  469181.60  5892676.78   1.208512   0.000265   0.000548    6.957
  469181.75  5892677.98   1.209324   0.000264   0.000546    6.939
  469181.90  5892679.18   1.210131   0.000263   0.000544    6.920
  469182.04  5892680.39   1.210933   0.000262   0.000542    6.902
  469182.19  5892681.59   1.211731   0.000260   0.000541    6.884
  469182.33  5892682.79   1.212523   0.000259   0.000539    6.866
  469182.48  5892684.00   1.213311   0.000258   0.000537    6.848
  469182.62  5892685.20   1.214094   0.000257   0.000535    6.830
  469182.76  5892686.41   1.214872   0.000256   0.000534    6.812
  469182.91  5892687.61   1.215646   0.000254   0.000532    6.794
  469183.05  5892688.82   1.216414   0.000253   0.000530    6.777
  469183.20  5892690.03   1.217178   0.000252   0.000528    6.759
  469183.34  5892691.24   1.217937   0.000251   0.000527    6.741
  469183.48  5892692.45   1.218691   0.000250   0.000525    6.724
  469183.62  5892693.66   1.219441   0.000249   0.000523    6.706
  469183.77  5892694.87   1.220185   0.000248   0.000521    6.689
  469183.91  5892696.08   1.220925   0.000246   0.000520    6.672
  469184.05  5892697.30   1.221660   0.000245   0.000518    6.654
  469184.19  5892698.51   1.222390   0.000244   0.000516    6.637
  469184.33  5892699.72   1.223115   0.000243   0.000514    6.620
  469184.47  5892700.94   1.223835   0.000242   0.000513    6.603
  469184.61  5892702.16   1.224551   0.000241   0.000511    6.586
  469184.75  5892703.37   1.225262   0.000240   0.000509    6.569
  469184.89  5892704.59   1.225968   0.000239   0.000508    6.552
  469185.03  5892705.81   1.226669   0.000238   0.000506    6.536
  469185.17  5892707.03   1.227365   0.000237   0.000504    6.519
  469185.31  5892708.25   1.228056   0.000236   0.000503    6.502
  469185.45  5892709.47   1.228743   0.000235   0.000501    6.486
  469185.59  5892710.69   1.229425   0.000234   0.000499    6.469
  469185.73  5892711.91   1.230102   0.000233   0.000498    6.453
  469185.86  5892713.13   1.230774   0.000232   0.000496    6.436
  469186.00  5892714.36   1.231441   0.000231   0.000494    6.420
  469186.14  5892715.58   1.232103   0.000230   0.000493    6.404
  469186.28  5892716.81   1.232761   0.000229   0.000491    6.387
  469186.41  5892718.03   1.233413   0.000228   0.000490    6.371
  469186.55  5892719.26   1.234061   0.000227   0.000488    6.355
  469186.69  5892720.48   1.234704   0.000226   0.000486    6.339
  469186.82  5892721.71   1.235342   0.000225   0.000485    6.323
  469186.96  5892722.94   1.235976   0.000224   0.000483    6.307
  469187.09  5892724.17   1.236604   0.000223   0.000481    6.292
  469187.23  5892725.40   1.237228   0.000222   0.000480    6.276
  469187.36  5892726.63   1.237847   0.000221   0.000478    6.260
  469187.50  5892727.86   1.238461   0.000220   0.000477    6.244
  469187.63  5892729.09   1.239070   0.000219   0.000475    6.229
  469187.77  5892730.32   1.239674   0.000218   0.000473    6.213
  469187.90  5892731.56   1.240273   0.000217   0.000472    6.198
  469188.03  5892732.79   1.240868   0.000216   0.000470    6.182
  469188.17  5892734.02   1.241457   0.000215   0.000469    6.167
  469188.30  5892735.26   1.242042   0.000214   0.000467    6.152
  469188.43  5892736.49   1.242622   0.000213   0.000466    6.136
  469188.57  5892737.73   1.243197   0.000212   0.000464    6.121
  469188.70  5892738.97   1.243768   0.000211   0.000463    6.106
  469188.83  5892740.20   1.244333   0.000211   0.000461    6.091
  469188.96  5892741.44   1.244894   0.000210   0.000459    6.076
  469189.09  5892742.68   1.245449   0.000209   0.000458    6.061
  469189.22  5892743.92   1.246000   0.000208   0.000456    6.046
  469189.35  5892745.16   1.246546   0.000207   0.000455    6.031
  469189.49  5892746.40   1.247087   0.000206   0.000453    6.017
  469189.62  5892747.64   1.247623   0.000205   0.000452    6.002
  469189.75  5892748.88   1.248155   0.000204   0.000450    5.987
  469189.88  5892750.12   1.248681   0.000204   0.000449    5.973
  469190.01  5892751.36   1.249203   0.000203   0.000447    5.958
  469190.13  5892752.60   1.249720   0.000202   0.000446    5.944
  469190.26  5892753.85   1.250231   0.000201   0.000444    5.929
  469190.39  5892755.09   1.250738   0.000200   0.000443    5.915
  469190.52  5892756.34   1.251241   0.000199   0.000441    5.900
  469190.65  5892757.58   1.251738   0.000198   0.000440    5.886
  469190.78  5892758.83   1.252230   0.000198   0.000438    5.872
  469190.91  5892760.07   1.252718   0.000197   0.000437    5.858
  469191.03  5892761.32   1.253201   0.000196   0.000435    5.843
  469191.16  5892762.57   1.253678   0.000195   0.000434    5.829
  469191.29  5892763.81   1.254151   0.000194   0.000432    5.815
  469191.41  5892765.06   1.254619   0.000194   0.000431    5.801
  469191.54  5892766.31   1.255083   0.000193   0.000430    5.788
  469191.67  5892767.56   1.255541   0.000192   0.000428    5.774
  469191.79  5892768.81   1.255994   0.000191   0.000427    5.760
  469191.92  5892770.06   1.256443   0.000190   0.000425    5.746
  469192.04  5892771.31   1.256886   0.000190   0.000424    5.732
  469192.17  5892772.56   1.257325   0.000189   0.000422    5.719
  469192.29  5892773.81   1.257759   0.000188   0.000421    5.705
  469192.42  5892775.06   1.258188   0.000187   0.000419    5.692
  469192.54  5892776.31   1.258612   0.000187   0.000418    5.678
  469192.67  5892777.57   1.259032   0.000186   0.000417    5.665
  469192.79  5892778.82   1.259446   0.000185   0.000415    5.651
  469192.92  5892780.07   1.259856   0.000184   0.000414    5.638
  469193.04  5892781.33   1.260260   0.000184   0.000412    5.624
  469193.16  5892782.58   1.260660   0.000183   0.000411    5.611
  469193.29  5892783.84   1.261055   0.000182   0.000410    5.598
  469193.41  5892785.09   1.261445   0.000181   0.000408    5.585
  469193.53  5892786.35   1.261830   0.000181   0.000407    5.572
  469193.65  5892787.60   1.262210   0.000180   0.000405    5.559
  469193.78  5892788.86   1.262585   0.000179   0.000404    5.546
  469193.90  5892790.12   1.262956   0.000178   0.000403    5.533
  469194.02  5892791.37   1.263321   0.000178   0.000401    5.520
  469194.14  5892792.63   1.263682   0.000177   0.000400    5.507
  469194.26  5892793.89   1.264038   0.000176   0.000398    5.494
  469194.38  5892795.15   1.264389   0.000176   0.000397    5.481
  469194.50  5892796.41   1.264735   0.000175   0.000396    5.469
  469194.62  5892797.67   1.265076   0.000174   0.000394    5.456
  469194.74  5892798.93   1.265412   0.000174   0.000393    5.443
  469194.86  5892800.19   1.265743   0.000173   0.000392    5.431
  469194.98  5892801.45   1.266069   0.000172   0.000390    5.418
  469195.10  5892802.71   1.266391   0.000171   0.000389    5.406
  469195.22  5892803.97   1.266708   0.000171   0.000388    5.393
  469195.34  5892805.23   1.267019   0.000170   0.000386    5.381
  469195.46  5892806.49   1.267326   0.000169   0.000385    5.369
  469195.58  5892807.75   1.267628   0.000169   0.000384    5.356
  469195.69  5892809.02   1.267925   0.000168   0.000382    5.344
  469195.81  5892810.28   1.268217   0.000167   0.000381    5.332
  469195.93  5892811.54   1.268504   0.000167   0.000380    5.320
  469196.05  5892812.80   1.268787   0.000166   0.000378    5.307
  469196.16  5892814.07   1.269064   0.000166   0.000377    5.295
  469196.28  5892815.33   1.269337   0.000165   0.000376    5.283
  469196.40  5892816.60   1.269604   0.000164   0.000374    5.271
  469196.51  5892817.86   1.269867   0.000164   0.000373    5.259
  469196.63  5892819.12   1.270125   0.000163   0.000372    5.247
  469196.75  5892820.39   1.270378   0.000162   0.000370    5.236
  469196.86  5892821.65   1.270626   0.000162   0.000369    5.224
  469196.98  5892822.92   1.270869   0.000161   0.000368    5.212
  469197.09  5892824.19   1.271107   0.000160   0.000367    5.200
  469197.21  5892825.45   1.271340   0.000160   0.000365    5.189
  469197.32  5892826.72   1.271569   0.000159   0.000364    5.177
  469197.44  5892827.98   1.271792   0.000159   0.000363    5.165
  469197.55  5892829.25   1.272011   0.000158   0.000361    5.154
  469197.66  5892830.52   1.272224   0.000157   0.000360    5.142
  469197.78  5892831.79   1.272433   0.000157   0.000359    5.131
  469197.89  5892833.05   1.272637   0.000156   0.000358    5.119
  469198.01  5892834.32   1.272836   0.000155   0.000356    5.108
  469198.12  5892835.59   1.273030   0.000155   0.000355    5.097
  469198.23  5892836.86   1.273219   0.000154   0.000354    5.085
  469198.34  5892838.13   1.273403   0.000154   0.000352    5.074
  469198.46  5892839.39   1.273583   0.000153   0.000351    5.063
  469198.57  5892840.66   1.273757   0.000153   0.000350    5.052
  469198.68  5892841.93   1.273926   0.000152   0.000349    5.041
  469198.79  5892843.20   1.274091   0.000151   0.000347    5.030
  469198.90  5892844.47   1.274251   0.000151   0.000346    5.019
  469199.01  5892845.74   1.274405   0.000150   0.000345    5.008
  469199.13  5892847.01   1.274555   0.000150   0.000344    4.997
  469199.24  5892848.28   1.274700   0.000149   0.000342    4.986
  469199.35  5892849.55   1.274840   0.000148   0.000341    4.975
  469199.46  5892850.82   1.274975   0.000148   0.000340    4.964
  469199.57  5892852.09   1.275105   0.000147   0.000339    4.953
  469199.68  5892853.36   1.275231   0.000147   0.000338    4.942
  469199.79  5892854.63   1.275351   0.000146   0.000336    4.932
  469199.90  5892855.90   1.275466   0.000146   0.000335    4.921
  469200.01  5892857.17   1.275577   0.000145   0.000334    4.910
  469200.11  5892858.44   1.275682   0.000145   0.000333    4.900
  469200.22  5892859.71   1.275783   0.000144   0.000331    4.889
  469200.33  5892860.98   1.275879   0.000143   0.000330    4.879
  469200.44  5892862.26   1.275969   0.000143   0.000329    4.868
  469200.55  5892863.53   1.276055   0.000142   0.000328    4.858
  469200.66  5892864.80   1.276136   0.000142   0.000327    4.847
  469200.76  5892866.07   1.276212   0.000141   0.000325    4.837
  469200.87  5892867.34   1.276283   0.000141   0.000324    4.827
  469200.98  5892868.61   1.276350   0.000140   0.000323    4.816
  469201.08  5892869.89   1.276411   0.000140   0.000322    4.806
  469201.19  5892871.16   1.276467   0.000139   0.000321    4.796
  469201.30  5892872.43   1.276519   0.000139   0.000319    4.786
  469201.40  5892873.70   1.276565   0.000138   0.000318    4.775
  469201.51  5892874.97   1.276607   0.000138   0.000317    4.765
  469201.62  5892876.25   1.276643   0.000137   0.000316    4.755
  469201.72  5892877.52   1.276675   0.000137   0.000315    4.745
  469201.83  5892878.79   1.276700   0.000137   0.000315    4.735
  469201.93  5892880.06   1.276719   0.000136   0.000312    4.725
  469202.04  5892881.34   1.276738   0.000134   0.000309    4.715
  469202.14  5892882.61   1.276757   0.000132   0.000305    4.706
  469202.25  5892883.88   1.276776   0.000131   0.000301    4.696
  469202.35  5892885.15   1.276794   0.000129   0.000297    4.686
  469202.45  5892886.43   1.276811   0.000127   0.000293    4.677
  469202.56  5892887.70   1.276829   0.000126   0.000290    4.668
  469202.66  5892888.97   1.276846   0.000124   0.000286    4.658
  469202.77  5892890.24   1.276862   0.000122   0.000282    4.649
  469202.87  5892891.52   1.276878   0.000121   0.000278    4.640
  469202.97  5892892.79   1.276894   0.000119   0.000274    4.632
  469203.08  5892894.06   1.276909   0.000117   0.000271    4.623
  469203.18  5892895.34   1.276924   0.000116   0.000267    4.614
  469203.28  5892896.61   1.276939   0.000114   0.000263    4.606
  469203.38  5892897.88   1.276953   0.000112   0.000259    4.597
  469203.49  5892899.15   1.276966   0.000111   0.000255    4.589
  469203.59  5892900.43   1.276980   0.000109   0.000252    4.581
  469203.69  5892901.70   1.276993   0.000107   0.000248    4.573
  469203.79  5892902.97   1.277005   0.000106   0.000244    4.565
  469203.89  5892904.25   1.277017   0.000104   0.000240    4.557
  469203.99  5892905.52   1.277029   0.000103   0.000236    4.550
  469204.09  5892906.79   1.277040   0.000101   0.000233    4.542
  469204.20  5892908.06   1.277051   0.000099   0.000229    4.535
  469204.30  5892909.34   1.277061   0.000098   0.000225    4.528
  469204.40  5892910.61   1.277072   0.000096   0.000221    4.521
  469204.50  5892911.88   1.277081   0.000094   0.000217    4.514
  469204.60  5892913.16   1.277090   0.000093   0.000214    4.507
  469204.70  5892914.43   1.277099   0.000091   0.000210    4.500
  469204.80  5892915.70   1.277108   0.000089   0.000206    4.493
  469204.90  5892916.98   1.277116   0.000088   0.000202    4.487
  469205.00  5892918.25   1.277123   0.000086   0.000199    4.480
  469205.10  5892919.52   1.277130   0.000084   0.000195    4.474
  469205.20  5892920.80   1.277137   0.000083   0.000191    4.468
  469205.30  5892922.07   1.277143   0.000081   0.000187    4.462
  469205.40  5892923.34   1.277149   0.000079   0.000183    4.456
  469205.49  5892924.62   1.277155   0.000078   0.000180    4.450
  469205.59  5892925.89   1.277160   0.000076   0.000176    4.444
  469205.69  5892927.16   1.277164   0.000075   0.000172    4.439
  469205.79  5892928.44   1.277168   0.000073   0.000168    4.433
  469205.89  5892929.71   1.277172   0.000071   0.000164    4.428
  469205.99  5892930.98   1.277175   0.000070   0.000161    4.423
  469206.09  5892932.26   1.277178   0.000068   0.000157    4.418
  469206.18  5892933.53   1.277181   0.000066   0.000153    4.413
  469206.28  5892934.80   1.277183   0.000065   0.000149    4.408
  469206.38  5892936.08   1.277184   0.000063   0.000145    4.403
  469206.48  5892937.35   1.277186   0.000061   0.000142    4.398
  469206.58  5892938.62   1.277186   0.000060   0.000138    4.394
  469206.67  5892939.90   1.277187   0.000058   0.000134    4.390
  469206.77  5892941.17   1.277187   0.000056   0.000130    4.385
  469206.87  5892942.44   1.277186   0.000055   0.000126    4.381
  469206.97  5892943.72   1.277185   0.000053   0.000123    4.377
  469207.06  5892944.99   1.277184   0.000052   0.000119    4.373
  469207.16  5892946.26   1.277182   0.000050   0.000115    4.370
  469207.26  5892947.54   1.277180   0.000048   0.000112    4.366
  469207.36  5892948.81   1.277177   0.000047   0.000108    4.362
  469207.45  5892950.08   1.277173   0.000045   0.000104    4.359
  469207.55  5892951.36   1.277170   0.000043   0.000099    4.356
  469207.65  5892952.63   1.277167   0.000041   0.000094    4.352
  469207.74  5892953.90   1.277164   0.000039   0.000089    4.349
  469207.84  5892955.18   1.277161   0.000036   0.000084    4.347
  469207.94  5892956.45   1.277159   0.000034   0.000079    4.344
  469208.03  5892957.73   1.277156   0.000032   0.000074    4.341
  469208.13  5892959.00   1.277154   0.000030   0.000069    4.339
  469208.23  5892960.27   1.277152   0.000028   0.000064    4.337
  469208.32  5892961.55   1.277150   0.000026   0.000059    4.335
  469208.42  5892962.82   1.277148   0.000024   0.000054    4.333
  469208.52  5892964.09   1.277146   0.000021   0.000049    4.331
  469208.61  5892965.37   1.277145   0.000019   0.000044    4.330
  469208.71  5892966.64   1.277144   0.000017   0.000040    4.328
  469208.81  5892967.91   1.277142   0.000015   0.000035    4.327
  469208.90  5892969.19   1.277141   0.000013   0.000030    4.326
  469209.00  5892970.46   1.277140   0.000011   0.000025    4.325
  469209.10  5892971.73   1.277140   0.000009   0.000020    4.324
  469209.19  5892973.01   1.277139   0.000006   0.000015    4.324
  469209.29  5892974.28   1.277139   0.000004   0.000009    4.323
  469209.38  5892975.55   1.277139   0.000002   0.000005    4.323
