  472691.00  5895343.50   0.096298   0.000160   0.000002    0.000
  472690.93  5895343.56   0.097255   0.000311   0.000004  -49.376
  472690.85  5895343.63   0.099168   0.000590   0.000008  -49.377
  472690.78  5895343.69   0.101078   0.000842   0.000012  -49.381
  472690.70  5895343.76   0.102987   0.001071   0.000016  -49.386
  472690.62  5895343.83   0.104893   0.001278   0.000020  -49.392
  472690.54  5895343.90   0.106797   0.001467   0.000024  -49.400
  472690.46  5895343.97   0.108699   0.001638   0.000027  -49.409
  472690.38  5895344.04   0.110598   0.001793   0.000031  -49.419
  472690.29  5895344.11   0.112495   0.001935   0.000035  -49.430
  472690.20  5895344.18   0.114390   0.002063   0.000038  -49.443
  472690.12  5895344.26   0.116283   0.002180   0.000042  -49.456
  472690.03  5895344.33   0.118173   0.002286   0.000045  -49.471
  472689.94  5895344.41   0.120062   0.002383   0.000049  -49.486
  472689.85  5895344.49   0.121948   0.002470   0.000052  -49.503
  472689.75  5895344.57   0.123832   0.002550   0.000055  -49.520
  472689.66  5895344.65   0.125713   0.002622   0.000059  -49.538
  472689.56  5895344.73   0.127593   0.002688   0.000062  -49.557
  472689.46  5895344.82   0.129470   0.002747   0.000065  -49.577
  472689.36  5895344.90   0.131345   0.002801   0.000068  -49.597
  472689.26  5895344.99   0.133218   0.002850   0.000072  -49.618
  472689.16  5895345.07   0.135088   0.002894   0.000075  -49.640
  472689.06  5895345.16   0.136956   0.002933   0.000078  -49.662
  472688.95  5895345.25   0.138823   0.002968   0.000081  -49.685
  472688.84  5895345.34   0.140687   0.003000   0.000084  -49.709
  472688.74  5895345.43   0.142548   0.003029   0.000087  -49.733
  472688.63  5895345.53   0.144408   0.003054   0.000090  -49.758
  472688.52  5895345.62   0.146265   0.003076   0.000093  -49.783
  472688.40  5895345.71   0.148120   0.003096   0.000096  -49.809
  472688.29  5895345.81   0.149973   0.003114   0.000099  -49.835
  472688.17  5895345.91   0.151824   0.003129   0.000102  -49.862
  472688.06  5895346.01   0.153673   0.003142   0.000105  -49.889
  472687.94  5895346.11   0.155519   0.003153   0.000108  -49.917
  472687.82  5895346.21   0.157363   0.003162   0.000111  -49.945
  472687.70  5895346.31   0.159205   0.003170   0.000114  -49.973
  472687.58  5895346.41   0.161045   0.003176   0.000117  -50.002
  472687.45  5895346.52   0.162883   0.003181   0.000119  -50.032
  472687.33  5895346.62   0.164718   0.003185   0.000122  -50.061
  472687.20  5895346.73   0.166552   0.003187   0.000125  -50.091
  472687.07  5895346.83   0.168383   0.003189   0.000128  -50.122
  472686.94  5895346.94   0.170212   0.003189   0.000131  -50.152
  472686.81  5895347.05   0.172039   0.003188   0.000133  -50.184
  472686.68  5895347.16   0.173864   0.003187   0.000136  -50.215
  472686.54  5895347.27   0.175686   0.003184   0.000139  -50.247
  472686.41  5895347.39   0.177507   0.003181   0.000142  -50.279
  472686.27  5895347.50   0.179325   0.003178   0.000145  -50.311
  472686.13  5895347.62   0.181141   0.003173   0.000147  -50.344
  472685.99  5895347.73   0.182955   0.003168   0.000150  -50.377
  472685.85  5895347.85   0.184767   0.003163   0.000153  -50.410
  472685.70  5895347.97   0.186577   0.003157   0.000155  -50.443
  472685.56  5895348.09   0.188385   0.003151   0.000158  -50.477
  472685.41  5895348.21   0.190190   0.003144   0.000161  -50.511
  472685.27  5895348.33   0.191994   0.003137   0.000164  -50.545
  472685.12  5895348.45   0.193795   0.003129   0.000166  -50.580
  472684.97  5895348.57   0.195594   0.003122   0.000169  -50.615
  472684.82  5895348.70   0.197391   0.003113   0.000172  -50.650
  472684.66  5895348.83   0.199186   0.003105   0.000174  -50.685
  472684.51  5895348.95   0.200979   0.003096   0.000177  -50.720
  472684.35  5895349.08   0.202770   0.003088   0.000180  -50.756
  472684.19  5895349.21   0.204559   0.003079   0.000182  -50.792
  472684.03  5895349.34   0.206346   0.003069   0.000185  -50.828
  472683.87  5895349.47   0.208130   0.003060   0.000187  -50.864
  472683.71  5895349.60   0.209913   0.003051   0.000190  -50.901
  472683.55  5895349.73   0.211693   0.003041   0.000193  -50.937
  472683.38  5895349.87   0.213471   0.003031   0.000195  -50.974
  472683.21  5895350.00   0.215248   0.003021   0.000198  -51.011
  472683.05  5895350.14   0.217022   0.003011   0.000201  -51.049
  472682.88  5895350.27   0.218794   0.003001   0.000203  -51.086
  472682.71  5895350.41   0.220564   0.002991   0.000206  -51.124
  472682.53  5895350.55   0.222332   0.002981   0.000208  -51.161
  472682.36  5895350.69   0.224098   0.002971   0.000211  -51.199
  472682.18  5895350.83   0.225862   0.002961   0.000214  -51.238
  472682.01  5895350.97   0.227624   0.002950   0.000216  -51.276
  472681.83  5895351.12   0.229383   0.002940   0.000219  -51.314
  472681.65  5895351.26   0.231141   0.002930   0.000221  -51.353
  472681.47  5895351.41   0.232897   0.002919   0.000224  -51.392
  472681.29  5895351.55   0.234651   0.002909   0.000227  -51.431
  472681.10  5895351.70   0.236402   0.002899   0.000229  -51.470
  472680.92  5895351.85   0.238152   0.002888   0.000232  -51.509
  472680.73  5895351.99   0.239900   0.002878   0.000234  -51.549
  472680.54  5895352.14   0.241645   0.002868   0.000237  -51.588
  472680.35  5895352.29   0.243389   0.002857   0.000239  -51.628
  472680.16  5895352.45   0.245131   0.002847   0.000242  -51.668
  472679.96  5895352.60   0.246870   0.002837   0.000245  -51.708
  472679.77  5895352.75   0.248608   0.002827   0.000247  -51.748
  472679.57  5895352.91   0.250343   0.002817   0.000250  -51.788
  472679.38  5895353.06   0.252077   0.002806   0.000252  -51.828
  472679.18  5895353.22   0.253809   0.002796   0.000255  -51.869
  472678.98  5895353.37   0.255538   0.002786   0.000257  -51.910
  472678.78  5895353.53   0.257266   0.002776   0.000260  -51.950
  472678.57  5895353.69   0.258992   0.002766   0.000262  -51.991
  472678.37  5895353.85   0.260716   0.002756   0.000265  -52.032
  472678.16  5895354.01   0.262437   0.002747   0.000268  -52.074
  472677.95  5895354.17   0.264157   0.002737   0.000270  -52.115
  472677.74  5895354.34   0.265875   0.002727   0.000273  -52.156
  472677.53  5895354.50   0.267591   0.002717   0.000275  -52.198
  472677.32  5895354.66   0.269305   0.002708   0.000278  -52.240
  472677.11  5895354.83   0.271017   0.002698   0.000280  -52.281
  472676.89  5895355.00   0.272727   0.002689   0.000283  -52.323
  472676.68  5895355.16   0.274435   0.002679   0.000285  -52.365
  472676.46  5895355.33   0.276141   0.002670   0.000288  -52.407
  472676.24  5895355.50   0.277845   0.002660   0.000290  -52.450
  472676.02  5895355.67   0.279547   0.002651   0.000293  -52.492
  472675.79  5895355.84   0.281248   0.002642   0.000296  -52.534
  472675.57  5895356.01   0.282946   0.002633   0.000298  -52.577
  472675.34  5895356.18   0.284643   0.002624   0.000301  -52.620
  472675.12  5895356.36   0.286337   0.002614   0.000303  -52.662
  472674.89  5895356.53   0.288030   0.002605   0.000306  -52.705
  472674.66  5895356.71   0.289721   0.002597   0.000308  -52.748
  472674.43  5895356.88   0.291410   0.002588   0.000311  -52.791
  472674.19  5895357.06   0.293097   0.002579   0.000313  -52.835
  472673.96  5895357.24   0.294782   0.002570   0.000316  -52.878
  472673.72  5895357.41   0.296465   0.002562   0.000318  -52.921
  472673.49  5895357.59   0.298146   0.002553   0.000321  -52.965
  472673.25  5895357.77   0.299826   0.002544   0.000323  -53.008
  472673.01  5895357.95   0.301503   0.002536   0.000326  -53.052
  472672.77  5895358.13   0.303179   0.002528   0.000329  -53.096
  472672.52  5895358.32   0.304853   0.002519   0.000331  -53.140
  472672.28  5895358.50   0.306525   0.002511   0.000334  -53.184
  472672.03  5895358.68   0.308195   0.002503   0.000336  -53.228
  472671.78  5895358.87   0.309863   0.002495   0.000339  -53.272
  472671.53  5895359.05   0.311529   0.002487   0.000341  -53.316
  472671.28  5895359.24   0.313194   0.002478   0.000344  -53.361
  472671.03  5895359.43   0.314857   0.002471   0.000346  -53.405
  472670.78  5895359.62   0.316517   0.002463   0.000349  -53.450
  472670.52  5895359.81   0.318176   0.002455   0.000351  -53.495
  472670.27  5895359.99   0.319834   0.002447   0.000354  -53.539
  472670.01  5895360.19   0.321489   0.002439   0.000357  -53.584
  472669.75  5895360.38   0.323143   0.002432   0.000359  -53.629
  472669.49  5895360.57   0.324794   0.002424   0.000362  -53.674
  472669.23  5895360.76   0.326444   0.002417   0.000364  -53.719
  472668.96  5895360.95   0.328092   0.002409   0.000367  -53.764
  472668.70  5895361.15   0.329739   0.002402   0.000369  -53.810
  472668.43  5895361.34   0.331383   0.002394   0.000372  -53.855
  472668.16  5895361.54   0.333026   0.002387   0.000374  -53.901
  472667.89  5895361.74   0.334667   0.002380   0.000377  -53.946
  472667.62  5895361.93   0.336306   0.002373   0.000379  -53.992
  472667.35  5895362.13   0.337943   0.002365   0.000382  -54.037
  472667.07  5895362.33   0.339579   0.002358   0.000385  -54.083
  472666.80  5895362.53   0.341212   0.002351   0.000387  -54.129
  472666.52  5895362.73   0.342844   0.002344   0.000390  -54.175
  472666.24  5895362.93   0.344475   0.002338   0.000392  -54.221
  472665.96  5895363.13   0.346103   0.002331   0.000395  -54.267
  472665.68  5895363.33   0.347730   0.002324   0.000397  -54.314
  472665.40  5895363.54   0.349355   0.002317   0.000400  -54.360
  472665.11  5895363.74   0.350978   0.002310   0.000403  -54.406
  472664.82  5895363.95   0.352599   0.002304   0.000405  -54.453
  472664.54  5895364.15   0.354219   0.002297   0.000408  -54.499
  472664.25  5895364.36   0.355837   0.002291   0.000410  -54.546
  472663.96  5895364.56   0.357453   0.002284   0.000413  -54.593
  472663.66  5895364.77   0.359068   0.002278   0.000415  -54.639
  472663.37  5895364.98   0.360681   0.002271   0.000418  -54.686
  472663.08  5895365.19   0.362292   0.002265   0.000420  -54.733
  472662.78  5895365.40   0.363901   0.002259   0.000423  -54.780
  472662.48  5895365.61   0.365509   0.002253   0.000426  -54.827
  472662.18  5895365.82   0.367115   0.002246   0.000428  -54.874
  472661.88  5895366.03   0.368719   0.002240   0.000431  -54.922
  472661.58  5895366.24   0.370322   0.002234   0.000433  -54.969
  472661.27  5895366.45   0.371922   0.002228   0.000436  -55.016
  472660.97  5895366.67   0.373522   0.002222   0.000438  -55.064
  472660.66  5895366.88   0.375119   0.002216   0.000441  -55.111
  472660.35  5895367.10   0.376715   0.002210   0.000444  -55.159
  472660.04  5895367.31   0.378309   0.002205   0.000446  -55.207
  472659.73  5895367.53   0.379901   0.002199   0.000449  -55.255
  472659.42  5895367.74   0.381492   0.002193   0.000451  -55.302
  472659.10  5895367.96   0.383081   0.002187   0.000454  -55.350
  472658.79  5895368.18   0.384669   0.002182   0.000457  -55.398
  472658.47  5895368.40   0.386255   0.002176   0.000459  -55.446
  472658.15  5895368.62   0.387839   0.002171   0.000462  -55.495
  472657.83  5895368.84   0.389422   0.002165   0.000464  -55.543
  472657.51  5895369.06   0.391002   0.002160   0.000467  -55.591
  472657.19  5895369.28   0.392582   0.002154   0.000469  -55.640
  472656.86  5895369.50   0.394159   0.002149   0.000472  -55.688
  472656.53  5895369.72   0.395735   0.002143   0.000475  -55.737
  472656.21  5895369.95   0.397310   0.002138   0.000477  -55.785
  472655.88  5895370.17   0.398883   0.002133   0.000480  -55.834
  472655.55  5895370.39   0.400454   0.002127   0.000482  -55.883
  472655.21  5895370.62   0.402024   0.002122   0.000485  -55.931
  472654.88  5895370.84   0.403592   0.002117   0.000488  -55.980
  472654.54  5895371.07   0.405158   0.002112   0.000490  -56.029
  472654.21  5895371.30   0.406723   0.002107   0.000493  -56.078
  472653.87  5895371.52   0.408286   0.002102   0.000496  -56.127
  472653.53  5895371.75   0.409848   0.002097   0.000498  -56.176
  472653.19  5895371.98   0.411408   0.002092   0.000501  -56.226
  472652.85  5895372.21   0.412966   0.002087   0.000503  -56.275
  472652.50  5895372.44   0.414523   0.002082   0.000506  -56.324
  472652.15  5895372.67   0.416078   0.002077   0.000509  -56.374
  472651.81  5895372.90   0.417632   0.002072   0.000511  -56.423
  472651.46  5895373.13   0.419185   0.002068   0.000514  -56.473
  472651.11  5895373.36   0.420735   0.002063   0.000516  -56.523
  472650.76  5895373.59   0.422284   0.002058   0.000519  -56.572
  472650.40  5895373.83   0.423832   0.002053   0.000522  -56.622
  472650.05  5895374.06   0.425378   0.002049   0.000524  -56.672
  472649.69  5895374.29   0.426923   0.002044   0.000527  -56.722
  472649.33  5895374.53   0.428466   0.002040   0.000530  -56.772
  472648.98  5895374.76   0.430007   0.002035   0.000532  -56.822
  472648.61  5895375.00   0.431547   0.002031   0.000535  -56.872
  472648.25  5895375.23   0.433086   0.002026   0.000537  -56.922
  472647.89  5895375.47   0.434623   0.002022   0.000540  -56.973
  472647.52  5895375.71   0.436158   0.002017   0.000543  -57.023
  472647.16  5895375.95   0.437692   0.002013   0.000545  -57.073
  472646.79  5895376.18   0.439225   0.002008   0.000548  -57.124
  472646.42  5895376.42   0.440756   0.002004   0.000551  -57.174
  472646.05  5895376.66   0.442286   0.002000   0.000553  -57.225
  472645.67  5895376.90   0.443814   0.001996   0.000556  -57.276
  472645.30  5895377.14   0.445340   0.001991   0.000559  -57.326
  472644.92  5895377.38   0.446866   0.001987   0.000561  -57.377
  472644.55  5895377.62   0.448389   0.001983   0.000564  -57.428
  472644.17  5895377.86   0.449912   0.001979   0.000566  -57.479
  472643.79  5895378.11   0.451432   0.001975   0.000569  -57.530
  472643.41  5895378.35   0.452952   0.001971   0.000572  -57.581
  472643.02  5895378.59   0.454470   0.001967   0.000574  -57.632
  472642.64  5895378.83   0.455986   0.001963   0.000577  -57.684
  472642.25  5895379.08   0.457501   0.001959   0.000580  -57.735
  472641.87  5895379.32   0.459015   0.001955   0.000582  -57.786
  472641.48  5895379.57   0.460527   0.001951   0.000585  -57.838
  472641.09  5895379.81   0.462038   0.001947   0.000588  -57.889
  472640.69  5895380.06   0.463547   0.001943   0.000590  -57.941
  472640.30  5895380.30   0.465055   0.001939   0.000593  -57.992
  472639.90  5895380.55   0.466562   0.001935   0.000596  -58.044
  472639.51  5895380.80   0.468067   0.001931   0.000598  -58.096
  472639.11  5895381.04   0.469571   0.001928   0.000601  -58.147
  472638.71  5895381.29   0.471073   0.001924   0.000604  -58.199
  472638.31  5895381.54   0.472574   0.001920   0.000606  -58.251
  472637.91  5895381.79   0.474074   0.001916   0.000609  -58.303
  472637.50  5895382.04   0.475572   0.001913   0.000612  -58.355
  472637.10  5895382.29   0.477069   0.001909   0.000614  -58.407
  472636.69  5895382.54   0.478565   0.001905   0.000617  -58.459
  472636.28  5895382.79   0.480059   0.001902   0.000620  -58.512
  472635.87  5895383.04   0.481552   0.001898   0.000622  -58.564
  472635.46  5895383.29   0.483044   0.001895   0.000625  -58.616
  472635.04  5895383.54   0.484534   0.001891   0.000628  -58.669
  472634.63  5895383.79   0.486023   0.001887   0.000631  -58.721
  472634.21  5895384.05   0.487510   0.001884   0.000633  -58.774
  472633.80  5895384.30   0.488997   0.001881   0.000636  -58.827
  472633.38  5895384.55   0.490481   0.001877   0.000639  -58.879
  472632.96  5895384.81   0.491965   0.001874   0.000641  -58.932
  472632.53  5895385.06   0.493447   0.001870   0.000644  -58.985
  472632.11  5895385.31   0.494928   0.001867   0.000647  -59.038
  472631.68  5895385.57   0.496408   0.001863   0.000649  -59.091
  472631.26  5895385.82   0.497887   0.001860   0.000652  -59.144
  472630.83  5895386.08   0.499364   0.001857   0.000655  -59.197
  472630.40  5895386.33   0.500840   0.001853   0.000658  -59.250
  472629.97  5895386.59   0.502314   0.001850   0.000660  -59.303
  472629.54  5895386.85   0.503787   0.001847   0.000663  -59.356
  472629.10  5895387.10   0.505260   0.001844   0.000666  -59.410
  472628.67  5895387.36   0.506730   0.001840   0.000668  -59.463
  472628.23  5895387.62   0.508200   0.001837   0.000671  -59.516
  472627.79  5895387.88   0.509668   0.001834   0.000674  -59.570
  472627.35  5895388.13   0.511135   0.001831   0.000676  -59.623
  472626.91  5895388.39   0.512601   0.001828   0.000679  -59.677
  472626.46  5895388.65   0.514066   0.001825   0.000682  -59.731
  472626.02  5895388.91   0.515529   0.001822   0.000685  -59.784
  472625.57  5895389.17   0.516991   0.001818   0.000687  -59.838
  472625.12  5895389.43   0.518452   0.001815   0.000690  -59.892
  472624.67  5895389.69   0.519912   0.001812   0.000693  -59.946
  472624.22  5895389.95   0.521371   0.001809   0.000696  -60.000
  472623.77  5895390.21   0.522828   0.001806   0.000698  -60.054
  472623.32  5895390.47   0.524284   0.001803   0.000701  -60.108
  472622.86  5895390.73   0.525739   0.001800   0.000704  -60.162
  472622.41  5895390.99   0.527193   0.001797   0.000706  -60.217
  472621.95  5895391.26   0.528645   0.001794   0.000709  -60.271
  472621.49  5895391.52   0.530097   0.001792   0.000712  -60.325
  472621.03  5895391.78   0.531547   0.001789   0.000715  -60.380
  472620.56  5895392.04   0.532996   0.001786   0.000717  -60.434
  472620.10  5895392.31   0.534444   0.001783   0.000720  -60.489
  472619.63  5895392.57   0.535891   0.001780   0.000723  -60.543
  472619.16  5895392.83   0.537337   0.001777   0.000726  -60.598
  472618.70  5895393.10   0.538781   0.001774   0.000728  -60.653
  472618.23  5895393.36   0.540225   0.001772   0.000731  -60.707
  472617.75  5895393.62   0.541667   0.001769   0.000734  -60.762
  472617.28  5895393.89   0.543108   0.001766   0.000737  -60.817
  472616.80  5895394.15   0.544548   0.001763   0.000739  -60.872
  472616.33  5895394.42   0.545987   0.001760   0.000742  -60.927
  472615.85  5895394.68   0.547425   0.001758   0.000745  -60.982
  472615.37  5895394.95   0.548861   0.001755   0.000748  -61.037
  472614.89  5895395.21   0.550297   0.001752   0.000750  -61.092
  472614.41  5895395.48   0.551732   0.001750   0.000753  -61.148
  472613.92  5895395.75   0.553165   0.001747   0.000756  -61.203
  472613.44  5895396.01   0.554598   0.001744   0.000759  -61.258
  472612.95  5895396.28   0.556029   0.001742   0.000761  -61.314
  472612.46  5895396.55   0.557459   0.001739   0.000764  -61.369
  472611.97  5895396.81   0.558888   0.001736   0.000767  -61.425
  472611.48  5895397.08   0.560316   0.001734   0.000770  -61.480
  472610.99  5895397.35   0.561744   0.001731   0.000773  -61.536
  472610.49  5895397.62   0.563170   0.001729   0.000775  -61.592
  472609.99  5895397.88   0.564595   0.001726   0.000778  -61.648
  472609.50  5895398.15   0.566019   0.001724   0.000781  -61.703
  472609.00  5895398.42   0.567442   0.001721   0.000784  -61.759
  472608.50  5895398.69   0.568864   0.001718   0.000786  -61.815
  472607.99  5895398.96   0.570285   0.001716   0.000789  -61.871
  472607.49  5895399.22   0.571704   0.001713   0.000792  -61.927
  472606.99  5895399.49   0.573123   0.001711   0.000795  -61.983
  472606.48  5895399.76   0.574541   0.001709   0.000798  -62.040
  472605.97  5895400.03   0.575958   0.001706   0.000800  -62.096
  472605.46  5895400.30   0.577374   0.001704   0.000803  -62.152
  472604.95  5895400.57   0.578789   0.001701   0.000806  -62.209
  472604.44  5895400.84   0.580203   0.001699   0.000809  -62.265
  472603.92  5895401.11   0.581616   0.001696   0.000812  -62.321
  472603.41  5895401.38   0.583028   0.001694   0.000814  -62.378
  472602.89  5895401.65   0.584440   0.001692   0.000817  -62.435
  472602.37  5895401.92   0.585850   0.001689   0.000820  -62.491
  472601.85  5895402.19   0.587259   0.001687   0.000823  -62.548
  472601.33  5895402.46   0.588667   0.001685   0.000826  -62.605
  472600.80  5895402.73   0.590075   0.001682   0.000828  -62.662
  472600.28  5895403.00   0.591481   0.001680   0.000831  -62.718
  472599.75  5895403.27   0.592887   0.001678   0.000834  -62.775
  472599.22  5895403.55   0.594291   0.001675   0.000837  -62.832
  472598.69  5895403.82   0.595695   0.001673   0.000840  -62.889
  472598.16  5895404.09   0.597098   0.001671   0.000842  -62.946
  472597.63  5895404.36   0.598500   0.001668   0.000845  -63.004
  472597.10  5895404.63   0.599901   0.001666   0.000848  -63.061
  472596.56  5895404.90   0.601301   0.001664   0.000851  -63.118
  472596.02  5895405.17   0.602700   0.001662   0.000854  -63.175
  472595.48  5895405.45   0.604099   0.001659   0.000856  -63.233
  472594.94  5895405.72   0.605496   0.001657   0.000859  -63.290
  472594.40  5895405.99   0.606893   0.001655   0.000862  -63.348
  472593.86  5895406.26   0.608289   0.001653   0.000865  -63.405
  472593.31  5895406.53   0.609684   0.001651   0.000868  -63.463
  472592.77  5895406.81   0.611078   0.001648   0.000871  -63.521
  472592.22  5895407.08   0.612471   0.001646   0.000873  -63.578
  472591.67  5895407.35   0.613864   0.001644   0.000876  -63.636
  472591.12  5895407.62   0.615255   0.001642   0.000879  -63.694
  472590.57  5895407.89   0.616646   0.001640   0.000882  -63.752
  472590.01  5895408.17   0.618036   0.001638   0.000885  -63.810
  472589.46  5895408.44   0.619425   0.001636   0.000887  -63.868
  472588.90  5895408.71   0.620814   0.001633   0.000890  -63.926
  472588.34  5895408.98   0.622201   0.001631   0.000893  -63.984
  472587.78  5895409.26   0.623588   0.001629   0.000896  -64.042
  472587.22  5895409.53   0.624974   0.001627   0.000899  -64.100
  472586.66  5895409.80   0.626359   0.001625   0.000902  -64.158
  472586.09  5895410.08   0.627744   0.001623   0.000905  -64.217
  472585.53  5895410.35   0.629128   0.001621   0.000907  -64.275
  472584.96  5895410.62   0.630511   0.001619   0.000910  -64.334
  472584.39  5895410.89   0.631893   0.001617   0.000913  -64.392
  472583.82  5895411.17   0.633274   0.001615   0.000916  -64.451
  472583.25  5895411.44   0.634655   0.001613   0.000919  -64.509
  472582.67  5895411.71   0.636035   0.001611   0.000922  -64.568
  472582.10  5895411.99   0.637415   0.001609   0.000924  -64.627
  472581.52  5895412.26   0.638793   0.001607   0.000927  -64.685
  472580.94  5895412.53   0.640171   0.001605   0.000930  -64.744
  472580.36  5895412.80   0.641548   0.001603   0.000933  -64.803
  472579.78  5895413.08   0.642925   0.001601   0.000936  -64.862
  472579.20  5895413.35   0.644300   0.001599   0.000939  -64.921
  472578.61  5895413.62   0.645676   0.001597   0.000942  -64.980
  472578.03  5895413.90   0.647050   0.001595   0.000944  -65.039
  472577.44  5895414.17   0.648424   0.001593   0.000947  -65.098
  472576.85  5895414.44   0.649797   0.001591   0.000950  -65.157
  472576.26  5895414.71   0.651169   0.001589   0.000953  -65.217
  472575.67  5895414.99   0.652541   0.001587   0.000956  -65.276
  472575.07  5895415.26   0.653912   0.001585   0.000959  -65.335
  472574.48  5895415.53   0.655282   0.001583   0.000962  -65.395
  472573.88  5895415.80   0.656652   0.001582   0.000964  -65.454
  472573.28  5895416.08   0.658021   0.001580   0.000967  -65.513
  472572.69  5895416.35   0.659390   0.001578   0.000970  -65.573
  472572.08  5895416.62   0.660758   0.001576   0.000973  -65.633
  472571.48  5895416.89   0.662125   0.001574   0.000976  -65.692
  472570.88  5895417.17   0.663492   0.001572   0.000979  -65.752
  472570.27  5895417.44   0.664858   0.001570   0.000982  -65.812
  472569.66  5895417.71   0.666224   0.001568   0.000984  -65.872
  472569.05  5895417.98   0.667589   0.001567   0.000987  -65.931
  472568.44  5895418.25   0.668953   0.001565   0.000990  -65.991
  472567.83  5895418.53   0.670317   0.001563   0.000993  -66.051
  472567.22  5895418.80   0.671680   0.001561   0.000996  -66.111
  472566.60  5895419.07   0.673042   0.001559   0.000999  -66.171
  472565.99  5895419.34   0.674405   0.001557   0.001002  -66.232
  472565.37  5895419.61   0.675766   0.001556   0.001005  -66.292
  472564.75  5895419.88   0.677127   0.001554   0.001007  -66.352
  472564.13  5895420.15   0.678488   0.001552   0.001010  -66.412
  472563.51  5895420.43   0.679848   0.001550   0.001013  -66.473
  472562.88  5895420.70   0.681207   0.001548   0.001016  -66.533
  472562.26  5895420.97   0.682566   0.001547   0.001019  -66.593
  472561.63  5895421.24   0.683924   0.001545   0.001022  -66.654
  472561.00  5895421.51   0.685282   0.001543   0.001025  -66.714
  472560.37  5895421.78   0.686640   0.001541   0.001028  -66.775
  472559.74  5895422.05   0.687996   0.001540   0.001031  -66.836
  472559.10  5895422.32   0.689353   0.001538   0.001033  -66.896
  472558.47  5895422.59   0.690709   0.001536   0.001036  -66.957
  472557.83  5895422.86   0.692064   0.001534   0.001039  -67.018
  472557.19  5895423.13   0.693419   0.001533   0.001042  -67.079
  472556.55  5895423.40   0.694774   0.001531   0.001045  -67.140
  472555.91  5895423.67   0.696128   0.001529   0.001048  -67.201
  472555.27  5895423.94   0.697481   0.001527   0.001051  -67.262
  472554.63  5895424.21   0.698835   0.001526   0.001054  -67.323
  472553.98  5895424.48   0.700187   0.001524   0.001057  -67.384
  472553.33  5895424.74   0.701540   0.001522   0.001059  -67.445
  472552.68  5895425.01   0.702892   0.001521   0.001062  -67.506
  472552.03  5895425.28   0.704243   0.001519   0.001065  -67.567
  472551.38  5895425.55   0.705594   0.001517   0.001068  -67.628
  472550.73  5895425.82   0.706945   0.001515   0.001071  -67.690
  472550.07  5895426.09   0.708295   0.001514   0.001074  -67.751
  472549.42  5895426.35   0.709645   0.001512   0.001077  -67.813
  472548.76  5895426.62   0.710995   0.001510   0.001080  -67.874
  472548.10  5895426.89   0.712344   0.001509   0.001083  -67.936
  472547.44  5895427.16   0.713693   0.001507   0.001086  -67.997
  472546.78  5895427.42   0.715041   0.001505   0.001088  -68.059
  472546.11  5895427.69   0.716389   0.001504   0.001091  -68.121
  472545.45  5895427.96   0.717737   0.001502   0.001094  -68.182
  472544.78  5895428.22   0.719085   0.001500   0.001097  -68.244
  472544.11  5895428.49   0.720432   0.001499   0.001100  -68.306
  472543.44  5895428.75   0.721778   0.001497   0.001103  -68.368
  472542.77  5895429.02   0.723125   0.001495   0.001106  -68.430
  472542.09  5895429.29   0.724471   0.001494   0.001109  -68.492
  472541.42  5895429.55   0.725817   0.001492   0.001112  -68.554
  472540.74  5895429.82   0.727162   0.001491   0.001115  -68.616
  472540.07  5895430.08   0.728508   0.001489   0.001118  -68.678
  472539.39  5895430.34   0.729852   0.001487   0.001120  -68.740
  472538.70  5895430.61   0.731197   0.001486   0.001123  -68.802
  472538.02  5895430.87   0.732542   0.001484   0.001126  -68.864
  472537.34  5895431.14   0.733886   0.001483   0.001129  -68.927
  472536.65  5895431.40   0.735229   0.001481   0.001132  -68.989
  472535.97  5895431.66   0.736573   0.001479   0.001135  -69.051
  472535.28  5895431.93   0.737916   0.001478   0.001138  -69.114
  472534.59  5895432.19   0.739260   0.001476   0.001141  -69.176
  472533.89  5895432.45   0.740602   0.001475   0.001144  -69.239
  472533.20  5895432.71   0.741945   0.001473   0.001147  -69.301
  472532.51  5895432.97   0.743288   0.001471   0.001150  -69.364
  472531.81  5895433.24   0.744630   0.001470   0.001153  -69.427
  472531.11  5895433.50   0.745972   0.001468   0.001155  -69.489
  472530.41  5895433.76   0.747314   0.001467   0.001158  -69.552
  472529.71  5895434.02   0.748655   0.001465   0.001161  -69.615
  472529.01  5895434.28   0.749997   0.001464   0.001164  -69.678
  472528.30  5895434.54   0.751338   0.001462   0.001167  -69.741
  472527.60  5895434.80   0.752679   0.001460   0.001170  -69.804
  472526.89  5895435.06   0.754020   0.001459   0.001173  -69.867
  472526.18  5895435.32   0.755361   0.001457   0.001176  -69.930
  472525.47  5895435.57   0.756701   0.001456   0.001179  -69.993
  472524.76  5895435.83   0.758042   0.001454   0.001182  -70.056
  472524.05  5895436.09   0.759382   0.001453   0.001185  -70.119
  472523.33  5895436.35   0.760722   0.001451   0.001188  -70.182
  472522.61  5895436.61   0.762063   0.001450   0.001191  -70.245
  472521.90  5895436.86   0.763403   0.001448   0.001193  -70.309
  472521.18  5895437.12   0.764742   0.001446   0.001196  -70.372
  472520.46  5895437.38   0.766082   0.001445   0.001199  -70.435
  472519.73  5895437.63   0.767422   0.001443   0.001202  -70.499
  472519.01  5895437.89   0.768761   0.001442   0.001205  -70.562
  472518.28  5895438.14   0.770101   0.001440   0.001208  -70.626
  472517.55  5895438.40   0.771440   0.001439   0.001211  -70.689
  472516.83  5895438.65   0.772780   0.001437   0.001214  -70.753
  472516.10  5895438.91   0.774119   0.001436   0.001217  -70.817
  472515.36  5895439.16   0.775458   0.001434   0.001220  -70.880
  472514.63  5895439.41   0.776797   0.001433   0.001223  -70.944
  472513.89  5895439.67   0.778136   0.001431   0.001226  -71.008
  472513.16  5895439.92   0.779476   0.001430   0.001229  -71.072
  472512.42  5895440.17   0.780815   0.001428   0.001231  -71.135
  472511.68  5895440.42   0.782154   0.001427   0.001234  -71.199
  472510.94  5895440.67   0.783493   0.001425   0.001237  -71.263
  472510.20  5895440.93   0.784832   0.001424   0.001240  -71.327
  472509.45  5895441.18   0.786171   0.001422   0.001243  -71.391
  472508.71  5895441.43   0.787510   0.001421   0.001246  -71.455
  472507.96  5895441.68   0.788849   0.001419   0.001249  -71.519
  472507.21  5895441.93   0.790188   0.001418   0.001252  -71.584
  472506.46  5895442.18   0.791527   0.001416   0.001255  -71.648
  472505.71  5895442.42   0.792866   0.001415   0.001258  -71.712
  472504.95  5895442.67   0.794205   0.001413   0.001261  -71.776
  472504.20  5895442.92   0.795545   0.001412   0.001264  -71.841
  472503.44  5895443.17   0.796884   0.001410   0.001267  -71.905
  472502.68  5895443.41   0.798223   0.001409   0.001270  -71.969
  472501.92  5895443.66   0.799563   0.001407   0.001272  -72.034
  472501.16  5895443.91   0.800902   0.001406   0.001275  -72.098
  472500.40  5895444.15   0.802242   0.001404   0.001278  -72.163
  472499.63  5895444.40   0.803581   0.001403   0.001281  -72.227
  472498.87  5895444.64   0.804921   0.001402   0.001284  -72.292
  472498.10  5895444.89   0.806261   0.001400   0.001287  -72.357
  472497.33  5895445.13   0.807601   0.001399   0.001290  -72.421
  472496.56  5895445.37   0.808941   0.001397   0.001293  -72.486
  472495.79  5895445.62   0.810281   0.001396   0.001296  -72.551
  472495.01  5895445.86   0.811622   0.001394   0.001299  -72.616
  472494.24  5895446.10   0.812962   0.001393   0.001302  -72.680
  472493.46  5895446.34   0.814303   0.001391   0.001305  -72.745
  472492.68  5895446.58   0.815644   0.001390   0.001308  -72.810
  472491.90  5895446.82   0.816985   0.001388   0.001311  -72.875
  472491.12  5895447.06   0.818326   0.001387   0.001313  -72.940
  472490.34  5895447.30   0.819667   0.001385   0.001316  -73.005
  472489.55  5895447.54   0.821009   0.001384   0.001319  -73.070
  472488.76  5895447.78   0.822350   0.001383   0.001322  -73.135
  472487.98  5895448.02   0.823692   0.001381   0.001325  -73.200
  472487.19  5895448.25   0.825034   0.001380   0.001328  -73.266
  472486.40  5895448.49   0.826377   0.001378   0.001331  -73.331
  472485.60  5895448.73   0.827719   0.001377   0.001334  -73.396
  472484.81  5895448.96   0.829062   0.001375   0.001337  -73.461
  472484.01  5895449.20   0.830405   0.001374   0.001340  -73.527
  472483.22  5895449.43   0.831748   0.001372   0.001343  -73.592
  472482.42  5895449.67   0.833091   0.001371   0.001346  -73.657
  472481.62  5895449.90   0.834435   0.001370   0.001349  -73.723
  472480.82  5895450.13   0.835779   0.001368   0.001352  -73.788
  472480.01  5895450.37   0.837123   0.001367   0.001354  -73.854
  472479.21  5895450.60   0.838468   0.001365   0.001357  -73.919
  472478.40  5895450.83   0.839813   0.001364   0.001360  -73.985
  472477.59  5895451.06   0.841158   0.001362   0.001363  -74.051
  472476.78  5895451.29   0.842503   0.001361   0.001366  -74.116
  472475.97  5895451.52   0.843849   0.001360   0.001369  -74.182
  472475.16  5895451.75   0.845195   0.001358   0.001372  -74.248
  472474.34  5895451.98   0.846541   0.001357   0.001375  -74.314
  472473.53  5895452.21   0.847888   0.001355   0.001378  -74.379
  472472.71  5895452.43   0.849235   0.001354   0.001381  -74.445
  472471.89  5895452.66   0.850582   0.001352   0.001384  -74.511
  472471.07  5895452.89   0.851930   0.001351   0.001387  -74.577
  472470.25  5895453.11   0.853278   0.001349   0.001390  -74.643
  472469.43  5895453.34   0.854626   0.001348   0.001392  -74.709
  472468.60  5895453.56   0.855975   0.001347   0.001395  -74.775
  472467.77  5895453.79   0.857324   0.001345   0.001398  -74.841
  472466.95  5895454.01   0.858673   0.001344   0.001401  -74.907
  472466.12  5895454.23   0.860023   0.001342   0.001404  -74.973
  472465.28  5895454.46   0.861373   0.001341   0.001407  -75.039
  472464.45  5895454.68   0.862724   0.001340   0.001410  -75.105
  472463.62  5895454.90   0.864075   0.001338   0.001413  -75.172
  472462.78  5895455.12   0.865427   0.001337   0.001416  -75.238
  472461.94  5895455.34   0.866778   0.001335   0.001419  -75.304
  472461.10  5895455.56   0.868131   0.001334   0.001422  -75.370
  472460.26  5895455.78   0.869484   0.001332   0.001425  -75.437
  472459.42  5895455.99   0.870837   0.001331   0.001427  -75.503
  472458.58  5895456.21   0.872190   0.001330   0.001430  -75.570
  472457.73  5895456.43   0.873545   0.001328   0.001433  -75.636
  472456.88  5895456.64   0.874899   0.001327   0.001436  -75.703
  472456.03  5895456.86   0.876254   0.001325   0.001439  -75.769
  472455.18  5895457.07   0.877610   0.001324   0.001442  -75.836
  472454.33  5895457.29   0.878966   0.001322   0.001445  -75.902
  472453.48  5895457.50   0.880322   0.001321   0.001448  -75.969
  472452.62  5895457.71   0.881680   0.001320   0.001451  -76.035
  472451.77  5895457.93   0.883037   0.001318   0.001454  -76.102
  472450.91  5895458.14   0.884395   0.001317   0.001457  -76.169
  472450.05  5895458.35   0.885754   0.001315   0.001459  -76.235
  472449.19  5895458.56   0.887113   0.001314   0.001462  -76.302
  472448.33  5895458.77   0.888473   0.001313   0.001465  -76.369
  472447.46  5895458.97   0.889833   0.001311   0.001468  -76.436
  472446.59  5895459.18   0.891194   0.001310   0.001471  -76.503
  472445.73  5895459.39   0.892555   0.001308   0.001474  -76.570
  472444.86  5895459.60   0.893917   0.001307   0.001477  -76.636
  472443.99  5895459.80   0.895279   0.001305   0.001480  -76.703
  472443.12  5895460.01   0.896642   0.001304   0.001483  -76.770
  472442.24  5895460.21   0.898006   0.001303   0.001486  -76.837
  472441.37  5895460.42   0.899370   0.001301   0.001488  -76.904
  472440.49  5895460.62   0.900735   0.001300   0.001491  -76.971
  472439.61  5895460.82   0.902100   0.001298   0.001494  -77.038
  472438.73  5895461.02   0.903467   0.001297   0.001497  -77.106
  472437.85  5895461.22   0.904833   0.001296   0.001500  -77.173
  472436.97  5895461.42   0.906201   0.001294   0.001503  -77.240
  472436.08  5895461.62   0.907569   0.001293   0.001506  -77.307
  472435.20  5895461.82   0.908937   0.001291   0.001509  -77.374
  472434.31  5895462.02   0.910306   0.001290   0.001512  -77.442
  472433.42  5895462.22   0.911676   0.001288   0.001514  -77.509
  472432.53  5895462.41   0.913047   0.001287   0.001517  -77.576
  472431.63  5895462.61   0.914418   0.001286   0.001520  -77.643
  472430.74  5895462.80   0.915790   0.001284   0.001523  -77.711
  472429.84  5895463.00   0.917163   0.001283   0.001526  -77.778
  472428.95  5895463.19   0.918536   0.001281   0.001529  -77.846
  472428.05  5895463.38   0.919910   0.001279   0.001531  -77.913
  472427.15  5895463.57   0.921285   0.001277   0.001533  -77.980
  472426.25  5895463.76   0.922660   0.001277   0.001538  -78.048
  472425.34  5895463.95   0.924036   0.001278   0.001543  -78.115
  472424.44  5895464.14   0.925414   0.001279   0.001549  -78.183
  472423.53  5895464.33   0.926792   0.001280   0.001555  -78.251
  472422.62  5895464.52   0.928172   0.001281   0.001561  -78.319
  472421.71  5895464.71   0.929552   0.001282   0.001566  -78.387
  472420.80  5895464.89   0.930934   0.001283   0.001572  -78.455
  472419.89  5895465.08   0.932317   0.001283   0.001578  -78.524
  472418.97  5895465.26   0.933701   0.001284   0.001583  -78.592
  472418.06  5895465.45   0.935086   0.001285   0.001589  -78.661
  472417.14  5895465.63   0.936473   0.001286   0.001595  -78.730
  472416.22  5895465.81   0.937860   0.001287   0.001600  -78.799
  472415.30  5895465.99   0.939249   0.001287   0.001606  -78.868
  472414.38  5895466.17   0.940639   0.001288   0.001612  -78.937
  472413.45  5895466.35   0.942030   0.001289   0.001617  -79.007
  472412.53  5895466.53   0.943422   0.001289   0.001623  -79.076
  472411.60  5895466.71   0.944816   0.001290   0.001629  -79.146
  472410.67  5895466.89   0.946211   0.001291   0.001634  -79.216
  472409.74  5895467.06   0.947607   0.001291   0.001640  -79.286
  472408.81  5895467.24   0.949005   0.001293   0.001647  -79.356
  472407.88  5895467.41   0.950405   0.001295   0.001655  -79.426
  472406.94  5895467.58   0.951807   0.001293   0.001657  -79.497
  472406.00  5895467.76   0.953207   0.001288   0.001655  -79.567
  472405.07  5895467.93   0.954604   0.001283   0.001654  -79.638
  472404.13  5895468.10   0.955999   0.001279   0.001653  -79.708
  472403.18  5895468.27   0.957391   0.001274   0.001651  -79.778
  472402.24  5895468.44   0.958782   0.001269   0.001650  -79.848
  472401.30  5895468.61   0.960169   0.001264   0.001648  -79.917
  472400.35  5895468.77   0.961555   0.001260   0.001647  -79.987
  472399.40  5895468.94   0.962938   0.001255   0.001646  -80.056
  472398.45  5895469.10   0.964319   0.001250   0.001644  -80.126
  472397.50  5895469.27   0.965697   0.001246   0.001643  -80.195
  472396.55  5895469.43   0.967073   0.001241   0.001642  -80.264
  472395.60  5895469.60   0.968446   0.001237   0.001640  -80.332
  472394.64  5895469.76   0.969817   0.001232   0.001639  -80.401
  472393.68  5895469.92   0.971186   0.001228   0.001638  -80.469
  472392.72  5895470.08   0.972552   0.001224   0.001637  -80.538
  472391.76  5895470.24   0.973916   0.001219   0.001635  -80.606
  472390.80  5895470.39   0.975278   0.001215   0.001634  -80.674
  472389.84  5895470.55   0.976637   0.001211   0.001633  -80.742
  472388.87  5895470.71   0.977993   0.001206   0.001632  -80.810
  472387.91  5895470.86   0.979347   0.001202   0.001631  -80.877
  472386.94  5895471.02   0.980699   0.001198   0.001630  -80.945
  472385.97  5895471.17   0.982049   0.001194   0.001628  -81.012
  472385.00  5895471.32   0.983396   0.001190   0.001627  -81.079
  472384.03  5895471.47   0.984740   0.001186   0.001626  -81.146
  472383.05  5895471.62   0.986082   0.001182   0.001625  -81.213
  472382.08  5895471.77   0.987422   0.001178   0.001624  -81.280
  472381.10  5895471.92   0.988759   0.001174   0.001623  -81.347
  472380.12  5895472.07   0.990094   0.001170   0.001622  -81.413
  472379.14  5895472.22   0.991426   0.001166   0.001621  -81.479
  472378.16  5895472.36   0.992756   0.001162   0.001620  -81.546
  472377.18  5895472.51   0.994083   0.001158   0.001619  -81.612
  472376.19  5895472.65   0.995408   0.001155   0.001618  -81.678
  472375.21  5895472.79   0.996731   0.001151   0.001617  -81.744
  472374.22  5895472.94   0.998051   0.001147   0.001616  -81.809
  472373.23  5895473.08   0.999369   0.001143   0.001615  -81.875
  472372.24  5895473.22   1.000684   0.001140   0.001614  -81.940
  472371.25  5895473.36   1.001996   0.001136   0.001613  -82.006
  472370.26  5895473.50   1.003307   0.001133   0.001612  -82.071
  472369.26  5895473.63   1.004614   0.001129   0.001611  -82.136
  472368.27  5895473.77   1.005920   0.001125   0.001610  -82.201
  472367.27  5895473.90   1.007223   0.001122   0.001610  -82.266
  472366.27  5895474.04   1.008523   0.001118   0.001609  -82.331
  472365.27  5895474.17   1.009821   0.001115   0.001608  -82.395
  472364.27  5895474.31   1.011116   0.001112   0.001607  -82.460
  472363.27  5895474.44   1.012409   0.001108   0.001606  -82.524
  472362.26  5895474.57   1.013699   0.001105   0.001605  -82.588
  472361.26  5895474.70   1.014987   0.001101   0.001605  -82.653
  472360.25  5895474.83   1.016273   0.001098   0.001604  -82.717
  472359.24  5895474.95   1.017556   0.001095   0.001603  -82.781
  472358.23  5895475.08   1.018836   0.001092   0.001602  -82.844
  472357.22  5895475.21   1.020114   0.001088   0.001602  -82.908
  472356.20  5895475.33   1.021390   0.001085   0.001601  -82.972
  472355.19  5895475.46   1.022663   0.001082   0.001600  -83.035
  472354.17  5895475.58   1.023933   0.001079   0.001600  -83.099
  472353.16  5895475.70   1.025201   0.001076   0.001599  -83.162
  472352.14  5895475.82   1.026467   0.001073   0.001598  -83.225
  472351.12  5895475.94   1.027730   0.001070   0.001598  -83.288
  472350.10  5895476.06   1.028990   0.001067   0.001597  -83.351
  472349.07  5895476.18   1.030248   0.001063   0.001596  -83.414
  472348.05  5895476.30   1.031504   0.001061   0.001596  -83.477
  472347.02  5895476.41   1.032757   0.001058   0.001595  -83.540
  472346.00  5895476.53   1.034007   0.001055   0.001595  -83.602
  472344.97  5895476.64   1.035255   0.001052   0.001594  -83.665
  472343.94  5895476.75   1.036501   0.001049   0.001593  -83.727
  472342.91  5895476.87   1.037744   0.001046   0.001593  -83.789
  472341.88  5895476.98   1.038984   0.001043   0.001592  -83.851
  472340.84  5895477.09   1.040222   0.001040   0.001592  -83.914
  472339.81  5895477.20   1.041458   0.001037   0.001591  -83.976
  472338.77  5895477.31   1.042691   0.001035   0.001591  -84.037
  472337.73  5895477.41   1.043921   0.001032   0.001590  -84.099
  472336.69  5895477.52   1.045149   0.001029   0.001590  -84.161
  472335.65  5895477.62   1.046374   0.001026   0.001589  -84.223
  472334.61  5895477.73   1.047597   0.001024   0.001590  -84.284
  472333.57  5895477.83   1.048818   0.001022   0.001590  -84.346
  472332.52  5895477.93   1.050037   0.001018   0.001588  -84.407
  472331.48  5895478.04   1.051251   0.001014   0.001585  -84.468
  472330.43  5895478.14   1.052461   0.001010   0.001582  -84.529
  472329.38  5895478.24   1.053667   0.001006   0.001580  -84.590
  472328.33  5895478.33   1.054868   0.001002   0.001577  -84.651
  472327.28  5895478.43   1.056064   0.000998   0.001574  -84.712
  472326.23  5895478.53   1.057257   0.000994   0.001571  -84.772
  472325.18  5895478.62   1.058444   0.000990   0.001569  -84.832
  472324.12  5895478.72   1.059627   0.000986   0.001566  -84.892
  472323.07  5895478.81   1.060806   0.000982   0.001563  -84.952
  472322.01  5895478.90   1.061980   0.000978   0.001561  -85.012
  472320.95  5895478.99   1.063150   0.000975   0.001558  -85.071
  472319.89  5895479.08   1.064315   0.000971   0.001555  -85.131
  472318.83  5895479.17   1.065476   0.000967   0.001553  -85.190
  472317.77  5895479.26   1.066633   0.000963   0.001550  -85.249
  472316.70  5895479.35   1.067784   0.000960   0.001548  -85.308
  472315.64  5895479.43   1.068932   0.000956   0.001545  -85.367
  472314.57  5895479.52   1.070074   0.000953   0.001543  -85.425
  472313.50  5895479.60   1.071213   0.000949   0.001540  -85.484
  472312.44  5895479.69   1.072346   0.000945   0.001538  -85.542
  472311.37  5895479.77   1.073475   0.000942   0.001535  -85.600
  472310.29  5895479.85   1.074600   0.000939   0.001533  -85.658
  472309.22  5895479.93   1.075720   0.000935   0.001530  -85.716
  472308.15  5895480.01   1.076836   0.000932   0.001528  -85.773
  472307.07  5895480.09   1.077947   0.000928   0.001525  -85.831
  472306.00  5895480.17   1.079053   0.000925   0.001523  -85.888
  472304.92  5895480.24   1.080155   0.000922   0.001521  -85.945
  472303.84  5895480.32   1.081252   0.000918   0.001518  -86.002
  472302.76  5895480.39   1.082345   0.000915   0.001516  -86.059
  472301.68  5895480.47   1.083433   0.000912   0.001514  -86.116
  472300.60  5895480.54   1.084517   0.000909   0.001511  -86.173
  472299.52  5895480.61   1.085596   0.000906   0.001509  -86.229
  472298.44  5895480.68   1.086670   0.000902   0.001507  -86.285
  472297.35  5895480.75   1.087740   0.000899   0.001505  -86.342
  472296.26  5895480.82   1.088805   0.000896   0.001502  -86.398
  472295.18  5895480.89   1.089864   0.000893   0.001500  -86.454
  472294.09  5895480.95   1.090918   0.000890   0.001498  -86.509
  472293.00  5895481.02   1.091971   0.000887   0.001496  -86.565
  472291.91  5895481.08   1.093024   0.000884   0.001494  -86.620
  472290.82  5895481.15   1.094076   0.000882   0.001493  -86.676
  472289.72  5895481.21   1.095128   0.000879   0.001491  -86.731
  472288.63  5895481.27   1.096179   0.000876   0.001489  -86.786
  472287.54  5895481.33   1.097229   0.000873   0.001487  -86.841
  472286.44  5895481.39   1.098279   0.000871   0.001485  -86.896
  472285.34  5895481.45   1.099328   0.000868   0.001483  -86.951
  472284.24  5895481.50   1.100377   0.000865   0.001481  -87.006
  472283.14  5895481.56   1.101425   0.000862   0.001480  -87.060
  472282.04  5895481.62   1.102472   0.000860   0.001478  -87.115
  472280.94  5895481.67   1.103519   0.000857   0.001476  -87.169
  472279.84  5895481.72   1.104565   0.000854   0.001474  -87.223
  472278.74  5895481.78   1.105611   0.000852   0.001472  -87.277
  472277.63  5895481.83   1.106656   0.000849   0.001471  -87.331
  472276.52  5895481.88   1.107700   0.000846   0.001469  -87.385
  472275.42  5895481.93   1.108745   0.000844   0.001467  -87.439
  472274.31  5895481.98   1.109788   0.000841   0.001465  -87.492
  472273.20  5895482.02   1.110830   0.000839   0.001464  -87.546
  472272.09  5895482.07   1.111870   0.000836   0.001462  -87.599
  472270.98  5895482.12   1.112908   0.000834   0.001461  -87.652
  472269.87  5895482.16   1.113943   0.000832   0.001460  -87.706
  472268.75  5895482.20   1.114977   0.000829   0.001458  -87.759
  472267.64  5895482.25   1.116008   0.000827   0.001457  -87.812
  472266.52  5895482.29   1.117038   0.000825   0.001456  -87.865
  472265.40  5895482.33   1.118065   0.000823   0.001454  -87.917
  472264.29  5895482.37   1.119091   0.000820   0.001453  -87.970
  472263.17  5895482.41   1.120114   0.000818   0.001451  -88.023
  472262.05  5895482.45   1.121135   0.000816   0.001450  -88.075
  472260.93  5895482.48   1.122154   0.000814   0.001449  -88.128
  472259.80  5895482.52   1.123171   0.000811   0.001447  -88.180
  472258.68  5895482.55   1.124186   0.000809   0.001446  -88.232
  472257.56  5895482.59   1.125199   0.000807   0.001445  -88.284
  472256.43  5895482.62   1.126210   0.000805   0.001444  -88.336
  472255.31  5895482.65   1.127219   0.000803   0.001442  -88.388
  472254.18  5895482.68   1.128226   0.000800   0.001441  -88.440
  472253.05  5895482.71   1.129230   0.000798   0.001440  -88.492
  472251.92  5895482.74   1.130233   0.000796   0.001438  -88.543
  472250.79  5895482.77   1.131233   0.000794   0.001437  -88.595
  472249.66  5895482.79   1.132232   0.000792   0.001436  -88.646
  472248.53  5895482.82   1.133228   0.000790   0.001435  -88.698
  472247.39  5895482.84   1.134222   0.000788   0.001433  -88.749
  472246.26  5895482.87   1.135214   0.000786   0.001432  -88.800
  472245.12  5895482.89   1.136204   0.000784   0.001431  -88.851
  472243.99  5895482.91   1.137192   0.000782   0.001430  -88.902
  472242.85  5895482.93   1.138178   0.000780   0.001429  -88.953
  472241.71  5895482.95   1.139162   0.000778   0.001428  -89.004
  472240.57  5895482.97   1.140145   0.000776   0.001426  -89.055
  472239.43  5895482.99   1.141123   0.000773   0.001424  -89.106
  472238.29  5895483.01   1.142098   0.000771   0.001423  -89.156
  472237.15  5895483.02   1.143070   0.000769   0.001421  -89.207
  472236.00  5895483.04   1.144038   0.000767   0.001419  -89.257
  472234.86  5895483.05   1.145003   0.000764   0.001417  -89.307
  472233.71  5895483.06   1.145964   0.000762   0.001415  -89.358
  472232.57  5895483.08   1.146921   0.000760   0.001413  -89.408
  472231.42  5895483.09   1.147875   0.000758   0.001412  -89.457
  472230.27  5895483.10   1.148825   0.000755   0.001410  -89.507
  472229.12  5895483.11   1.149772   0.000753   0.001408  -89.557
  472227.97  5895483.11   1.150715   0.000751   0.001406  -89.607
  472226.82  5895483.12   1.151654   0.000749   0.001404  -89.656
  472225.67  5895483.13   1.152590   0.000747   0.001403  -89.706
  472224.52  5895483.13   1.153522   0.000745   0.001401  -89.755
  472223.36  5895483.14   1.154451   0.000742   0.001399  -89.804
  472222.21  5895483.14   1.155376   0.000740   0.001398  -89.853
  472221.05  5895483.14   1.156297   0.000738   0.001396  -89.902
  472219.89  5895483.14   1.157215   0.000736   0.001394  -89.951
  472218.74  5895483.14   1.158129   0.000734   0.001393  -90.000
  472217.58  5895483.14   1.159040   0.000732   0.001391  -90.049
  472216.42  5895483.14   1.159947   0.000730   0.001389  -90.097
  472215.26  5895483.14   1.160850   0.000728   0.001388  -90.146
  472214.10  5895483.13   1.161750   0.000726   0.001386  -90.194
  472212.93  5895483.13   1.162646   0.000724   0.001384  -90.242
  472211.77  5895483.12   1.163539   0.000722   0.001383  -90.291
  472210.61  5895483.11   1.164428   0.000720   0.001381  -90.339
  472209.44  5895483.11   1.165313   0.000718   0.001380  -90.387
  472208.28  5895483.10   1.166195   0.000717   0.001378  -90.435
  472207.11  5895483.09   1.167073   0.000715   0.001377  -90.483
  472205.94  5895483.08   1.167947   0.000713   0.001375  -90.531
  472204.77  5895483.06   1.168818   0.000711   0.001374  -90.578
  472203.61  5895483.05   1.169684   0.000709   0.001372  -90.626
  472202.44  5895483.04   1.170548   0.000707   0.001370  -90.673
  472201.26  5895483.02   1.171408   0.000704   0.001367  -90.721
  472200.09  5895483.01   1.172265   0.000702   0.001365  -90.768
  472198.92  5895482.99   1.173119   0.000700   0.001362  -90.815
  472197.75  5895482.97   1.173969   0.000698   0.001360  -90.862
  472196.57  5895482.95   1.174816   0.000696   0.001358  -90.909
  472195.40  5895482.94   1.175660   0.000693   0.001355  -90.956
  472194.22  5895482.91   1.176501   0.000691   0.001353  -91.003
  472193.04  5895482.89   1.177338   0.000689   0.001351  -91.049
  472191.87  5895482.87   1.178171   0.000687   0.001348  -91.096
  472190.69  5895482.85   1.179002   0.000685   0.001346  -91.142
  472189.51  5895482.82   1.179829   0.000683   0.001344  -91.188
  472188.33  5895482.80   1.180653   0.000680   0.001341  -91.235
  472187.15  5895482.77   1.181473   0.000678   0.001339  -91.281
  472185.97  5895482.74   1.182291   0.000676   0.001337  -91.327
  472184.79  5895482.71   1.183105   0.000674   0.001334  -91.372
  472183.60  5895482.69   1.183915   0.000672   0.001332  -91.418
  472182.42  5895482.66   1.184720   0.000670   0.001330  -91.464
  472181.23  5895482.62   1.185521   0.000668   0.001327  -91.509
  472180.05  5895482.59   1.186317   0.000666   0.001325  -91.554
  472178.86  5895482.56   1.187109   0.000663   0.001322  -91.600
  472177.67  5895482.52   1.187897   0.000661   0.001320  -91.645
  472176.49  5895482.49   1.188680   0.000659   0.001318  -91.690
  472175.30  5895482.45   1.189459   0.000657   0.001315  -91.735
  472174.11  5895482.42   1.190233   0.000655   0.001313  -91.780
  472172.92  5895482.38   1.191003   0.000653   0.001310  -91.824
  472171.73  5895482.34   1.191768   0.000651   0.001308  -91.869
  472170.54  5895482.30   1.192529   0.000649   0.001306  -91.913
  472169.34  5895482.26   1.193286   0.000647   0.001304  -91.958
  472168.15  5895482.22   1.194037   0.000645   0.001301  -92.002
  472166.96  5895482.18   1.194785   0.000643   0.001299  -92.046
  472165.76  5895482.13   1.195528   0.000642   0.001297  -92.090
  472164.57  5895482.09   1.196266   0.000640   0.001294  -92.134
  472163.37  5895482.04   1.197000   0.000638   0.001292  -92.178
  472162.18  5895482.00   1.197730   0.000636   0.001290  -92.222
  472160.98  5895481.95   1.198455   0.000634   0.001288  -92.265
  472159.78  5895481.90   1.199175   0.000632   0.001286  -92.309
  472158.58  5895481.85   1.199891   0.000630   0.001283  -92.352
  472157.38  5895481.80   1.200603   0.000628   0.001281  -92.396
  472156.18  5895481.75   1.201310   0.000627   0.001279  -92.439
  472154.98  5895481.70   1.202012   0.000625   0.001277  -92.482
  472153.78  5895481.64   1.202710   0.000623   0.001275  -92.525
  472152.58  5895481.59   1.203404   0.000621   0.001273  -92.568
  472151.38  5895481.54   1.204092   0.000620   0.001270  -92.611
  472150.17  5895481.48   1.204777   0.000618   0.001268  -92.653
  472148.97  5895481.42   1.205457   0.000616   0.001266  -92.696
  472147.77  5895481.37   1.206132   0.000614   0.001264  -92.739
  472146.56  5895481.31   1.206803   0.000613   0.001263  -92.781
  472145.36  5895481.25   1.207470   0.000612   0.001261  -92.824
  472144.15  5895481.19   1.208132   0.000609   0.001258  -92.866
  472142.94  5895481.13   1.208789   0.000607   0.001254  -92.908
  472141.73  5895481.06   1.209439   0.000604   0.001250  -92.950
  472140.53  5895481.00   1.210082   0.000602   0.001247  -92.992
  472139.32  5895480.94   1.210720   0.000600   0.001243  -93.034
  472138.11  5895480.87   1.211350   0.000597   0.001239  -93.075
  472136.90  5895480.81   1.211975   0.000595   0.001236  -93.117
  472135.69  5895480.74   1.212593   0.000592   0.001232  -93.158
  472134.48  5895480.67   1.213205   0.000590   0.001228  -93.199
  472133.27  5895480.60   1.213811   0.000588   0.001225  -93.240
  472132.05  5895480.53   1.214410   0.000585   0.001221  -93.281
  472130.84  5895480.46   1.215002   0.000583   0.001217  -93.322
  472129.63  5895480.39   1.215589   0.000581   0.001214  -93.362
  472128.41  5895480.32   1.216169   0.000579   0.001210  -93.403
  472127.20  5895480.25   1.216742   0.000576   0.001207  -93.443
  472125.99  5895480.17   1.217309   0.000574   0.001203  -93.483
  472124.77  5895480.10   1.217870   0.000572   0.001200  -93.523
  472123.55  5895480.02   1.218425   0.000570   0.001196  -93.563
  472122.34  5895479.94   1.218972   0.000567   0.001192  -93.603
  472121.12  5895479.87   1.219514   0.000565   0.001189  -93.643
  472119.90  5895479.79   1.220049   0.000563   0.001186  -93.682
  472118.69  5895479.71   1.220578   0.000561   0.001182  -93.722
  472117.47  5895479.63   1.221100   0.000559   0.001179  -93.761
  472116.25  5895479.55   1.221616   0.000557   0.001175  -93.800
  472115.03  5895479.47   1.222125   0.000555   0.001172  -93.839
  472113.81  5895479.38   1.222628   0.000553   0.001168  -93.878
  472112.59  5895479.30   1.223124   0.000551   0.001165  -93.916
  472111.37  5895479.22   1.223614   0.000549   0.001162  -93.955
  472110.15  5895479.13   1.224098   0.000547   0.001158  -93.994
  472108.93  5895479.05   1.224575   0.000545   0.001155  -94.032
  472107.71  5895478.96   1.225045   0.000543   0.001152  -94.070
  472106.48  5895478.87   1.225510   0.000541   0.001148  -94.108
  472105.26  5895478.78   1.225967   0.000539   0.001145  -94.146
  472104.04  5895478.69   1.226418   0.000537   0.001142  -94.184
  472102.82  5895478.60   1.226863   0.000535   0.001138  -94.222
  472101.59  5895478.51   1.227301   0.000533   0.001135  -94.259
  472100.37  5895478.42   1.227733   0.000531   0.001132  -94.297
  472099.14  5895478.33   1.228158   0.000529   0.001129  -94.334
  472097.92  5895478.23   1.228576   0.000527   0.001125  -94.371
  472096.69  5895478.14   1.228988   0.000525   0.001122  -94.408
  472095.47  5895478.04   1.229394   0.000524   0.001119  -94.445
  472094.24  5895477.95   1.229793   0.000522   0.001116  -94.482
  472093.02  5895477.85   1.230186   0.000520   0.001113  -94.519
  472091.79  5895477.75   1.230572   0.000518   0.001109  -94.556
  472090.56  5895477.65   1.230951   0.000516   0.001106  -94.592
  472089.34  5895477.55   1.231324   0.000515   0.001103  -94.629
  472088.11  5895477.45   1.231690   0.000513   0.001100  -94.665
  472086.88  5895477.35   1.232050   0.000511   0.001097  -94.701
  472085.65  5895477.25   1.232403   0.000509   0.001094  -94.737
  472084.42  5895477.15   1.232750   0.000508   0.001091  -94.773
  472083.19  5895477.05   1.233090   0.000506   0.001088  -94.809
  472081.97  5895476.94   1.233424   0.000504   0.001085  -94.845
  472080.74  5895476.84   1.233751   0.000502   0.001082  -94.880
  472079.51  5895476.73   1.234071   0.000501   0.001079  -94.916
  472078.28  5895476.62   1.234385   0.000499   0.001076  -94.951
  472077.05  5895476.52   1.234692   0.000498   0.001073  -94.987
  472075.82  5895476.41   1.234993   0.000496   0.001070  -95.022
  472074.59  5895476.30   1.235287   0.000494   0.001067  -95.057
  472073.36  5895476.19   1.235575   0.000493   0.001064  -95.092
  472072.13  5895476.08   1.235855   0.000491   0.001061  -95.127
  472070.90  5895475.97   1.236130   0.000490   0.001058  -95.162
  472069.66  5895475.86   1.236397   0.000488   0.001055  -95.196
  472068.43  5895475.74   1.236659   0.000486   0.001052  -95.231
  472067.20  5895475.63   1.236913   0.000485   0.001049  -95.265
  472065.97  5895475.52   1.237161   0.000483   0.001046  -95.300
  472064.74  5895475.40   1.237402   0.000482   0.001043  -95.334
  472063.51  5895475.29   1.237637   0.000480   0.001040  -95.368
  472062.27  5895475.17   1.237865   0.000479   0.001038  -95.402
  472061.04  5895475.05   1.238086   0.000477   0.001035  -95.436
  472059.81  5895474.93   1.238301   0.000476   0.001032  -95.470
  472058.58  5895474.81   1.238509   0.000474   0.001029  -95.504
  472057.34  5895474.69   1.238710   0.000473   0.001026  -95.537
  472056.11  5895474.57   1.238905   0.000472   0.001024  -95.571
  472054.88  5895474.45   1.239093   0.000470   0.001021  -95.604
  472053.64  5895474.33   1.239275   0.000469   0.001018  -95.638
  472052.41  5895474.21   1.239450   0.000467   0.001015  -95.671
  472051.18  5895474.09   1.239618   0.000466   0.001012  -95.704
  472049.94  5895473.96   1.239779   0.000465   0.001010  -95.737
  472048.71  5895473.84   1.239934   0.000463   0.001007  -95.770
  472047.48  5895473.71   1.240082   0.000462   0.001004  -95.803
  472046.24  5895473.59   1.240224   0.000460   0.001002  -95.836
  472045.01  5895473.46   1.240359   0.000459   0.000999  -95.869
  472043.77  5895473.33   1.240487   0.000458   0.000996  -95.901
  472042.54  5895473.20   1.240608   0.000456   0.000994  -95.934
  472041.31  5895473.07   1.240723   0.000455   0.000991  -95.966
  472040.07  5895472.95   1.240831   0.000454   0.000988  -95.999
  472038.84  5895472.81   1.240933   0.000453   0.000986  -96.031
  472037.60  5895472.68   1.241027   0.000451   0.000983  -96.063
  472036.37  5895472.55   1.241115   0.000450   0.000980  -96.095
  472035.14  5895472.42   1.241197   0.000449   0.000978  -96.127
  472033.90  5895472.29   1.241271   0.000448   0.000975  -96.159
  472032.67  5895472.15   1.241339   0.000446   0.000973  -96.191
  472031.43  5895472.02   1.241400   0.000445   0.000970  -96.223
  472030.20  5895471.88   1.241455   0.000444   0.000968  -96.254
  472028.97  5895471.75   1.241503   0.000443   0.000965  -96.286
  472027.73  5895471.61   1.241544   0.000442   0.000963  -96.317
  472026.50  5895471.47   1.241578   0.000440   0.000960  -96.349
  472025.26  5895471.33   1.241606   0.000439   0.000957  -96.380
  472024.03  5895471.20   1.241626   0.000438   0.000955  -96.411
  472022.80  5895471.06   1.241641   0.000437   0.000952  -96.443
  472021.56  5895470.92   1.241648   0.000436   0.000950  -96.474
  472020.33  5895470.78   1.241649   0.000435   0.000948  -96.505
  472019.10  5895470.63   1.241643   0.000433   0.000945  -96.536
  472017.86  5895470.49   1.241630   0.000432   0.000943  -96.566
  472016.63  5895470.35   1.241610   0.000431   0.000940  -96.597
  472015.40  5895470.21   1.241584   0.000430   0.000938  -96.628
  472014.16  5895470.06   1.241551   0.000429   0.000935  -96.658
  472012.93  5895469.92   1.241511   0.000428   0.000933  -96.689
  472011.70  5895469.77   1.241465   0.000427   0.000931  -96.719
  472010.46  5895469.63   1.241411   0.000426   0.000928  -96.750
  472009.23  5895469.48   1.241351   0.000425   0.000926  -96.780
  472008.00  5895469.33   1.241284   0.000424   0.000923  -96.810
  472006.77  5895469.19   1.241211   0.000423   0.000921  -96.840
  472005.53  5895469.04   1.241130   0.000422   0.000919  -96.871
  472004.30  5895468.89   1.241043   0.000421   0.000916  -96.901
  472003.07  5895468.74   1.240949   0.000420   0.000914  -96.930
  472001.84  5895468.59   1.240849   0.000419   0.000912  -96.960
  472000.61  5895468.44   1.240741   0.000418   0.000909  -96.990
  471999.38  5895468.29   1.240627   0.000417   0.000907  -97.020
  471998.14  5895468.13   1.240506   0.000416   0.000905  -97.049
  471996.91  5895467.98   1.240378   0.000415   0.000903  -97.079
  471995.68  5895467.83   1.240243   0.000414   0.000900  -97.108
  471994.45  5895467.67   1.240102   0.000413   0.000898  -97.138
  471993.22  5895467.52   1.239954   0.000412   0.000896  -97.167
  471991.99  5895467.36   1.239799   0.000411   0.000894  -97.196
  471990.76  5895467.21   1.239637   0.000410   0.000891  -97.226
  471989.53  5895467.05   1.239468   0.000409   0.000889  -97.255
  471988.30  5895466.89   1.239293   0.000408   0.000887  -97.284
  471987.07  5895466.74   1.239111   0.000407   0.000885  -97.313
  471985.84  5895466.58   1.238922   0.000407   0.000883  -97.342
  471984.62  5895466.42   1.238726   0.000406   0.000880  -97.371
  471983.39  5895466.26   1.238523   0.000405   0.000878  -97.399
  471982.16  5895466.10   1.238314   0.000404   0.000876  -97.428
  471980.93  5895465.94   1.238098   0.000403   0.000874  -97.457
  471979.70  5895465.78   1.237875   0.000402   0.000872  -97.485
  471978.48  5895465.61   1.237645   0.000401   0.000870  -97.514
  471977.25  5895465.45   1.237408   0.000401   0.000867  -97.542
  471976.02  5895465.29   1.237163   0.000400   0.000865  -97.571
  471974.80  5895465.13   1.236911   0.000399   0.000863  -97.599
  471973.57  5895464.96   1.236655   0.000399   0.000863  -97.627
  471972.35  5895464.80   1.236395   0.000399   0.000862  -97.656
  471971.12  5895464.63   1.236131   0.000399   0.000861  -97.684
  471969.90  5895464.47   1.235862   0.000398   0.000861  -97.712
  471968.67  5895464.30   1.235590   0.000398   0.000860  -97.740
  471967.45  5895464.13   1.235313   0.000398   0.000859  -97.769
  471966.22  5895463.96   1.235031   0.000398   0.000858  -97.797
  471965.00  5895463.80   1.234746   0.000398   0.000858  -97.825
  471963.78  5895463.63   1.234456   0.000398   0.000857  -97.853
  471962.55  5895463.46   1.234162   0.000398   0.000856  -97.881
  471961.33  5895463.29   1.233864   0.000397   0.000856  -97.909
  471960.11  5895463.12   1.233562   0.000397   0.000855  -97.937
  471958.89  5895462.95   1.233253   0.000397   0.000854  -97.965
  471957.67  5895462.78   1.232941   0.000397   0.000854  -97.993
  471956.45  5895462.60   1.232627   0.000398   0.000855  -98.022
  471955.23  5895462.43   1.232314   0.000398   0.000856  -98.050
  471954.01  5895462.26   1.231999   0.000399   0.000857  -98.078
  471952.79  5895462.08   1.231684   0.000400   0.000857  -98.106
  471951.57  5895461.91   1.231369   0.000400   0.000858  -98.134
  471950.35  5895461.74   1.231053   0.000401   0.000859  -98.162
  471949.13  5895461.56   1.230736   0.000402   0.000860  -98.191
  471947.91  5895461.38   1.230419   0.000402   0.000861  -98.219
  471946.70  5895461.21   1.230101   0.000403   0.000862  -98.247
  471945.48  5895461.03   1.229783   0.000403   0.000863  -98.276
  471944.26  5895460.85   1.229464   0.000404   0.000864  -98.304
  471943.05  5895460.67   1.229144   0.000405   0.000865  -98.333
  471941.83  5895460.50   1.228824   0.000405   0.000866  -98.361
  471940.61  5895460.32   1.228503   0.000406   0.000867  -98.390
  471939.40  5895460.14   1.228182   0.000407   0.000867  -98.418
  471938.18  5895459.96   1.227861   0.000408   0.000869  -98.447
  471936.97  5895459.78   1.227536   0.000409   0.000871  -98.475
  471935.76  5895459.59   1.227211   0.000409   0.000870  -98.504
  471934.54  5895459.41   1.226890   0.000407   0.000867  -98.533
  471933.33  5895459.23   1.226572   0.000406   0.000864  -98.562
  471932.12  5895459.05   1.226257   0.000405   0.000861  -98.590
  471930.90  5895458.86   1.225945   0.000404   0.000858  -98.619
  471929.69  5895458.68   1.225637   0.000403   0.000855  -98.647
  471928.48  5895458.49   1.225332   0.000401   0.000852  -98.675
  471927.27  5895458.31   1.225031   0.000400   0.000849  -98.704
  471926.06  5895458.12   1.224732   0.000399   0.000846  -98.732
  471924.85  5895457.94   1.224437   0.000398   0.000843  -98.760
  471923.64  5895457.75   1.224145   0.000397   0.000840  -98.788
  471922.43  5895457.56   1.223857   0.000395   0.000837  -98.815
  471921.22  5895457.37   1.223572   0.000394   0.000834  -98.843
  471920.01  5895457.18   1.223290   0.000393   0.000831  -98.871
  471918.80  5895456.99   1.223011   0.000392   0.000828  -98.898
  471917.60  5895456.81   1.222736   0.000390   0.000825  -98.926
  471916.39  5895456.61   1.222463   0.000389   0.000822  -98.953
  471915.18  5895456.42   1.222195   0.000388   0.000819  -98.980
  471913.97  5895456.23   1.221929   0.000387   0.000816  -99.007
  471912.77  5895456.04   1.221667   0.000385   0.000813  -99.034
  471911.56  5895455.85   1.221407   0.000384   0.000810  -99.061
  471910.35  5895455.66   1.221152   0.000383   0.000807  -99.088
  471909.15  5895455.46   1.220899   0.000381   0.000804  -99.115
  471907.94  5895455.27   1.220650   0.000380   0.000801  -99.142
  471906.74  5895455.07   1.220404   0.000379   0.000798  -99.168
  471905.53  5895454.88   1.220161   0.000377   0.000795  -99.195
  471904.33  5895454.68   1.219921   0.000376   0.000792  -99.221
  471903.13  5895454.49   1.219685   0.000375   0.000789  -99.247
  471901.92  5895454.29   1.219452   0.000373   0.000785  -99.274
  471900.72  5895454.09   1.219222   0.000372   0.000782  -99.300
  471899.52  5895453.90   1.218995   0.000371   0.000779  -99.326
  471898.31  5895453.70   1.218771   0.000369   0.000776  -99.352
  471897.11  5895453.50   1.218551   0.000368   0.000773  -99.377
  471895.91  5895453.30   1.218334   0.000367   0.000770  -99.403
  471894.71  5895453.10   1.218120   0.000365   0.000767  -99.429
  471893.51  5895452.90   1.217910   0.000364   0.000764  -99.454
  471892.30  5895452.70   1.217702   0.000363   0.000760  -99.480
  471891.10  5895452.50   1.217498   0.000361   0.000757  -99.505
  471889.90  5895452.30   1.217297   0.000360   0.000754  -99.530
  471888.70  5895452.10   1.217099   0.000358   0.000751  -99.555
  471887.50  5895451.89   1.216905   0.000357   0.000748  -99.580
  471886.30  5895451.69   1.216713   0.000356   0.000745  -99.605
  471885.10  5895451.49   1.216524   0.000355   0.000742  -99.630
  471883.90  5895451.28   1.216338   0.000353   0.000739  -99.655
  471882.71  5895451.08   1.216154   0.000352   0.000737  -99.679
  471881.51  5895450.87   1.215973   0.000351   0.000734  -99.704
  471880.31  5895450.67   1.215795   0.000350   0.000731  -99.728
  471879.11  5895450.46   1.215620   0.000348   0.000728  -99.753
  471877.91  5895450.25   1.215447   0.000347   0.000725  -99.777
  471876.71  5895450.05   1.215276   0.000346   0.000722  -99.801
  471875.52  5895449.84   1.215109   0.000345   0.000719  -99.825
  471874.32  5895449.63   1.214944   0.000343   0.000717  -99.849
  471873.12  5895449.42   1.214781   0.000342   0.000714  -99.873
  471871.93  5895449.22   1.214622   0.000341   0.000711  -99.897
  471870.73  5895449.01   1.214465   0.000339   0.000708  -99.921
  471869.53  5895448.80   1.214310   0.000338   0.000704  -99.944
  471868.34  5895448.59   1.214160   0.000336   0.000700  -99.968
  471867.14  5895448.38   1.214013   0.000335   0.000699  -99.991
  471865.95  5895448.16   1.213865   0.000336   0.000701 -100.014
  471864.75  5895447.95   1.213717   0.000337   0.000702 -100.038
  471863.56  5895447.74   1.213569   0.000338   0.000703 -100.061
  471862.36  5895447.53   1.213421   0.000338   0.000705 -100.085
  471861.17  5895447.32   1.213272   0.000339   0.000706 -100.108
  471859.97  5895447.10   1.213124   0.000340   0.000707 -100.132
  471858.78  5895446.89   1.212975   0.000341   0.000709 -100.155
  471857.59  5895446.67   1.212826   0.000341   0.000710 -100.179
  471856.39  5895446.46   1.212678   0.000342   0.000711 -100.203
  471855.20  5895446.24   1.212529   0.000343   0.000713 -100.226
  471854.01  5895446.03   1.212379   0.000344   0.000714 -100.250
  471852.81  5895445.81   1.212230   0.000344   0.000716 -100.274
  471851.62  5895445.60   1.212081   0.000345   0.000717 -100.298
  471850.43  5895445.38   1.211931   0.000346   0.000718 -100.322
  471849.24  5895445.16   1.211782   0.000347   0.000720 -100.346
  471848.04  5895444.94   1.211632   0.000347   0.000721 -100.370
  471846.85  5895444.72   1.211482   0.000348   0.000722 -100.394
  471845.66  5895444.50   1.211332   0.000349   0.000724 -100.418
  471844.47  5895444.29   1.211182   0.000350   0.000725 -100.443
  471843.28  5895444.07   1.211032   0.000350   0.000726 -100.467
  471842.09  5895443.84   1.210882   0.000351   0.000728 -100.491
  471840.90  5895443.62   1.210731   0.000352   0.000729 -100.515
  471839.71  5895443.40   1.210581   0.000352   0.000731 -100.540
  471838.52  5895443.18   1.210430   0.000353   0.000732 -100.564
  471837.33  5895442.96   1.210279   0.000354   0.000733 -100.589
  471836.14  5895442.74   1.210128   0.000355   0.000735 -100.613
  471834.95  5895442.51   1.209978   0.000355   0.000736 -100.638
  471833.76  5895442.29   1.209826   0.000356   0.000737 -100.663
  471832.57  5895442.06   1.209675   0.000357   0.000739 -100.687
  471831.38  5895441.84   1.209524   0.000358   0.000740 -100.712
  471830.19  5895441.61   1.209373   0.000358   0.000742 -100.737
  471829.01  5895441.39   1.209221   0.000359   0.000743 -100.762
  471827.82  5895441.16   1.209070   0.000360   0.000744 -100.787
  471826.63  5895440.93   1.208918   0.000361   0.000746 -100.812
  471825.44  5895440.71   1.208766   0.000362   0.000747 -100.837
  471824.26  5895440.48   1.208614   0.000362   0.000748 -100.862
  471823.07  5895440.25   1.208462   0.000363   0.000750 -100.887
  471821.88  5895440.02   1.208310   0.000364   0.000751 -100.912
  471820.70  5895439.79   1.208158   0.000365   0.000752 -100.937
  471819.51  5895439.56   1.208006   0.000365   0.000754 -100.962
  471818.32  5895439.33   1.207853   0.000366   0.000755 -100.987
  471817.14  5895439.10   1.207701   0.000367   0.000757 -101.013
  471815.95  5895438.87   1.207549   0.000368   0.000758 -101.038
  471814.77  5895438.64   1.207396   0.000368   0.000759 -101.064
  471813.58  5895438.41   1.207243   0.000369   0.000761 -101.089
  471812.40  5895438.17   1.207090   0.000370   0.000762 -101.115
  471811.22  5895437.94   1.206938   0.000371   0.000764 -101.140
  471810.03  5895437.71   1.206785   0.000371   0.000765 -101.166
  471808.85  5895437.47   1.206632   0.000372   0.000766 -101.192
  471807.66  5895437.24   1.206479   0.000373   0.000768 -101.217
  471806.48  5895437.00   1.206326   0.000374   0.000769 -101.243
  471805.30  5895436.77   1.206172   0.000374   0.000770 -101.269
  471804.11  5895436.53   1.206019   0.000375   0.000772 -101.295
  471802.93  5895436.30   1.205866   0.000376   0.000773 -101.321
  471801.75  5895436.06   1.205712   0.000377   0.000775 -101.347
  471800.57  5895435.82   1.205559   0.000378   0.000776 -101.373
  471799.39  5895435.58   1.205405   0.000378   0.000777 -101.399
  471798.21  5895435.34   1.205251   0.000379   0.000779 -101.425
  471797.02  5895435.10   1.205098   0.000380   0.000780 -101.451
  471795.84  5895434.86   1.204944   0.000381   0.000781 -101.477
  471794.66  5895434.62   1.204790   0.000382   0.000783 -101.504
  471793.48  5895434.38   1.204636   0.000383   0.000785 -101.530
  471792.30  5895434.14   1.204482   0.000383   0.000786 -101.556
  471791.12  5895433.90   1.204328   0.000383   0.000785 -101.583
  471789.94  5895433.66   1.204174   0.000383   0.000785 -101.609
  471788.76  5895433.41   1.204020   0.000383   0.000784 -101.636
  471787.58  5895433.17   1.203866   0.000382   0.000784 -101.662
  471786.41  5895432.93   1.203712   0.000382   0.000783 -101.688
  471785.23  5895432.68   1.203559   0.000382   0.000783 -101.715
  471784.05  5895432.44   1.203405   0.000382   0.000782 -101.741
  471782.87  5895432.19   1.203251   0.000382   0.000782 -101.767
  471781.69  5895431.95   1.203097   0.000382   0.000781 -101.794
  471780.51  5895431.70   1.202943   0.000382   0.000781 -101.820
  471779.34  5895431.45   1.202789   0.000381   0.000780 -101.846
  471778.16  5895431.21   1.202636   0.000381   0.000780 -101.873
  471776.98  5895430.96   1.202482   0.000381   0.000780 -101.899
  471775.81  5895430.71   1.202328   0.000381   0.000779 -101.925
  471774.63  5895430.46   1.202174   0.000381   0.000779 -101.951
  471773.46  5895430.21   1.202021   0.000381   0.000778 -101.978
  471772.28  5895429.96   1.201867   0.000381   0.000778 -102.004
  471771.10  5895429.71   1.201713   0.000381   0.000777 -102.030
  471769.93  5895429.46   1.201559   0.000380   0.000777 -102.056
  471768.75  5895429.21   1.201406   0.000380   0.000776 -102.082
  471767.58  5895428.96   1.201252   0.000380   0.000776 -102.109
  471766.41  5895428.70   1.201098   0.000380   0.000776 -102.135
  471765.23  5895428.45   1.200944   0.000381   0.000777 -102.161
  471764.06  5895428.20   1.200789   0.000380   0.000774 -102.187
  471762.88  5895427.94   1.200637   0.000378   0.000770 -102.213
  471761.71  5895427.69   1.200486   0.000376   0.000766 -102.239
  471760.54  5895427.43   1.200336   0.000374   0.000761 -102.265
  471759.36  5895427.18   1.200189   0.000372   0.000757 -102.291
  471758.19  5895426.92   1.200043   0.000369   0.000753 -102.316
  471757.02  5895426.67   1.199899   0.000367   0.000748 -102.342
  471755.85  5895426.41   1.199757   0.000365   0.000744 -102.367
  471754.68  5895426.15   1.199616   0.000363   0.000739 -102.392
  471753.50  5895425.89   1.199477   0.000361   0.000735 -102.417
  471752.33  5895425.63   1.199340   0.000359   0.000731 -102.442
  471751.16  5895425.38   1.199205   0.000357   0.000726 -102.467
  471749.99  5895425.12   1.199071   0.000355   0.000722 -102.491
  471748.82  5895424.86   1.198939   0.000353   0.000717 -102.516
  471747.65  5895424.60   1.198809   0.000351   0.000713 -102.540
  471746.48  5895424.34   1.198680   0.000349   0.000709 -102.564
  471745.31  5895424.07   1.198553   0.000347   0.000704 -102.588
  471744.14  5895423.81   1.198428   0.000345   0.000700 -102.612
  471742.97  5895423.55   1.198304   0.000342   0.000695 -102.635
  471741.80  5895423.29   1.198182   0.000340   0.000691 -102.659
  471740.63  5895423.03   1.198062   0.000338   0.000687 -102.682
  471739.47  5895422.76   1.197944   0.000336   0.000682 -102.705
  471738.30  5895422.50   1.197827   0.000334   0.000678 -102.728
  471737.13  5895422.23   1.197712   0.000332   0.000673 -102.751
  471735.96  5895421.97   1.197598   0.000330   0.000669 -102.774
  471734.79  5895421.70   1.197486   0.000328   0.000664 -102.797
  471733.63  5895421.44   1.197376   0.000326   0.000660 -102.819
  471732.46  5895421.17   1.197268   0.000323   0.000656 -102.842
  471731.29  5895420.90   1.197161   0.000321   0.000651 -102.864
  471730.12  5895420.64   1.197056   0.000319   0.000647 -102.886
  471728.96  5895420.37   1.196952   0.000317   0.000642 -102.908
  471727.79  5895420.10   1.196850   0.000315   0.000638 -102.929
  471726.62  5895419.83   1.196750   0.000313   0.000634 -102.951
  471725.46  5895419.57   1.196651   0.000311   0.000629 -102.972
  471724.29  5895419.30   1.196553   0.000309   0.000625 -102.994
  471723.13  5895419.03   1.196457   0.000307   0.000621 -103.015
  471721.96  5895418.76   1.196363   0.000305   0.000617 -103.036
  471720.80  5895418.49   1.196269   0.000303   0.000612 -103.057
  471719.63  5895418.22   1.196178   0.000301   0.000608 -103.078
  471718.47  5895417.95   1.196087   0.000299   0.000604 -103.098
  471717.30  5895417.67   1.195998   0.000296   0.000600 -103.119
  471716.14  5895417.40   1.195911   0.000294   0.000596 -103.139
  471714.97  5895417.13   1.195825   0.000292   0.000591 -103.159
  471713.81  5895416.86   1.195740   0.000290   0.000587 -103.179
  471712.64  5895416.58   1.195657   0.000288   0.000583 -103.199
  471711.48  5895416.31   1.195575   0.000286   0.000579 -103.219
  471710.32  5895416.04   1.195495   0.000284   0.000574 -103.238
  471709.15  5895415.76   1.195416   0.000282   0.000570 -103.258
  471707.99  5895415.49   1.195338   0.000280   0.000566 -103.277
  471706.83  5895415.21   1.195262   0.000278   0.000562 -103.296
  471705.66  5895414.94   1.195187   0.000276   0.000557 -103.315
  471704.50  5895414.66   1.195114   0.000274   0.000553 -103.334
  471703.34  5895414.39   1.195042   0.000272   0.000549 -103.353
  471702.17  5895414.11   1.194971   0.000270   0.000544 -103.372
  471701.01  5895413.83   1.194902   0.000268   0.000540 -103.390
  471699.85  5895413.56   1.194834   0.000265   0.000536 -103.408
  471698.69  5895413.28   1.194767   0.000263   0.000532 -103.427
  471697.52  5895413.00   1.194702   0.000261   0.000527 -103.445
  471696.36  5895412.72   1.194638   0.000259   0.000523 -103.463
  471695.20  5895412.44   1.194576   0.000257   0.000519 -103.480
  471694.04  5895412.17   1.194515   0.000255   0.000515 -103.498
  471692.88  5895411.89   1.194455   0.000253   0.000510 -103.515
  471691.72  5895411.61   1.194397   0.000251   0.000506 -103.533
  471690.56  5895411.33   1.194340   0.000249   0.000502 -103.550
  471689.39  5895411.05   1.194284   0.000247   0.000498 -103.567
  471688.23  5895410.77   1.194230   0.000245   0.000493 -103.584
  471687.07  5895410.49   1.194177   0.000242   0.000489 -103.600
  471685.91  5895410.20   1.194126   0.000240   0.000485 -103.617
  471684.75  5895409.92   1.194075   0.000238   0.000480 -103.633
  471683.59  5895409.64   1.194027   0.000236   0.000476 -103.650
  471682.43  5895409.36   1.193979   0.000234   0.000472 -103.666
  471681.27  5895409.08   1.193933   0.000232   0.000467 -103.682
  471680.11  5895408.79   1.193888   0.000230   0.000463 -103.698
  471678.95  5895408.51   1.193845   0.000228   0.000459 -103.714
  471677.79  5895408.23   1.193802   0.000226   0.000456 -103.729
  471676.63  5895407.94   1.193761   0.000225   0.000453 -103.745
  471675.47  5895407.66   1.193721   0.000223   0.000450 -103.760
  471674.31  5895407.38   1.193681   0.000222   0.000446 -103.775
  471673.15  5895407.09   1.193643   0.000220   0.000443 -103.790
  471672.00  5895406.81   1.193606   0.000218   0.000440 -103.805
  471670.84  5895406.52   1.193569   0.000217   0.000437 -103.820
  471669.68  5895406.24   1.193534   0.000215   0.000434 -103.835
  471668.52  5895405.95   1.193500   0.000214   0.000431 -103.850
  471667.36  5895405.66   1.193466   0.000212   0.000428 -103.865
  471666.20  5895405.38   1.193434   0.000211   0.000425 -103.879
  471665.04  5895405.09   1.193402   0.000209   0.000421 -103.893
  471663.88  5895404.80   1.193372   0.000208   0.000418 -103.908
  471662.73  5895404.52   1.193343   0.000206   0.000415 -103.922
  471661.57  5895404.23   1.193314   0.000205   0.000412 -103.936
  471660.41  5895403.94   1.193286   0.000203   0.000410 -103.950
  471659.25  5895403.65   1.193258   0.000202   0.000407 -103.964
  471658.09  5895403.37   1.193230   0.000201   0.000404 -103.978
  471656.94  5895403.08   1.193203   0.000200   0.000402 -103.992
  471655.78  5895402.79   1.193176   0.000198   0.000399 -104.005
  471654.62  5895402.50   1.193150   0.000197   0.000396 -104.019
  471653.46  5895402.21   1.193124   0.000196   0.000394 -104.032
  471652.31  5895401.92   1.193099   0.000194   0.000391 -104.046
  471651.15  5895401.63   1.193074   0.000193   0.000388 -104.059
  471649.99  5895401.34   1.193049   0.000192   0.000386 -104.072
  471648.83  5895401.05   1.193025   0.000190   0.000383 -104.085
  471647.68  5895400.76   1.193001   0.000189   0.000380 -104.098
  471646.52  5895400.47   1.192978   0.000187   0.000377 -104.111
  471645.36  5895400.18   1.192955   0.000186   0.000374 -104.124
  471644.21  5895399.89   1.192933   0.000185   0.000372 -104.137
  471643.05  5895399.60   1.192910   0.000184   0.000370 -104.149
  471641.89  5895399.30   1.192888   0.000183   0.000369 -104.162
  471640.74  5895399.01   1.192866   0.000182   0.000367 -104.174
  471639.58  5895398.72   1.192844   0.000181   0.000365 -104.187
  471638.42  5895398.43   1.192823   0.000181   0.000363 -104.199
  471637.27  5895398.13   1.192801   0.000180   0.000362 -104.211
  471636.11  5895397.84   1.192779   0.000179   0.000360 -104.224
  471634.95  5895397.55   1.192758   0.000178   0.000358 -104.236
  471633.80  5895397.25   1.192737   0.000177   0.000356 -104.248
  471632.64  5895396.96   1.192716   0.000176   0.000355 -104.260
  471631.49  5895396.67   1.192695   0.000175   0.000353 -104.272
  471630.33  5895396.37   1.192674   0.000175   0.000351 -104.284
  471629.18  5895396.08   1.192653   0.000174   0.000349 -104.296
  471628.02  5895395.78   1.192632   0.000173   0.000348 -104.308
  471626.86  5895395.49   1.192612   0.000172   0.000346 -104.320
  471625.71  5895395.19   1.192591   0.000171   0.000344 -104.332
  471624.55  5895394.90   1.192571   0.000170   0.000342 -104.343
  471623.40  5895394.60   1.192551   0.000169   0.000341 -104.355
  471622.24  5895394.31   1.192531   0.000169   0.000339 -104.367
  471621.09  5895394.01   1.192511   0.000168   0.000337 -104.378
  471619.93  5895393.71   1.192491   0.000167   0.000335 -104.390
  471618.78  5895393.42   1.192471   0.000166   0.000334 -104.401
  471617.62  5895393.12   1.192452   0.000165   0.000332 -104.412
  471616.47  5895392.82   1.192432   0.000164   0.000330 -104.424
  471615.31  5895392.53   1.192413   0.000163   0.000329 -104.435
  471614.16  5895392.23   1.192394   0.000163   0.000327 -104.446
  471613.00  5895391.93   1.192374   0.000162   0.000325 -104.457
  471611.85  5895391.63   1.192355   0.000161   0.000323 -104.468
  471610.69  5895391.33   1.192337   0.000160   0.000322 -104.479
  471609.54  5895391.04   1.192318   0.000159   0.000320 -104.490
  471608.39  5895390.74   1.192299   0.000158   0.000318 -104.501
  471607.23  5895390.44   1.192280   0.000157   0.000316 -104.512
  471606.08  5895390.14   1.192262   0.000156   0.000315 -104.522
  471604.92  5895389.84   1.192244   0.000156   0.000313 -104.533
  471603.77  5895389.54   1.192225   0.000155   0.000311 -104.544
  471602.62  5895389.24   1.192207   0.000154   0.000309 -104.554
  471601.46  5895388.94   1.192189   0.000153   0.000308 -104.565
  471600.31  5895388.64   1.192171   0.000152   0.000306 -104.575
  471599.15  5895388.34   1.192153   0.000151   0.000304 -104.586
  471598.00  5895388.04   1.192135   0.000150   0.000302 -104.596
  471596.85  5895387.74   1.192118   0.000150   0.000301 -104.606
  471595.69  5895387.44   1.192100   0.000149   0.000299 -104.616
  471594.54  5895387.14   1.192083   0.000148   0.000297 -104.627
  471593.39  5895386.84   1.192065   0.000147   0.000295 -104.637
  471592.23  5895386.54   1.192048   0.000146   0.000294 -104.647
  471591.08  5895386.23   1.192031   0.000145   0.000292 -104.657
  471589.93  5895385.93   1.192014   0.000144   0.000290 -104.667
  471588.77  5895385.63   1.191997   0.000143   0.000288 -104.677
  471587.62  5895385.33   1.191980   0.000143   0.000287 -104.686
  471586.47  5895385.03   1.191963   0.000142   0.000285 -104.696
  471585.31  5895384.72   1.191947   0.000141   0.000283 -104.706
  471584.16  5895384.42   1.191930   0.000140   0.000281 -104.715
  471583.01  5895384.12   1.191913   0.000139   0.000280 -104.725
  471581.86  5895383.81   1.191897   0.000138   0.000278 -104.734
  471580.70  5895383.51   1.191881   0.000137   0.000276 -104.744
  471579.55  5895383.21   1.191865   0.000137   0.000274 -104.753
  471578.40  5895382.90   1.191848   0.000136   0.000273 -104.763
  471577.25  5895382.60   1.191832   0.000135   0.000271 -104.772
  471576.09  5895382.30   1.191816   0.000134   0.000269 -104.781
  471574.94  5895381.99   1.191801   0.000133   0.000267 -104.790
  471573.79  5895381.69   1.191785   0.000132   0.000266 -104.799
  471572.64  5895381.38   1.191769   0.000131   0.000264 -104.808
  471571.48  5895381.08   1.191754   0.000130   0.000262 -104.817
  471570.33  5895380.77   1.191738   0.000130   0.000260 -104.826
  471569.18  5895380.47   1.191723   0.000129   0.000259 -104.835
  471568.03  5895380.16   1.191707   0.000128   0.000257 -104.844
  471566.88  5895379.86   1.191692   0.000127   0.000255 -104.853
  471565.72  5895379.55   1.191677   0.000126   0.000253 -104.861
  471564.57  5895379.25   1.191662   0.000125   0.000252 -104.870
  471563.42  5895378.94   1.191647   0.000124   0.000250 -104.878
  471562.27  5895378.63   1.191632   0.000124   0.000248 -104.887
  471561.12  5895378.33   1.191617   0.000123   0.000246 -104.895
  471559.97  5895378.02   1.191602   0.000122   0.000245 -104.904
  471558.81  5895377.71   1.191588   0.000121   0.000243 -104.912
  471557.66  5895377.41   1.191573   0.000120   0.000241 -104.920
  471556.51  5895377.10   1.191559   0.000119   0.000239 -104.928
  471555.36  5895376.79   1.191544   0.000118   0.000238 -104.937
  471554.21  5895376.49   1.191530   0.000117   0.000236 -104.945
  471553.06  5895376.18   1.191516   0.000117   0.000234 -104.953
  471551.91  5895375.87   1.191501   0.000116   0.000232 -104.961
  471550.76  5895375.56   1.191487   0.000115   0.000231 -104.969
  471549.61  5895375.25   1.191473   0.000114   0.000229 -104.976
  471548.45  5895374.95   1.191459   0.000113   0.000227 -104.984
  471547.30  5895374.64   1.191446   0.000112   0.000225 -104.992
  471546.15  5895374.33   1.191432   0.000111   0.000224 -105.000
  471545.00  5895374.02   1.191418   0.000111   0.000222 -105.007
  471543.85  5895373.71   1.191404   0.000110   0.000220 -105.015
  471542.70  5895373.40   1.191391   0.000109   0.000218 -105.022
  471541.55  5895373.10   1.191377   0.000108   0.000217 -105.030
  471540.40  5895372.79   1.191364   0.000107   0.000215 -105.037
  471539.25  5895372.48   1.191351   0.000106   0.000213 -105.044
  471538.10  5895372.17   1.191337   0.000105   0.000211 -105.052
  471536.95  5895371.86   1.191324   0.000104   0.000210 -105.059
  471535.80  5895371.55   1.191311   0.000104   0.000208 -105.066
  471534.65  5895371.24   1.191298   0.000103   0.000206 -105.073
  471533.50  5895370.93   1.191285   0.000102   0.000204 -105.080
  471532.35  5895370.62   1.191272   0.000101   0.000203 -105.087
  471531.20  5895370.31   1.191259   0.000100   0.000201 -105.094
  471530.05  5895370.00   1.191246   0.000099   0.000199 -105.101
  471528.90  5895369.69   1.191234   0.000098   0.000197 -105.107
  471527.75  5895369.38   1.191221   0.000097   0.000196 -105.114
  471526.60  5895369.07   1.191208   0.000097   0.000194 -105.121
  471525.45  5895368.76   1.191196   0.000096   0.000192 -105.127
  471524.30  5895368.44   1.191184   0.000095   0.000190 -105.134
  471523.15  5895368.13   1.191171   0.000094   0.000189 -105.140
  471522.00  5895367.82   1.191159   0.000093   0.000187 -105.147
  471520.85  5895367.51   1.191147   0.000092   0.000185 -105.153
  471519.70  5895367.20   1.191134   0.000091   0.000183 -105.159
  471518.55  5895366.89   1.191122   0.000090   0.000182 -105.166
  471517.40  5895366.58   1.191110   0.000090   0.000180 -105.172
  471516.25  5895366.26   1.191098   0.000089   0.000178 -105.178
  471515.10  5895365.95   1.191086   0.000088   0.000176 -105.184
  471513.95  5895365.64   1.191075   0.000087   0.000175 -105.190
  471512.80  5895365.33   1.191063   0.000086   0.000173 -105.196
  471511.65  5895365.02   1.191051   0.000085   0.000171 -105.202
  471510.50  5895364.70   1.191039   0.000084   0.000169 -105.208
  471509.35  5895364.39   1.191028   0.000084   0.000168 -105.213
  471508.20  5895364.08   1.191016   0.000083   0.000166 -105.219
  471507.05  5895363.77   1.191005   0.000082   0.000164 -105.225
  471505.90  5895363.45   1.190993   0.000081   0.000162 -105.230
  471504.76  5895363.14   1.190982   0.000080   0.000161 -105.236
  471503.61  5895362.83   1.190971   0.000079   0.000159 -105.241
  471502.46  5895362.51   1.190959   0.000078   0.000157 -105.247
  471501.31  5895362.20   1.190948   0.000077   0.000155 -105.252
  471500.16  5895361.89   1.190937   0.000077   0.000154 -105.257
  471499.01  5895361.57   1.190926   0.000076   0.000152 -105.262
  471497.86  5895361.26   1.190915   0.000075   0.000150 -105.268
  471496.71  5895360.95   1.190904   0.000074   0.000148 -105.273
  471495.56  5895360.63   1.190893   0.000073   0.000147 -105.278
  471494.42  5895360.32   1.190883   0.000072   0.000145 -105.283
  471493.27  5895360.00   1.190872   0.000071   0.000143 -105.288
  471492.12  5895359.69   1.190861   0.000070   0.000141 -105.293
  471490.97  5895359.38   1.190850   0.000070   0.000140 -105.297
  471489.82  5895359.06   1.190840   0.000069   0.000138 -105.302
  471488.67  5895358.75   1.190829   0.000068   0.000136 -105.307
  471487.52  5895358.43   1.190819   0.000067   0.000134 -105.311
  471486.37  5895358.12   1.190808   0.000066   0.000133 -105.316
  471485.23  5895357.80   1.190798   0.000065   0.000131 -105.321
  471484.08  5895357.49   1.190788   0.000064   0.000129 -105.325
  471482.93  5895357.17   1.190777   0.000063   0.000127 -105.329
  471481.78  5895356.86   1.190767   0.000063   0.000125 -105.334
  471480.63  5895356.54   1.190757   0.000062   0.000124 -105.338
  471479.48  5895356.23   1.190747   0.000061   0.000122 -105.342
  471478.34  5895355.91   1.190737   0.000060   0.000120 -105.346
  471477.19  5895355.60   1.190727   0.000059   0.000118 -105.350
  471476.04  5895355.28   1.190717   0.000058   0.000117 -105.354
  471474.89  5895354.97   1.190707   0.000057   0.000115 -105.358
  471473.74  5895354.65   1.190697   0.000056   0.000113 -105.362
  471472.60  5895354.34   1.190687   0.000056   0.000111 -105.366
  471471.45  5895354.02   1.190678   0.000055   0.000110 -105.370
  471470.30  5895353.71   1.190668   0.000054   0.000108 -105.374
  471469.15  5895353.39   1.190658   0.000053   0.000106 -105.377
  471468.00  5895353.07   1.190649   0.000052   0.000104 -105.381
  471466.85  5895352.76   1.190639   0.000051   0.000103 -105.385
  471465.71  5895352.44   1.190630   0.000050   0.000101 -105.388
  471464.56  5895352.13   1.190620   0.000049   0.000099 -105.391
  471463.41  5895351.81   1.190611   0.000049   0.000097 -105.395
  471462.26  5895351.49   1.190602   0.000048   0.000096 -105.398
  471461.12  5895351.18   1.190593   0.000047   0.000094 -105.401
  471459.97  5895350.86   1.190583   0.000046   0.000092 -105.405
  471458.82  5895350.55   1.190574   0.000045   0.000090 -105.408
  471457.67  5895350.23   1.190565   0.000044   0.000089 -105.411
  471456.52  5895349.91   1.190556   0.000043   0.000087 -105.414
  471455.38  5895349.60   1.190547   0.000042   0.000085 -105.417
  471454.23  5895349.28   1.190538   0.000042   0.000083 -105.420
  471453.08  5895348.96   1.190529   0.000041   0.000082 -105.423
  471451.93  5895348.65   1.190520   0.000040   0.000080 -105.425
  471450.79  5895348.33   1.190511   0.000039   0.000078 -105.428
  471449.64  5895348.01   1.190502   0.000038   0.000076 -105.431
  471448.49  5895347.70   1.190494   0.000037   0.000075 -105.433
  471447.34  5895347.38   1.190485   0.000036   0.000073 -105.436
  471446.20  5895347.06   1.190476   0.000036   0.000071 -105.438
  471445.05  5895346.75   1.190468   0.000035   0.000069 -105.441
  471443.90  5895346.43   1.190459   0.000034   0.000068 -105.443
  471442.75  5895346.11   1.190451   0.000033   0.000066 -105.445
  471441.61  5895345.79   1.190442   0.000032   0.000064 -105.448
  471440.46  5895345.48   1.190434   0.000031   0.000062 -105.450
  471439.31  5895345.16   1.190426   0.000030   0.000061 -105.452
  471438.16  5895344.84   1.190417   0.000029   0.000059 -105.454
  471437.02  5895344.53   1.190409   0.000029   0.000057 -105.456
  471435.87  5895344.21   1.190401   0.000028   0.000055 -105.458
  471434.72  5895343.89   1.190393   0.000027   0.000054 -105.460
  471433.57  5895343.57   1.190384   0.000026   0.000052 -105.462
  471432.43  5895343.26   1.190376   0.000025   0.000050 -105.463
  471431.28  5895342.94   1.190368   0.000024   0.000048 -105.465
  471430.13  5895342.62   1.190360   0.000023   0.000047 -105.467
  471428.99  5895342.30   1.190352   0.000022   0.000045 -105.468
  471427.84  5895341.99   1.190344   0.000022   0.000043 -105.470
  471426.69  5895341.67   1.190337   0.000021   0.000041 -105.471
  471425.54  5895341.35   1.190329   0.000020   0.000040 -105.473
  471424.40  5895341.03   1.190321   0.000019   0.000038 -105.474
  471423.25  5895340.72   1.190313   0.000018   0.000036 -105.475
  471422.10  5895340.40   1.190306   0.000017   0.000034 -105.477
  471420.96  5895340.08   1.190298   0.000016   0.000033 -105.478
  471419.81  5895339.76   1.190290   0.000015   0.000031 -105.479
  471418.66  5895339.45   1.190283   0.000015   0.000029 -105.480
  471417.51  5895339.13   1.190275   0.000014   0.000027 -105.481
  471416.37  5895338.81   1.190268   0.000013   0.000026 -105.482
  471415.22  5895338.49   1.190261   0.000012   0.000024 -105.483
  471414.07  5895338.17   1.190253   0.000011   0.000022 -105.484
  471412.93  5895337.86   1.190245   0.000010   0.000020 -105.484
  471411.78  5895337.54   1.190238   0.000009   0.000019 -105.485
  471410.63  5895337.22   1.190232   0.000009   0.000018 -105.486
  471409.48  5895336.90   1.190226   0.000008   0.000016 -105.486
  471408.34  5895336.59   1.190220   0.000007   0.000015 -105.487
  471407.19  5895336.27   1.190215   0.000007   0.000014 -105.487
  471406.04  5895335.95   1.190210   0.000006   0.000012 -105.488
  471404.90  5895335.63   1.190206   0.000005   0.000011 -105.488
  471403.75  5895335.31   1.190203   0.000005   0.000009 -105.489
  471402.60  5895335.00   1.190199   0.000004   0.000008 -105.489
  471401.46  5895334.68   1.190197   0.000003   0.000007 -105.489
  471400.31  5895334.36   1.190195   0.000003   0.000005 -105.489
  471399.16  5895334.04   1.190193   0.000002   0.000004 -105.490
  471398.01  5895333.72   1.190192   0.000001   0.000002 -105.490
  471396.87  5895333.41   1.190191   0.000001   0.000001 -105.490
