  472541.06  5893413.64   5.315115   0.000000   0.000011    0.000
  472542.21  5893418.83   5.315439   0.000001   0.000021   12.555
  472543.37  5893424.02   5.316045   0.000001   0.000042   12.555
  472544.52  5893429.21   5.316569   0.000002   0.000064   12.555
  472545.68  5893434.40   5.317009   0.000002   0.000085   12.554
  472546.83  5893439.59   5.317365   0.000003   0.000106   12.553
  472547.99  5893444.78   5.317639   0.000003   0.000127   12.553
  472549.15  5893449.97   5.317829   0.000004   0.000148   12.552
  472550.30  5893455.16   5.317936   0.000004   0.000169   12.550
  472551.46  5893460.35   5.317960   0.000005   0.000191   12.549
  472552.61  5893465.54   5.317901   0.000005   0.000212   12.548
  472553.77  5893470.73   5.317758   0.000006   0.000233   12.546
  472554.92  5893475.92   5.317532   0.000006   0.000254   12.544
  472556.08  5893481.11   5.317223   0.000007   0.000275   12.542
  472557.23  5893486.30   5.316831   0.000007   0.000296   12.540
  472558.39  5893491.49   5.316355   0.000008   0.000318   12.538
  472559.54  5893496.68   5.315796   0.000008   0.000339   12.536
  472560.69  5893501.87   5.315154   0.000009   0.000360   12.533
  472561.85  5893507.06   5.314429   0.000010   0.000381   12.530
  472563.00  5893512.25   5.313621   0.000010   0.000403   12.527
  472564.15  5893517.43   5.312729   0.000011   0.000424   12.524
  472565.30  5893522.62   5.311754   0.000011   0.000445   12.521
  472566.45  5893527.80   5.310696   0.000012   0.000467   12.518
  472567.60  5893532.99   5.309555   0.000012   0.000488   12.514
  472568.75  5893538.17   5.308330   0.000013   0.000509   12.510
  472569.90  5893543.35   5.307022   0.000013   0.000531   12.507
  472571.05  5893548.53   5.305631   0.000014   0.000552   12.502
  472572.20  5893553.71   5.304157   0.000014   0.000574   12.498
  472573.35  5893558.89   5.302600   0.000015   0.000595   12.494
  472574.49  5893564.07   5.300959   0.000016   0.000617   12.489
  472575.64  5893569.24   5.299236   0.000016   0.000638   12.485
  472576.78  5893574.41   5.297429   0.000017   0.000660   12.480
  472577.93  5893579.58   5.295539   0.000017   0.000681   12.475
  472579.07  5893584.75   5.293565   0.000018   0.000703   12.469
  472580.21  5893589.92   5.291509   0.000018   0.000724   12.464
  472581.36  5893595.09   5.289369   0.000019   0.000746   12.459
  472582.50  5893600.25   5.287147   0.000019   0.000768   12.453
  472583.64  5893605.41   5.284841   0.000020   0.000790   12.447
  472584.77  5893610.57   5.282451   0.000021   0.000811   12.441
  472585.91  5893615.73   5.279979   0.000021   0.000833   12.435
  472587.05  5893620.89   5.277424   0.000022   0.000855   12.428
  472588.18  5893626.04   5.274785   0.000022   0.000877   12.422
  472589.32  5893631.19   5.272064   0.000023   0.000899   12.415
  472590.45  5893636.34   5.269259   0.000023   0.000921   12.408
  472591.58  5893641.48   5.266371   0.000024   0.000943   12.401
  472592.71  5893646.62   5.263400   0.000025   0.000965   12.394
  472593.84  5893651.76   5.260346   0.000025   0.000987   12.386
  472594.97  5893656.90   5.257209   0.000026   0.001009   12.379
  472596.09  5893662.03   5.253988   0.000026   0.001031   12.371
  472597.22  5893667.16   5.250685   0.000027   0.001053   12.363
  472598.34  5893672.29   5.247298   0.000028   0.001075   12.355
  472599.46  5893677.41   5.243829   0.000028   0.001098   12.347
  472600.58  5893682.54   5.240276   0.000029   0.001120   12.338
  472601.70  5893687.65   5.236640   0.000029   0.001143   12.329
  472602.82  5893692.77   5.232922   0.000030   0.001165   12.321
  472603.93  5893697.88   5.229120   0.000031   0.001188   12.312
  472605.05  5893702.99   5.225235   0.000031   0.001210   12.302
  472606.16  5893708.09   5.221267   0.000032   0.001232   12.293
  472607.27  5893713.19   5.217219   0.000033   0.001253   12.283
  472608.38  5893718.29   5.213088   0.000033   0.001278   12.274
  472609.48  5893723.38   5.208868   0.000034   0.001306   12.264
  472610.59  5893728.47   5.204559   0.000035   0.001334   12.254
  472611.69  5893733.55   5.200162   0.000036   0.001361   12.243
  472612.79  5893738.63   5.195676   0.000036   0.001389   12.233
  472613.89  5893743.70   5.191101   0.000037   0.001417   12.222
  472614.99  5893748.78   5.186438   0.000038   0.001445   12.211
  472616.09  5893753.84   5.181686   0.000039   0.001474   12.199
  472617.18  5893758.91   5.176845   0.000040   0.001502   12.188
  472618.27  5893763.96   5.171915   0.000040   0.001530   12.176
  472619.36  5893769.02   5.166897   0.000041   0.001558   12.164
  472620.45  5893774.07   5.161790   0.000042   0.001587   12.152
  472621.53  5893779.11   5.156595   0.000043   0.001615   12.140
  472622.61  5893784.15   5.151311   0.000044   0.001644   12.127
  472623.70  5893789.18   5.145939   0.000045   0.001673   12.114
  472624.77  5893794.21   5.140477   0.000046   0.001702   12.101
  472625.85  5893799.24   5.134928   0.000046   0.001730   12.087
  472626.92  5893804.25   5.129289   0.000047   0.001759   12.074
  472627.99  5893809.27   5.123563   0.000048   0.001788   12.060
  472629.06  5893814.28   5.117747   0.000049   0.001818   12.046
  472630.13  5893819.28   5.111843   0.000050   0.001847   12.031
  472631.19  5893824.27   5.105851   0.000051   0.001876   12.017
  472632.25  5893829.27   5.099770   0.000052   0.001906   12.002
  472633.31  5893834.25   5.093601   0.000053   0.001935   11.987
  472634.37  5893839.23   5.087343   0.000054   0.001965   11.971
  472635.42  5893844.21   5.080997   0.000055   0.001995   11.956
  472636.47  5893849.17   5.074562   0.000056   0.002025   11.940
  472637.52  5893854.14   5.068039   0.000057   0.002055   11.923
  472638.56  5893859.09   5.061428   0.000058   0.002085   11.907
  472639.61  5893864.04   5.054728   0.000059   0.002115   11.890
  472640.65  5893868.98   5.047940   0.000060   0.002146   11.873
  472641.68  5893873.92   5.041064   0.000061   0.002176   11.856
  472642.72  5893878.85   5.034099   0.000062   0.002207   11.839
  472643.75  5893883.77   5.027046   0.000063   0.002237   11.821
  472644.77  5893888.69   5.019905   0.000064   0.002268   11.803
  472645.80  5893893.60   5.012676   0.000065   0.002299   11.785
  472646.82  5893898.51   5.005358   0.000066   0.002330   11.766
  472647.84  5893903.40   4.997952   0.000067   0.002362   11.747
  472648.85  5893908.29   4.990458   0.000068   0.002393   11.728
  472649.86  5893913.18   4.982876   0.000069   0.002425   11.709
  472650.87  5893918.05   4.975206   0.000070   0.002456   11.689
  472651.88  5893922.92   4.967447   0.000071   0.002488   11.669
  472652.88  5893927.78   4.959601   0.000072   0.002520   11.649
  472653.88  5893932.64   4.951666   0.000074   0.002552   11.628
  472654.88  5893937.48   4.943644   0.000075   0.002584   11.607
  472655.87  5893942.32   4.935533   0.000076   0.002617   11.586
  472656.86  5893947.15   4.927334   0.000077   0.002649   11.564
  472657.84  5893951.98   4.919048   0.000078   0.002682   11.543
  472658.82  5893956.79   4.910673   0.000080   0.002715   11.521
  472659.80  5893961.60   4.902211   0.000081   0.002748   11.498
  472660.78  5893966.40   4.893661   0.000082   0.002781   11.475
  472661.75  5893971.19   4.885023   0.000083   0.002815   11.452
  472662.71  5893975.98   4.876297   0.000085   0.002848   11.429
  472663.68  5893980.75   4.867483   0.000086   0.002882   11.405
  472664.64  5893985.52   4.858582   0.000088   0.002921   11.381
  472665.59  5893990.28   4.849570   0.000089   0.002961   11.357
  472666.54  5893995.03   4.840470   0.000090   0.002984   11.332
  472667.49  5893999.77   4.831328   0.000091   0.002996   11.307
  472668.44  5894004.50   4.822145   0.000091   0.003008   11.282
  472669.38  5894009.23   4.812920   0.000092   0.003021   11.257
  472670.31  5894013.95   4.803653   0.000093   0.003033   11.231
  472671.25  5894018.65   4.794344   0.000094   0.003046   11.206
  472672.18  5894023.35   4.784994   0.000094   0.003058   11.180
  472673.10  5894028.04   4.775602   0.000095   0.003071   11.154
  472674.02  5894032.72   4.766168   0.000096   0.003084   11.128
  472674.94  5894037.40   4.756693   0.000097   0.003097   11.102
  472675.85  5894042.06   4.747175   0.000098   0.003110   11.076
  472676.76  5894046.71   4.737616   0.000098   0.003123   11.049
  472677.66  5894051.36   4.728016   0.000099   0.003136   11.022
  472678.57  5894056.00   4.718374   0.000100   0.003149   10.996
  472679.46  5894060.62   4.708690   0.000101   0.003163   10.968
  472680.35  5894065.24   4.698964   0.000102   0.003176   10.941
  472681.24  5894069.85   4.689197   0.000103   0.003190   10.914
  472682.13  5894074.45   4.679389   0.000103   0.003204   10.886
  472683.01  5894079.04   4.669538   0.000104   0.003217   10.859
  472683.89  5894083.62   4.659646   0.000105   0.003231   10.831
  472684.76  5894088.20   4.649713   0.000106   0.003245   10.803
  472685.63  5894092.76   4.639738   0.000107   0.003259   10.774
  472686.49  5894097.31   4.629722   0.000108   0.003273   10.746
  472687.35  5894101.86   4.619664   0.000109   0.003288   10.717
  472688.21  5894106.39   4.609564   0.000110   0.003302   10.688
  472689.06  5894110.91   4.599423   0.000111   0.003317   10.659
  472689.91  5894115.43   4.589241   0.000112   0.003331   10.630
  472690.75  5894119.94   4.579017   0.000113   0.003346   10.601
  472691.59  5894124.43   4.568752   0.000114   0.003361   10.571
  472692.42  5894128.92   4.558445   0.000115   0.003376   10.541
  472693.25  5894133.40   4.548097   0.000116   0.003391   10.511
  472694.08  5894137.86   4.537708   0.000117   0.003406   10.481
  472694.90  5894142.32   4.527277   0.000118   0.003421   10.451
  472695.72  5894146.77   4.516805   0.000119   0.003437   10.420
  472696.53  5894151.21   4.506291   0.000120   0.003452   10.389
  472697.34  5894155.63   4.495736   0.000121   0.003468   10.358
  472698.15  5894160.05   4.485140   0.000122   0.003484   10.327
  472698.95  5894164.46   4.474503   0.000124   0.003500   10.295
  472699.74  5894168.86   4.463824   0.000125   0.003516   10.264
  472700.54  5894173.24   4.453104   0.000126   0.003532   10.232
  472701.32  5894177.62   4.442343   0.000127   0.003548   10.200
  472702.11  5894181.99   4.431541   0.000128   0.003564   10.167
  472702.89  5894186.35   4.420697   0.000130   0.003581   10.135
  472703.66  5894190.69   4.409813   0.000131   0.003598   10.102
  472704.43  5894195.03   4.398887   0.000132   0.003614   10.069
  472705.20  5894199.36   4.387920   0.000133   0.003631   10.036
  472705.96  5894203.67   4.376912   0.000135   0.003648   10.002
  472706.71  5894207.98   4.365863   0.000136   0.003666    9.968
  472707.47  5894212.27   4.354773   0.000137   0.003683    9.934
  472708.21  5894216.56   4.343641   0.000139   0.003700    9.900
  472708.96  5894220.83   4.332469   0.000140   0.003718    9.866
  472709.70  5894225.09   4.321256   0.000141   0.003736    9.831
  472710.43  5894229.35   4.310002   0.000143   0.003754    9.796
  472711.16  5894233.59   4.298707   0.000144   0.003772    9.760
  472711.89  5894237.82   4.287371   0.000146   0.003790    9.725
  472712.61  5894242.04   4.275994   0.000147   0.003808    9.689
  472713.32  5894246.25   4.264576   0.000149   0.003830    9.653
  472714.03  5894250.45   4.253094   0.000151   0.003852    9.617
  472714.74  5894254.64   4.241571   0.000152   0.003864    9.580
  472715.44  5894258.81   4.230055   0.000153   0.003870    9.543
  472716.14  5894262.98   4.218544   0.000154   0.003876    9.506
  472716.83  5894267.14   4.207039   0.000155   0.003882    9.469
  472717.52  5894271.28   4.195541   0.000156   0.003889    9.431
  472718.21  5894275.41   4.184049   0.000157   0.003895    9.394
  472718.88  5894279.54   4.172563   0.000158   0.003901    9.356
  472719.56  5894283.65   4.161083   0.000160   0.003907    9.318
  472720.23  5894287.75   4.149610   0.000161   0.003914    9.280
  472720.89  5894291.84   4.138143   0.000162   0.003920    9.242
  472721.56  5894295.92   4.126682   0.000163   0.003926    9.204
  472722.21  5894299.99   4.115227   0.000164   0.003933    9.165
  472722.86  5894304.04   4.103778   0.000165   0.003939    9.126
  472723.51  5894308.09   4.092336   0.000167   0.003946    9.087
  472724.15  5894312.13   4.080900   0.000168   0.003952    9.048
  472724.79  5894316.15   4.069470   0.000169   0.003959    9.009
  472725.43  5894320.17   4.058046   0.000170   0.003966    8.970
  472726.05  5894324.17   4.046629   0.000172   0.003972    8.930
  472726.68  5894328.16   4.035218   0.000173   0.003979    8.890
  472727.30  5894332.14   4.023814   0.000174   0.003986    8.850
  472727.91  5894336.11   4.012415   0.000175   0.003992    8.810
  472728.53  5894340.07   4.001023   0.000177   0.003999    8.770
  472729.13  5894344.02   3.989638   0.000178   0.004006    8.729
  472729.73  5894347.96   3.978258   0.000179   0.004013    8.689
  472730.33  5894351.89   3.966886   0.000181   0.004020    8.648
  472730.92  5894355.80   3.955519   0.000182   0.004027    8.607
  472731.51  5894359.71   3.944159   0.000183   0.004034    8.566
  472732.10  5894363.61   3.932805   0.000185   0.004041    8.524
  472732.68  5894367.49   3.921458   0.000186   0.004048    8.482
  472733.25  5894371.36   3.910117   0.000188   0.004055    8.441
  472733.82  5894375.23   3.898782   0.000189   0.004063    8.399
  472734.39  5894379.08   3.887454   0.000190   0.004070    8.356
  472734.95  5894382.92   3.876132   0.000192   0.004077    8.314
  472735.50  5894386.75   3.864817   0.000193   0.004085    8.271
  472736.06  5894390.57   3.853508   0.000195   0.004092    8.229
  472736.60  5894394.38   3.842206   0.000196   0.004099    8.186
  472737.15  5894398.17   3.830910   0.000198   0.004107    8.142
  472737.69  5894401.96   3.819621   0.000199   0.004114    8.099
  472738.22  5894405.74   3.808338   0.000201   0.004122    8.055
  472738.75  5894409.50   3.797062   0.000203   0.004130    8.011
  472739.28  5894413.26   3.785792   0.000204   0.004137    7.967
  472739.80  5894417.00   3.774529   0.000206   0.004145    7.923
  472740.31  5894420.74   3.763273   0.000207   0.004153    7.879
  472740.83  5894424.46   3.752023   0.000209   0.004160    7.834
  472741.33  5894428.17   3.740779   0.000211   0.004168    7.789
  472741.84  5894431.87   3.729543   0.000212   0.004176    7.744
  472742.34  5894435.56   3.718313   0.000214   0.004184    7.698
  472742.83  5894439.24   3.707089   0.000216   0.004192    7.653
  472743.32  5894442.91   3.695872   0.000217   0.004200    7.607
  472743.81  5894446.57   3.684662   0.000219   0.004208    7.561
  472744.29  5894450.22   3.673459   0.000221   0.004217    7.515
  472744.76  5894453.85   3.662262   0.000223   0.004225    7.468
  472745.24  5894457.48   3.651072   0.000225   0.004233    7.421
  472745.70  5894461.09   3.639888   0.000226   0.004241    7.375
  472746.17  5894464.70   3.628711   0.000228   0.004250    7.327
  472746.63  5894468.29   3.617542   0.000230   0.004258    7.280
  472747.08  5894471.88   3.606378   0.000232   0.004267    7.232
  472747.53  5894475.45   3.595222   0.000234   0.004275    7.184
  472747.98  5894479.01   3.584072   0.000236   0.004284    7.136
  472748.42  5894482.56   3.572930   0.000238   0.004292    7.088
  472748.86  5894486.10   3.561794   0.000240   0.004301    7.039
  472749.29  5894489.63   3.550652   0.000242   0.004311    6.990
  472749.72  5894493.15   3.539518   0.000244   0.004319    6.941
  472750.14  5894496.66   3.528415   0.000246   0.004325    6.891
  472750.56  5894500.16   3.517342   0.000248   0.004332    6.842
  472750.98  5894503.64   3.506301   0.000250   0.004339    6.792
  472751.39  5894507.12   3.495290   0.000252   0.004346    6.742
  472751.79  5894510.59   3.484310   0.000253   0.004352    6.691
  472752.20  5894514.04   3.473362   0.000255   0.004359    6.641
  472752.59  5894517.49   3.462444   0.000258   0.004366    6.590
  472752.99  5894520.92   3.451557   0.000260   0.004372    6.539
  472753.38  5894524.35   3.440702   0.000262   0.004379    6.487
  472753.76  5894527.76   3.429877   0.000264   0.004386    6.436
  472754.14  5894531.16   3.419083   0.000266   0.004393    6.384
  472754.52  5894534.56   3.408321   0.000268   0.004399    6.332
  472754.89  5894537.94   3.397589   0.000270   0.004406    6.280
  472755.26  5894541.31   3.386889   0.000272   0.004412    6.227
  472755.62  5894544.67   3.376219   0.000274   0.004419    6.174
  472755.98  5894548.02   3.365581   0.000276   0.004426    6.121
  472756.34  5894551.37   3.354974   0.000278   0.004432    6.068
  472756.69  5894554.70   3.344398   0.000281   0.004439    6.015
  472757.04  5894558.02   3.333853   0.000283   0.004445    5.961
  472757.38  5894561.33   3.323339   0.000285   0.004452    5.907
  472757.72  5894564.63   3.312856   0.000287   0.004459    5.853
  472758.05  5894567.92   3.302405   0.000290   0.004465    5.798
  472758.38  5894571.20   3.291985   0.000292   0.004472    5.743
  472758.71  5894574.47   3.281596   0.000294   0.004478    5.688
  472759.03  5894577.73   3.271238   0.000296   0.004485    5.633
  472759.35  5894580.98   3.260911   0.000299   0.004491    5.577
  472759.66  5894584.22   3.250616   0.000301   0.004497    5.522
  472759.97  5894587.45   3.240352   0.000303   0.004504    5.466
  472760.27  5894590.67   3.230119   0.000306   0.004510    5.409
  472760.57  5894593.89   3.219917   0.000308   0.004517    5.353
  472760.87  5894597.09   3.209747   0.000310   0.004523    5.296
  472761.16  5894600.28   3.199608   0.000313   0.004529    5.239
  472761.45  5894603.46   3.189500   0.000315   0.004536    5.181
  472761.74  5894606.63   3.179424   0.000318   0.004542    5.124
  472762.02  5894609.79   3.169379   0.000320   0.004548    5.066
  472762.29  5894612.95   3.159366   0.000323   0.004555    5.008
  472762.57  5894616.09   3.149383   0.000325   0.004561    4.949
  472762.83  5894619.22   3.139433   0.000328   0.004567    4.891
  472763.10  5894622.34   3.129513   0.000330   0.004573    4.832
  472763.36  5894625.46   3.119625   0.000333   0.004580    4.773
  472763.61  5894628.56   3.109769   0.000335   0.004586    4.713
  472763.87  5894631.66   3.099943   0.000338   0.004592    4.653
  472764.11  5894634.74   3.090150   0.000340   0.004598    4.593
  472764.36  5894637.82   3.080388   0.000343   0.004604    4.533
  472764.60  5894640.88   3.070657   0.000346   0.004610    4.472
  472764.83  5894643.94   3.060958   0.000348   0.004616    4.412
  472765.06  5894646.99   3.051290   0.000351   0.004622    4.351
  472765.29  5894650.03   3.041654   0.000354   0.004628    4.289
  472765.52  5894653.05   3.032049   0.000356   0.004634    4.227
  472765.74  5894656.07   3.022476   0.000359   0.004640    4.166
  472765.95  5894659.08   3.012934   0.000362   0.004646    4.103
  472766.16  5894662.08   3.003425   0.000365   0.004652    4.041
  472766.37  5894665.08   2.993946   0.000367   0.004658    3.978
  472766.58  5894668.06   2.984499   0.000370   0.004664    3.915
  472766.78  5894671.03   2.975084   0.000373   0.004670    3.852
  472766.97  5894673.99   2.965701   0.000376   0.004676    3.788
  472767.16  5894676.95   2.956349   0.000379   0.004681    3.724
  472767.35  5894679.90   2.947029   0.000382   0.004687    3.660
  472767.54  5894682.83   2.937740   0.000384   0.004693    3.596
  472767.72  5894685.76   2.928484   0.000387   0.004698    3.531
  472767.90  5894688.68   2.919258   0.000390   0.004704    3.466
  472768.07  5894691.59   2.910065   0.000393   0.004710    3.401
  472768.24  5894694.49   2.900903   0.000396   0.004715    3.335
  472768.40  5894697.38   2.891773   0.000399   0.004721    3.269
  472768.56  5894700.26   2.882675   0.000402   0.004726    3.203
  472768.72  5894703.14   2.873609   0.000405   0.004732    3.137
  472768.87  5894706.00   2.864574   0.000408   0.004737    3.070
  472769.02  5894708.86   2.855572   0.000411   0.004743    3.003
  472769.17  5894711.70   2.846601   0.000414   0.004748    2.936
  472769.31  5894714.54   2.837661   0.000417   0.004753    2.868
  472769.45  5894717.37   2.828754   0.000421   0.004759    2.800
  472769.59  5894720.19   2.819879   0.000424   0.004764    2.732
  472769.72  5894723.01   2.811035   0.000427   0.004769    2.664
  472769.84  5894725.81   2.802223   0.000430   0.004774    2.595
  472769.97  5894728.61   2.793444   0.000433   0.004780    2.526
  472770.09  5894731.39   2.784696   0.000436   0.004785    2.457
  472770.20  5894734.17   2.775980   0.000440   0.004790    2.387
  472770.31  5894736.94   2.767296   0.000443   0.004795    2.317
  472770.42  5894739.70   2.758643   0.000446   0.004800    2.247
  472770.53  5894742.45   2.750023   0.000449   0.004805    2.176
  472770.63  5894745.20   2.741435   0.000453   0.004810    2.106
  472770.73  5894747.93   2.732879   0.000456   0.004815    2.035
  472770.82  5894750.66   2.724355   0.000459   0.004819    1.963
  472770.91  5894753.38   2.715862   0.000462   0.004824    1.891
  472770.99  5894756.09   2.707402   0.000466   0.004829    1.820
  472771.08  5894758.79   2.698974   0.000469   0.004834    1.747
  472771.16  5894761.48   2.690578   0.000473   0.004838    1.675
  472771.23  5894764.17   2.682214   0.000476   0.004843    1.602
  472771.30  5894766.85   2.673882   0.000479   0.004847    1.529
  472771.37  5894769.51   2.665582   0.000483   0.004852    1.455
  472771.43  5894772.17   2.657314   0.000486   0.004856    1.381
  472771.50  5894774.83   2.649079   0.000490   0.004861    1.307
  472771.55  5894777.47   2.640875   0.000493   0.004865    1.233
  472771.61  5894780.11   2.632704   0.000497   0.004870    1.158
  472771.65  5894782.74   2.624564   0.000500   0.004874    1.084
  472771.70  5894785.36   2.616457   0.000504   0.004878    1.008
  472771.74  5894787.97   2.608382   0.000507   0.004882    0.933
  472771.78  5894790.57   2.600339   0.000511   0.004886    0.857
  472771.82  5894793.17   2.592329   0.000515   0.004890    0.781
  472771.85  5894795.76   2.584350   0.000518   0.004894    0.704
  472771.88  5894798.34   2.576404   0.000522   0.004898    0.628
  472771.90  5894800.91   2.568490   0.000525   0.004902    0.551
  472771.92  5894803.47   2.560609   0.000529   0.004906    0.473
  472771.94  5894806.03   2.552759   0.000533   0.004910    0.396
  472771.96  5894808.58   2.544942   0.000536   0.004914    0.318
  472771.97  5894811.12   2.537157   0.000540   0.004917    0.240
  472771.97  5894813.65   2.529404   0.000544   0.004921    0.161
  472771.98  5894816.18   2.521684   0.000548   0.004924    0.082
  472771.98  5894818.70   2.513996   0.000551   0.004928    0.003
  472771.97  5894821.21   2.506340   0.000555   0.004931   -0.076
  472771.97  5894823.71   2.498717   0.000559   0.004935   -0.156
  472771.96  5894826.20   2.491126   0.000563   0.004938   -0.236
  472771.94  5894828.69   2.483567   0.000566   0.004941   -0.316
  472771.93  5894831.17   2.476041   0.000570   0.004944   -0.397
  472771.91  5894833.64   2.468547   0.000574   0.004947   -0.478
  472771.88  5894836.11   2.461085   0.000578   0.004950   -0.559
  472771.85  5894838.57   2.453656   0.000582   0.004953   -0.641
  472771.82  5894841.02   2.446259   0.000586   0.004956   -0.722
  472771.79  5894843.46   2.438894   0.000590   0.004959   -0.804
  472771.75  5894845.89   2.431562   0.000593   0.004962   -0.887
  472771.71  5894848.32   2.424263   0.000597   0.004965   -0.969
  472771.67  5894850.74   2.416995   0.000601   0.004967   -1.052
  472771.62  5894853.15   2.409760   0.000605   0.004970   -1.136
  472771.57  5894855.56   2.402558   0.000609   0.004972   -1.219
  472771.51  5894857.96   2.395388   0.000613   0.004975   -1.303
  472771.45  5894860.35   2.388251   0.000617   0.004977   -1.387
  472771.39  5894862.73   2.381146   0.000621   0.004979   -1.472
  472771.33  5894865.11   2.374073   0.000625   0.004982   -1.556
  472771.26  5894867.48   2.367033   0.000629   0.004984   -1.641
  472771.19  5894869.84   2.360025   0.000633   0.004986   -1.727
  472771.11  5894872.20   2.353050   0.000637   0.004988   -1.812
  472771.04  5894874.54   2.346108   0.000641   0.004990   -1.898
  472770.96  5894876.89   2.339198   0.000645   0.004992   -1.984
  472770.87  5894879.22   2.332320   0.000649   0.004993   -2.071
  472770.78  5894881.55   2.325475   0.000653   0.004995   -2.158
  472770.69  5894883.87   2.318662   0.000657   0.004997   -2.245
  472770.60  5894886.18   2.311882   0.000661   0.004998   -2.332
  472770.50  5894888.49   2.305135   0.000665   0.004999   -2.419
  472770.40  5894890.79   2.298420   0.000669   0.005001   -2.507
  472770.30  5894893.08   2.291737   0.000673   0.005002   -2.596
  472770.19  5894895.37   2.285087   0.000678   0.005003   -2.684
  472770.08  5894897.64   2.278470   0.000682   0.005004   -2.773
  472769.96  5894899.92   2.271885   0.000686   0.005005   -2.862
  472769.85  5894902.18   2.265333   0.000690   0.005006   -2.951
  472769.73  5894904.44   2.258813   0.000694   0.005007   -3.040
  472769.61  5894906.69   2.252326   0.000698   0.005008   -3.130
  472769.48  5894908.94   2.245871   0.000702   0.005008   -3.220
  472769.35  5894911.18   2.239449   0.000706   0.005009   -3.311
  472769.22  5894913.41   2.233060   0.000710   0.005010   -3.401
  472769.08  5894915.64   2.226703   0.000714   0.005010   -3.492
  472768.94  5894917.86   2.220379   0.000719   0.005010   -3.583
  472768.80  5894920.07   2.214087   0.000723   0.005010   -3.675
  472768.65  5894922.27   2.207828   0.000727   0.005010   -3.766
  472768.51  5894924.47   2.201601   0.000731   0.005010   -3.858
  472768.35  5894926.67   2.195407   0.000735   0.005010   -3.951
  472768.20  5894928.85   2.189245   0.000739   0.005010   -4.043
  472768.04  5894931.03   2.183116   0.000743   0.005010   -4.136
  472767.88  5894933.21   2.177020   0.000747   0.005010   -4.229
  472767.72  5894935.38   2.170956   0.000752   0.005009   -4.322
  472767.55  5894937.54   2.164925   0.000756   0.005008   -4.415
  472767.38  5894939.69   2.158926   0.000760   0.005008   -4.509
  472767.21  5894941.84   2.152960   0.000764   0.005007   -4.603
  472767.03  5894943.98   2.147027   0.000768   0.005006   -4.697
  472766.85  5894946.12   2.141126   0.000772   0.005005   -4.792
  472766.67  5894948.25   2.135257   0.000776   0.005004   -4.887
  472766.49  5894950.38   2.129421   0.000780   0.005003   -4.981
  472766.30  5894952.49   2.123618   0.000784   0.005002   -5.077
  472766.11  5894954.61   2.117847   0.000788   0.005000   -5.172
  472765.91  5894956.71   2.112109   0.000792   0.004999   -5.268
  472765.71  5894958.81   2.106403   0.000796   0.004997   -5.364
  472765.51  5894960.91   2.100730   0.000800   0.004995   -5.460
  472765.31  5894962.99   2.095089   0.000804   0.004993   -5.556
  472765.11  5894965.08   2.089481   0.000808   0.004991   -5.653
  472764.90  5894967.15   2.083905   0.000812   0.004989   -5.749
  472764.68  5894969.22   2.078362   0.000816   0.004987   -5.846
  472764.47  5894971.29   2.072851   0.000820   0.004985   -5.944
  472764.25  5894973.35   2.067373   0.000824   0.004983   -6.041
  472764.03  5894975.40   2.061927   0.000828   0.004980   -6.139
  472763.81  5894977.45   2.056514   0.000832   0.004977   -6.237
  472763.58  5894979.49   2.051133   0.000836   0.004975   -6.335
  472763.35  5894981.52   2.045784   0.000840   0.004972   -6.433
  472763.12  5894983.55   2.040468   0.000844   0.004969   -6.531
  472762.88  5894985.58   2.035185   0.000848   0.004966   -6.630
  472762.65  5894987.60   2.029933   0.000852   0.004963   -6.729
  472762.40  5894989.61   2.024715   0.000855   0.004959   -6.828
  472762.16  5894991.62   2.019528   0.000859   0.004956   -6.927
  472761.91  5894993.62   2.014374   0.000863   0.004952   -7.027
  472761.66  5894995.61   2.009252   0.000867   0.004949   -7.126
  472761.41  5894997.60   2.004163   0.000870   0.004945   -7.226
  472761.16  5894999.59   1.999106   0.000874   0.004941   -7.326
  472760.90  5895001.57   1.994081   0.000878   0.004937   -7.426
  472760.64  5895003.54   1.989089   0.000882   0.004933   -7.526
  472760.37  5895005.51   1.984129   0.000885   0.004928   -7.627
  472760.11  5895007.48   1.979201   0.000889   0.004924   -7.727
  472759.84  5895009.43   1.974305   0.000892   0.004919   -7.828
  472759.57  5895011.39   1.969442   0.000896   0.004915   -7.929
  472759.29  5895013.34   1.964611   0.000899   0.004910   -8.030
  472759.01  5895015.28   1.959812   0.000903   0.004905   -8.132
  472758.73  5895017.22   1.955045   0.000906   0.004900   -8.233
  472758.45  5895019.15   1.950311   0.000909   0.004892   -8.334
  472758.16  5895021.07   1.945613   0.000912   0.004885   -8.436
  472757.88  5895023.00   1.940946   0.000917   0.004884   -8.538
  472757.58  5895024.91   1.936304   0.000922   0.004887   -8.640
  472757.29  5895026.82   1.931685   0.000927   0.004890   -8.742
  472756.99  5895028.73   1.927090   0.000932   0.004893   -8.845
  472756.69  5895030.63   1.922519   0.000937   0.004896   -8.947
  472756.39  5895032.53   1.917971   0.000942   0.004899   -9.051
  472756.09  5895034.42   1.913447   0.000947   0.004902   -9.154
  472755.78  5895036.31   1.908947   0.000952   0.004905   -9.258
  472755.47  5895038.19   1.904471   0.000957   0.004908   -9.362
  472755.16  5895040.06   1.900018   0.000962   0.004911   -9.466
  472754.84  5895041.93   1.895589   0.000967   0.004913   -9.571
  472754.52  5895043.80   1.891184   0.000972   0.004916   -9.676
  472754.20  5895045.66   1.886803   0.000977   0.004918   -9.781
  472753.88  5895047.52   1.882445   0.000982   0.004921   -9.887
  472753.55  5895049.37   1.878111   0.000987   0.004923   -9.993
  472753.22  5895051.22   1.873802   0.000992   0.004925  -10.099
  472752.89  5895053.06   1.869516   0.000997   0.004928  -10.206
  472752.56  5895054.90   1.865253   0.001002   0.004930  -10.312
  472752.22  5895056.73   1.861015   0.001007   0.004932  -10.420
  472751.88  5895058.56   1.856800   0.001012   0.004934  -10.527
  472751.54  5895060.38   1.852610   0.001017   0.004935  -10.635
  472751.19  5895062.20   1.848443   0.001022   0.004937  -10.742
  472750.85  5895064.01   1.844300   0.001027   0.004939  -10.851
  472750.50  5895065.82   1.840181   0.001032   0.004941  -10.959
  472750.14  5895067.62   1.836086   0.001037   0.004942  -11.068
  472749.79  5895069.42   1.832015   0.001042   0.004944  -11.177
  472749.43  5895071.22   1.827967   0.001046   0.004945  -11.286
  472749.07  5895073.01   1.823944   0.001051   0.004946  -11.396
  472748.71  5895074.79   1.819944   0.001056   0.004947  -11.506
  472748.34  5895076.57   1.815969   0.001061   0.004949  -11.616
  472747.97  5895078.35   1.812017   0.001066   0.004950  -11.726
  472747.60  5895080.12   1.808089   0.001071   0.004950  -11.837
  472747.23  5895081.89   1.804185   0.001076   0.004951  -11.948
  472746.85  5895083.65   1.800305   0.001080   0.004952  -12.059
  472746.47  5895085.41   1.796449   0.001085   0.004953  -12.171
  472746.09  5895087.16   1.792617   0.001090   0.004953  -12.282
  472745.70  5895088.91   1.788809   0.001095   0.004954  -12.394
  472745.32  5895090.66   1.785025   0.001099   0.004954  -12.506
  472744.93  5895092.40   1.781265   0.001104   0.004955  -12.619
  472744.54  5895094.13   1.777534   0.001109   0.004955  -12.732
  472744.14  5895095.86   1.773828   0.001114   0.004955  -12.844
  472743.74  5895097.59   1.770134   0.001118   0.004955  -12.958
  472743.34  5895099.31   1.766452   0.001123   0.004956  -13.071
  472742.94  5895101.03   1.762784   0.001128   0.004956  -13.185
  472742.54  5895102.74   1.759128   0.001132   0.004956  -13.299
  472742.13  5895104.45   1.755486   0.001137   0.004956  -13.413
  472741.72  5895106.16   1.751856   0.001142   0.004956  -13.527
  472741.31  5895107.86   1.748238   0.001147   0.004956  -13.642
  472740.89  5895109.56   1.744634   0.001151   0.004956  -13.757
  472740.47  5895111.25   1.741042   0.001156   0.004956  -13.872
  472740.05  5895112.94   1.737463   0.001161   0.004956  -13.987
  472739.63  5895114.62   1.733897   0.001166   0.004956  -14.103
  472739.20  5895116.30   1.730344   0.001171   0.004956  -14.218
  472738.78  5895117.97   1.726803   0.001175   0.004956  -14.334
  472738.34  5895119.64   1.723276   0.001180   0.004956  -14.451
  472737.91  5895121.31   1.719761   0.001185   0.004956  -14.567
  472737.48  5895122.97   1.716259   0.001190   0.004956  -14.684
  472737.04  5895124.63   1.712769   0.001194   0.004956  -14.801
  472736.60  5895126.28   1.709293   0.001199   0.004955  -14.918
  472736.16  5895127.93   1.705829   0.001204   0.004955  -15.036
  472735.71  5895129.58   1.702378   0.001209   0.004955  -15.153
  472735.26  5895131.22   1.698939   0.001214   0.004954  -15.271
  472734.81  5895132.85   1.695514   0.001219   0.004954  -15.389
  472734.36  5895134.49   1.692101   0.001223   0.004953  -15.508
  472733.90  5895136.11   1.688701   0.001228   0.004953  -15.626
  472733.45  5895137.74   1.685314   0.001233   0.004953  -15.745
  472732.98  5895139.36   1.681940   0.001238   0.004952  -15.864
  472732.52  5895140.97   1.678578   0.001243   0.004951  -15.984
  472732.06  5895142.58   1.675229   0.001247   0.004951  -16.103
  472731.59  5895144.19   1.671893   0.001252   0.004950  -16.223
  472731.12  5895145.79   1.668570   0.001257   0.004950  -16.343
  472730.65  5895147.39   1.665259   0.001262   0.004949  -16.463
  472730.17  5895148.99   1.661962   0.001267   0.004948  -16.583
  472729.70  5895150.58   1.658676   0.001272   0.004947  -16.704
  472729.22  5895152.16   1.655404   0.001276   0.004946  -16.825
  472728.73  5895153.74   1.652145   0.001281   0.004946  -16.946
  472728.25  5895155.32   1.648898   0.001286   0.004945  -17.067
  472727.76  5895156.90   1.645664   0.001291   0.004944  -17.189
  472727.27  5895158.46   1.642442   0.001296   0.004943  -17.310
  472726.78  5895160.03   1.639234   0.001300   0.004942  -17.432
  472726.29  5895161.59   1.636038   0.001305   0.004941  -17.554
  472725.79  5895163.15   1.632854   0.001310   0.004940  -17.677
  472725.29  5895164.70   1.629684   0.001315   0.004939  -17.799
  472724.79  5895166.25   1.626526   0.001320   0.004937  -17.922
  472724.29  5895167.80   1.623381   0.001324   0.004936  -18.045
  472723.78  5895169.34   1.620249   0.001329   0.004935  -18.168
  472723.27  5895170.87   1.617129   0.001334   0.004934  -18.292
  472722.76  5895172.41   1.614022   0.001339   0.004932  -18.415
  472722.25  5895173.94   1.610928   0.001344   0.004931  -18.539
  472721.74  5895175.46   1.607846   0.001348   0.004930  -18.663
  472721.22  5895176.98   1.604777   0.001353   0.004928  -18.787
  472720.70  5895178.50   1.601721   0.001358   0.004927  -18.912
  472720.18  5895180.01   1.598677   0.001363   0.004925  -19.036
  472719.65  5895181.52   1.595646   0.001367   0.004924  -19.161
  472719.13  5895183.02   1.592628   0.001372   0.004922  -19.286
  472718.60  5895184.52   1.589622   0.001377   0.004921  -19.411
  472718.07  5895186.02   1.586629   0.001382   0.004919  -19.537
  472717.53  5895187.51   1.583648   0.001386   0.004917  -19.662
  472717.00  5895189.00   1.580680   0.001391   0.004916  -19.788
  472716.46  5895190.49   1.577725   0.001396   0.004914  -19.914
  472715.92  5895191.97   1.574782   0.001401   0.004912  -20.040
  472715.38  5895193.45   1.571852   0.001405   0.004910  -20.167
  472714.83  5895194.92   1.568935   0.001410   0.004908  -20.293
  472714.29  5895196.39   1.566030   0.001415   0.004906  -20.420
  472713.74  5895197.85   1.563137   0.001421   0.004910  -20.547
  472713.19  5895199.31   1.560246   0.001428   0.004914  -20.674
  472712.63  5895200.77   1.557368   0.001429   0.004900  -20.802
  472712.08  5895202.22   1.554524   0.001426   0.004873  -20.930
  472711.52  5895203.67   1.551715   0.001423   0.004847  -21.057
  472710.96  5895205.12   1.548940   0.001420   0.004819  -21.183
  472710.40  5895206.56   1.546200   0.001417   0.004792  -21.309
  472709.83  5895208.00   1.543494   0.001414   0.004764  -21.435
  472709.26  5895209.43   1.540822   0.001411   0.004737  -21.560
  472708.70  5895210.86   1.538184   0.001407   0.004708  -21.684
  472708.12  5895212.29   1.535580   0.001403   0.004680  -21.808
  472707.55  5895213.71   1.533010   0.001400   0.004652  -21.932
  472706.98  5895215.13   1.530473   0.001396   0.004623  -22.055
  472706.40  5895216.55   1.527970   0.001391   0.004594  -22.177
  472705.82  5895217.96   1.525499   0.001387   0.004565  -22.299
  472705.24  5895219.37   1.523063   0.001383   0.004535  -22.420
  472704.66  5895220.78   1.520659   0.001378   0.004506  -22.541
  472704.07  5895222.18   1.518288   0.001373   0.004476  -22.661
  472703.48  5895223.58   1.515950   0.001368   0.004446  -22.780
  472702.89  5895224.97   1.513644   0.001363   0.004416  -22.899
  472702.30  5895226.36   1.511372   0.001358   0.004386  -23.017
  472701.71  5895227.75   1.509131   0.001352   0.004355  -23.135
  472701.11  5895229.14   1.506923   0.001346   0.004324  -23.252
  472700.52  5895230.52   1.504747   0.001341   0.004293  -23.368
  472699.92  5895231.90   1.502603   0.001335   0.004262  -23.484
  472699.32  5895233.28   1.500490   0.001329   0.004230  -23.599
  472698.71  5895234.65   1.498410   0.001322   0.004199  -23.713
  472698.11  5895236.02   1.496361   0.001316   0.004167  -23.826
  472697.50  5895237.39   1.494343   0.001309   0.004135  -23.939
  472696.89  5895238.75   1.492357   0.001303   0.004103  -24.051
  472696.28  5895240.11   1.490402   0.001296   0.004070  -24.163
  472695.67  5895241.47   1.488478   0.001289   0.004038  -24.273
  472695.06  5895242.82   1.486585   0.001281   0.004005  -24.383
  472694.44  5895244.17   1.484723   0.001274   0.003972  -24.492
  472693.82  5895245.52   1.482892   0.001267   0.003939  -24.601
  472693.20  5895246.87   1.481091   0.001259   0.003906  -24.708
  472692.58  5895248.21   1.479320   0.001251   0.003872  -24.815
  472691.96  5895249.55   1.477580   0.001243   0.003838  -24.921
  472691.33  5895250.89   1.475870   0.001235   0.003805  -25.026
  472690.71  5895252.23   1.474190   0.001227   0.003770  -25.131
  472690.08  5895253.56   1.472539   0.001218   0.003736  -25.234
  472689.45  5895254.89   1.470919   0.001210   0.003702  -25.337
  472688.82  5895256.22   1.469328   0.001200   0.003665  -25.439
  472688.18  5895257.54   1.467770   0.001191   0.003628  -25.540
  472687.55  5895258.87   1.466241   0.001183   0.003598  -25.640
  472686.91  5895260.19   1.464735   0.001177   0.003571  -25.740
  472686.27  5895261.50   1.463251   0.001171   0.003545  -25.839
  472685.64  5895262.82   1.461789   0.001164   0.003518  -25.937
  472684.99  5895264.13   1.460350   0.001157   0.003491  -26.034
  472684.35  5895265.44   1.458933   0.001151   0.003464  -26.131
  472683.71  5895266.75   1.457537   0.001144   0.003437  -26.227
  472683.06  5895268.06   1.456163   0.001137   0.003410  -26.323
  472682.41  5895269.36   1.454812   0.001130   0.003382  -26.418
  472681.76  5895270.66   1.453481   0.001123   0.003355  -26.512
  472681.11  5895271.96   1.452173   0.001116   0.003327  -26.605
  472680.46  5895273.26   1.450886   0.001108   0.003300  -26.698
  472679.81  5895274.55   1.449620   0.001101   0.003272  -26.790
  472679.15  5895275.84   1.448376   0.001093   0.003244  -26.882
  472678.50  5895277.13   1.447152   0.001086   0.003216  -26.973
  472677.84  5895278.42   1.445950   0.001078   0.003188  -27.063
  472677.18  5895279.71   1.444769   0.001070   0.003160  -27.152
  472676.52  5895280.99   1.443609   0.001062   0.003131  -27.240
  472675.85  5895282.27   1.442470   0.001055   0.003103  -27.328
  472675.19  5895283.55   1.441351   0.001046   0.003074  -27.416
  472674.53  5895284.83   1.440253   0.001038   0.003046  -27.502
  472673.86  5895286.11   1.439176   0.001030   0.003017  -27.588
  472673.19  5895287.38   1.438119   0.001022   0.002988  -27.673
  472672.52  5895288.65   1.437082   0.001013   0.002959  -27.757
  472671.85  5895289.92   1.436066   0.001005   0.002930  -27.840
  472671.18  5895291.19   1.435070   0.000996   0.002901  -27.923
  472670.50  5895292.46   1.434094   0.000987   0.002872  -28.005
  472669.83  5895293.72   1.433138   0.000978   0.002841  -28.086
  472669.15  5895294.99   1.432205   0.000968   0.002809  -28.166
  472668.48  5895296.25   1.431292   0.000961   0.002784  -28.246
  472667.80  5895297.51   1.430392   0.000955   0.002763  -28.324
  472667.12  5895298.77   1.429507   0.000949   0.002742  -28.403
  472666.43  5895300.02   1.428635   0.000943   0.002722  -28.480
  472665.75  5895301.28   1.427776   0.000937   0.002701  -28.558
  472665.07  5895302.53   1.426931   0.000931   0.002680  -28.634
  472664.38  5895303.78   1.426100   0.000924   0.002659  -28.710
  472663.70  5895305.03   1.425282   0.000918   0.002638  -28.786
  472663.01  5895306.28   1.424478   0.000912   0.002617  -28.861
  472662.32  5895307.52   1.423687   0.000905   0.002595  -28.935
  472661.63  5895308.77   1.422909   0.000899   0.002574  -29.009
  472660.94  5895310.01   1.422144   0.000893   0.002553  -29.082
  472660.25  5895311.25   1.421392   0.000886   0.002532  -29.155
  472659.55  5895312.49   1.420654   0.000879   0.002510  -29.227
  472658.86  5895313.73   1.419929   0.000873   0.002489  -29.299
  472658.16  5895314.97   1.419216   0.000866   0.002467  -29.370
  472657.46  5895316.21   1.418517   0.000859   0.002446  -29.440
  472656.76  5895317.44   1.417830   0.000853   0.002424  -29.510
  472656.06  5895318.67   1.417156   0.000846   0.002402  -29.579
  472655.36  5895319.90   1.416495   0.000839   0.002381  -29.648
  472654.66  5895321.13   1.415847   0.000832   0.002359  -29.716
  472653.96  5895322.36   1.415211   0.000825   0.002337  -29.784
  472653.25  5895323.59   1.414588   0.000818   0.002315  -29.851
  472652.55  5895324.82   1.413978   0.000811   0.002293  -29.917
  472651.84  5895326.04   1.413380   0.000804   0.002271  -29.983
  472651.13  5895327.26   1.412794   0.000797   0.002249  -30.048
  472650.43  5895328.48   1.412221   0.000790   0.002227  -30.112
  472649.72  5895329.71   1.411660   0.000783   0.002205  -30.176
  472649.01  5895330.92   1.411111   0.000775   0.002183  -30.239
  472648.29  5895332.14   1.410575   0.000768   0.002161  -30.302
  472647.58  5895333.36   1.410051   0.000761   0.002139  -30.364
  472646.87  5895334.58   1.409538   0.000753   0.002117  -30.426
  472646.15  5895335.79   1.409038   0.000746   0.002094  -30.486
  472645.44  5895337.00   1.408550   0.000738   0.002072  -30.547
  472644.72  5895338.21   1.408074   0.000731   0.002050  -30.606
  472644.00  5895339.43   1.407610   0.000723   0.002027  -30.665
  472643.28  5895340.64   1.407158   0.000716   0.002005  -30.724
  472642.56  5895341.84   1.406718   0.000708   0.001982  -30.781
  472641.84  5895343.05   1.406289   0.000701   0.001960  -30.838
  472641.12  5895344.26   1.405872   0.000693   0.001937  -30.895
  472640.40  5895345.46   1.405467   0.000685   0.001915  -30.951
  472639.67  5895346.67   1.405073   0.000678   0.001892  -31.006
  472638.95  5895347.87   1.404691   0.000670   0.001869  -31.060
  472638.22  5895349.07   1.404321   0.000662   0.001847  -31.114
  472637.49  5895350.28   1.403962   0.000654   0.001824  -31.168
  472636.77  5895351.48   1.403615   0.000646   0.001801  -31.220
  472636.04  5895352.68   1.403279   0.000639   0.001778  -31.272
  472635.31  5895353.87   1.402954   0.000631   0.001755  -31.324
  472634.58  5895355.07   1.402641   0.000623   0.001733  -31.374
  472633.85  5895356.27   1.402339   0.000614   0.001708  -31.424
  472633.12  5895357.47   1.402048   0.000605   0.001683  -31.474
  472632.38  5895358.66   1.401768   0.000599   0.001664  -31.522
  472631.65  5895359.85   1.401500   0.000594   0.001649  -31.570
  472630.91  5895361.05   1.401242   0.000589   0.001634  -31.618
  472630.18  5895362.24   1.400996   0.000583   0.001620  -31.665
  472629.44  5895363.43   1.400761   0.000578   0.001605  -31.712
  472628.70  5895364.62   1.400536   0.000573   0.001590  -31.758
  472627.97  5895365.81   1.400323   0.000568   0.001575  -31.804
  472627.23  5895367.00   1.400121   0.000563   0.001560  -31.850
  472626.49  5895368.19   1.399929   0.000558   0.001546  -31.895
  472625.75  5895369.38   1.399749   0.000552   0.001531  -31.940
  472625.01  5895370.57   1.399579   0.000547   0.001516  -31.984
  472624.26  5895371.75   1.399420   0.000542   0.001501  -32.028
  472623.52  5895372.94   1.399272   0.000537   0.001486  -32.072
  472622.78  5895374.12   1.399135   0.000531   0.001471  -32.115
  472622.03  5895375.31   1.399008   0.000526   0.001456  -32.157
  472621.29  5895376.49   1.398893   0.000520   0.001438  -32.199
  472620.54  5895377.67   1.398793   0.000513   0.001420  -32.241
  472619.79  5895378.86   1.398703   0.000510   0.001411  -32.282
  472619.05  5895380.04   1.398615   0.000509   0.001408  -32.323
  472618.30  5895381.22   1.398528   0.000508   0.001405  -32.364
  472617.55  5895382.40   1.398441   0.000507   0.001402  -32.404
  472616.80  5895383.58   1.398355   0.000506   0.001399  -32.445
  472616.05  5895384.76   1.398270   0.000505   0.001396  -32.485
  472615.29  5895385.94   1.398186   0.000504   0.001393  -32.526
  472614.54  5895387.12   1.398103   0.000503   0.001390  -32.566
  472613.79  5895388.30   1.398021   0.000502   0.001388  -32.607
  472613.03  5895389.47   1.397940   0.000501   0.001385  -32.647
  472612.28  5895390.65   1.397859   0.000500   0.001382  -32.687
  472611.52  5895391.83   1.397779   0.000499   0.001379  -32.727
  472610.77  5895393.00   1.397701   0.000498   0.001376  -32.767
  472610.01  5895394.18   1.397623   0.000497   0.001373  -32.807
  472609.25  5895395.35   1.397546   0.000496   0.001370  -32.847
  472608.49  5895396.52   1.397469   0.000495   0.001367  -32.886
  472607.73  5895397.70   1.397394   0.000494   0.001364  -32.926
  472606.97  5895398.87   1.397319   0.000493   0.001361  -32.966
  472606.21  5895400.04   1.397245   0.000492   0.001359  -33.005
  472605.45  5895401.21   1.397172   0.000491   0.001356  -33.044
  472604.69  5895402.38   1.397100   0.000490   0.001353  -33.084
  472603.92  5895403.55   1.397029   0.000489   0.001350  -33.123
  472603.16  5895404.72   1.396958   0.000488   0.001347  -33.162
  472602.40  5895405.89   1.396889   0.000487   0.001344  -33.201
  472601.63  5895407.06   1.396820   0.000486   0.001341  -33.240
  472600.86  5895408.23   1.396752   0.000485   0.001338  -33.279
  472600.10  5895409.39   1.396684   0.000484   0.001335  -33.318
  472599.33  5895410.56   1.396618   0.000483   0.001332  -33.357
  472598.56  5895411.73   1.396552   0.000482   0.001329  -33.395
  472597.79  5895412.89   1.396487   0.000481   0.001327  -33.434
  472597.02  5895414.06   1.396423   0.000480   0.001324  -33.472
  472596.25  5895415.22   1.396359   0.000479   0.001321  -33.511
  472595.48  5895416.38   1.396297   0.000478   0.001318  -33.549
  472594.70  5895417.55   1.396235   0.000477   0.001315  -33.587
  472593.93  5895418.71   1.396174   0.000476   0.001312  -33.625
  472593.16  5895419.87   1.396113   0.000475   0.001309  -33.663
  472592.38  5895421.03   1.396054   0.000474   0.001306  -33.701
  472591.61  5895422.19   1.395995   0.000473   0.001303  -33.739
  472590.83  5895423.36   1.395937   0.000472   0.001300  -33.777
  472590.05  5895424.51   1.395879   0.000471   0.001297  -33.815
  472589.28  5895425.67   1.395822   0.000470   0.001294  -33.853
  472588.50  5895426.83   1.395766   0.000469   0.001291  -33.890
  472587.72  5895427.99   1.395711   0.000468   0.001288  -33.928
  472586.94  5895429.15   1.395657   0.000467   0.001286  -33.965
  472586.16  5895430.31   1.395603   0.000466   0.001283  -34.002
  472585.38  5895431.46   1.395550   0.000465   0.001280  -34.040
  472584.60  5895432.62   1.395497   0.000464   0.001277  -34.077
  472583.81  5895433.77   1.395446   0.000463   0.001274  -34.114
  472583.03  5895434.93   1.395395   0.000462   0.001271  -34.151
  472582.25  5895436.08   1.395345   0.000460   0.001268  -34.188
  472581.46  5895437.24   1.395295   0.000459   0.001265  -34.224
  472580.68  5895438.39   1.395246   0.000458   0.001262  -34.261
  472579.89  5895439.54   1.395198   0.000457   0.001259  -34.298
  472579.10  5895440.69   1.395150   0.000456   0.001256  -34.334
  472578.32  5895441.85   1.395104   0.000455   0.001253  -34.371
  472577.53  5895443.00   1.395057   0.000454   0.001250  -34.407
  472576.74  5895444.15   1.395012   0.000453   0.001247  -34.444
  472575.95  5895445.30   1.394967   0.000452   0.001244  -34.480
  472575.16  5895446.45   1.394923   0.000451   0.001241  -34.516
  472574.37  5895447.59   1.394879   0.000450   0.001239  -34.552
  472573.58  5895448.74   1.394837   0.000449   0.001236  -34.588
  472572.78  5895449.89   1.394794   0.000448   0.001233  -34.624
  472571.99  5895451.04   1.394753   0.000447   0.001230  -34.660
  472571.20  5895452.19   1.394712   0.000446   0.001227  -34.695
  472570.40  5895453.33   1.394672   0.000445   0.001224  -34.731
  472569.61  5895454.48   1.394632   0.000444   0.001221  -34.767
  472568.81  5895455.62   1.394593   0.000443   0.001218  -34.802
  472568.01  5895456.77   1.394555   0.000442   0.001215  -34.837
  472567.22  5895457.91   1.394517   0.000441   0.001212  -34.873
  472566.42  5895459.05   1.394480   0.000440   0.001209  -34.908
  472565.62  5895460.20   1.394443   0.000439   0.001206  -34.943
  472564.82  5895461.34   1.394407   0.000438   0.001203  -34.978
  472564.02  5895462.48   1.394372   0.000436   0.001200  -35.013
  472563.22  5895463.62   1.394337   0.000435   0.001197  -35.048
  472562.42  5895464.76   1.394303   0.000434   0.001194  -35.083
  472561.62  5895465.91   1.394270   0.000433   0.001191  -35.117
  472560.81  5895467.05   1.394237   0.000432   0.001188  -35.152
  472560.01  5895468.18   1.394204   0.000431   0.001185  -35.187
  472559.21  5895469.32   1.394173   0.000430   0.001182  -35.221
  472558.40  5895470.46   1.394141   0.000429   0.001179  -35.255
  472557.59  5895471.60   1.394111   0.000428   0.001176  -35.290
  472556.79  5895472.74   1.394081   0.000427   0.001174  -35.324
  472555.98  5895473.87   1.394051   0.000426   0.001171  -35.358
  472555.17  5895475.01   1.394022   0.000425   0.001168  -35.392
  472554.37  5895476.15   1.393994   0.000424   0.001165  -35.426
  472553.56  5895477.28   1.393966   0.000423   0.001162  -35.460
  472552.75  5895478.42   1.393939   0.000422   0.001159  -35.494
  472551.94  5895479.55   1.393913   0.000421   0.001156  -35.527
  472551.13  5895480.69   1.393886   0.000420   0.001153  -35.561
  472550.32  5895481.82   1.393861   0.000418   0.001150  -35.594
  472549.50  5895482.95   1.393836   0.000417   0.001147  -35.628
  472548.69  5895484.08   1.393811   0.000416   0.001144  -35.661
  472547.88  5895485.22   1.393787   0.000415   0.001141  -35.694
  472547.07  5895486.35   1.393764   0.000414   0.001138  -35.727
  472546.25  5895487.48   1.393741   0.000413   0.001135  -35.761
  472545.44  5895488.61   1.393719   0.000412   0.001132  -35.794
  472544.62  5895489.74   1.393697   0.000411   0.001129  -35.826
  472543.80  5895490.87   1.393676   0.000410   0.001126  -35.859
  472542.99  5895492.00   1.393655   0.000409   0.001123  -35.892
  472542.17  5895493.13   1.393634   0.000408   0.001120  -35.925
  472541.35  5895494.25   1.393615   0.000407   0.001117  -35.957
  472540.53  5895495.38   1.393595   0.000406   0.001114  -35.990
  472539.71  5895496.51   1.393576   0.000405   0.001111  -36.022
  472538.89  5895497.64   1.393558   0.000404   0.001108  -36.054
  472538.07  5895498.76   1.393540   0.000402   0.001105  -36.087
  472537.25  5895499.89   1.393523   0.000401   0.001102  -36.119
  472536.43  5895501.01   1.393506   0.000400   0.001099  -36.151
  472535.60  5895502.14   1.393490   0.000399   0.001096  -36.183
  472534.78  5895503.26   1.393474   0.000398   0.001093  -36.215
  472533.96  5895504.39   1.393458   0.000397   0.001090  -36.246
  472533.13  5895505.51   1.393443   0.000396   0.001087  -36.278
  472532.31  5895506.63   1.393429   0.000395   0.001084  -36.310
  472531.48  5895507.75   1.393415   0.000394   0.001081  -36.341
  472530.66  5895508.88   1.393401   0.000393   0.001078  -36.373
  472529.83  5895510.00   1.393388   0.000392   0.001076  -36.404
  472529.00  5895511.12   1.393375   0.000391   0.001073  -36.435
  472528.17  5895512.24   1.393363   0.000390   0.001070  -36.467
  472527.34  5895513.36   1.393351   0.000388   0.001067  -36.498
  472526.51  5895514.48   1.393340   0.000387   0.001064  -36.529
  472525.68  5895515.60   1.393329   0.000386   0.001061  -36.560
  472524.85  5895516.72   1.393318   0.000385   0.001058  -36.590
  472524.02  5895517.84   1.393308   0.000384   0.001055  -36.621
  472523.19  5895518.95   1.393299   0.000383   0.001052  -36.652
  472522.36  5895520.07   1.393289   0.000382   0.001049  -36.682
  472521.53  5895521.19   1.393281   0.000381   0.001046  -36.713
  472520.69  5895522.30   1.393272   0.000380   0.001043  -36.743
  472519.86  5895523.42   1.393264   0.000379   0.001040  -36.774
  472519.02  5895524.54   1.393257   0.000378   0.001037  -36.804
  472518.19  5895525.65   1.393250   0.000377   0.001034  -36.834
  472517.35  5895526.77   1.393243   0.000376   0.001031  -36.864
  472516.52  5895527.88   1.393237   0.000374   0.001028  -36.894
  472515.68  5895528.99   1.393231   0.000373   0.001025  -36.924
  472514.84  5895530.11   1.393225   0.000372   0.001022  -36.954
  472514.00  5895531.22   1.393220   0.000371   0.001019  -36.983
  472513.17  5895532.33   1.393215   0.000370   0.001016  -37.013
  472512.33  5895533.44   1.393211   0.000369   0.001013  -37.043
  472511.49  5895534.56   1.393207   0.000368   0.001010  -37.072
  472510.65  5895535.67   1.393203   0.000367   0.001007  -37.101
  472509.80  5895536.78   1.393200   0.000366   0.001004  -37.131
  472508.96  5895537.89   1.393197   0.000365   0.001001  -37.160
  472508.12  5895539.00   1.393195   0.000364   0.000998  -37.189
  472507.28  5895540.11   1.393192   0.000362   0.000995  -37.218
  472506.44  5895541.22   1.393191   0.000361   0.000992  -37.247
  472505.59  5895542.32   1.393189   0.000360   0.000989  -37.276
  472504.75  5895543.43   1.393188   0.000359   0.000986  -37.305
  472503.90  5895544.54   1.393187   0.000358   0.000983  -37.333
  472503.06  5895545.65   1.393187   0.000357   0.000980  -37.362
  472502.21  5895546.75   1.393187   0.000356   0.000977  -37.390
  472501.36  5895547.86   1.393187   0.000355   0.000974  -37.419
  472500.52  5895548.97   1.393188   0.000354   0.000971  -37.447
  472499.67  5895550.07   1.393189   0.000353   0.000968  -37.475
  472498.82  5895551.18   1.393190   0.000352   0.000965  -37.503
  472497.97  5895552.28   1.393192   0.000351   0.000962  -37.532
  472497.12  5895553.39   1.393194   0.000349   0.000959  -37.560
  472496.27  5895554.49   1.393196   0.000348   0.000956  -37.587
  472495.42  5895555.60   1.393199   0.000347   0.000953  -37.615
  472494.57  5895556.70   1.393202   0.000346   0.000950  -37.643
  472493.72  5895557.80   1.393205   0.000345   0.000947  -37.671
  472492.87  5895558.90   1.393209   0.000344   0.000944  -37.698
  472492.02  5895560.01   1.393212   0.000343   0.000941  -37.726
  472491.16  5895561.11   1.393217   0.000342   0.000938  -37.753
  472490.31  5895562.21   1.393221   0.000341   0.000935  -37.780
  472489.46  5895563.31   1.393226   0.000340   0.000932  -37.807
  472488.60  5895564.41   1.393231   0.000339   0.000929  -37.835
  472487.75  5895565.51   1.393236   0.000337   0.000926  -37.862
  472486.89  5895566.61   1.393242   0.000336   0.000923  -37.888
  472486.03  5895567.71   1.393248   0.000335   0.000920  -37.915
  472485.18  5895568.81   1.393254   0.000334   0.000917  -37.942
  472484.32  5895569.91   1.393261   0.000333   0.000914  -37.969
  472483.46  5895571.00   1.393267   0.000332   0.000911  -37.995
  472482.60  5895572.10   1.393274   0.000331   0.000908  -38.022
  472481.75  5895573.20   1.393282   0.000330   0.000905  -38.048
  472480.89  5895574.29   1.393289   0.000329   0.000902  -38.075
  472480.03  5895575.39   1.393297   0.000328   0.000899  -38.101
  472479.17  5895576.49   1.393305   0.000326   0.000896  -38.127
  472478.31  5895577.58   1.393314   0.000325   0.000893  -38.153
  472477.44  5895578.68   1.393322   0.000324   0.000890  -38.179
  472476.58  5895579.77   1.393331   0.000323   0.000887  -38.205
  472475.72  5895580.87   1.393341   0.000322   0.000884  -38.231
  472474.86  5895581.96   1.393350   0.000321   0.000881  -38.256
  472473.99  5895583.06   1.393360   0.000320   0.000878  -38.282
  472473.13  5895584.15   1.393370   0.000319   0.000875  -38.308
  472472.27  5895585.24   1.393380   0.000318   0.000872  -38.333
  472471.40  5895586.33   1.393390   0.000317   0.000869  -38.358
  472470.54  5895587.43   1.393401   0.000316   0.000866  -38.384
  472469.67  5895588.52   1.393411   0.000314   0.000863  -38.409
  472468.80  5895589.61   1.393423   0.000313   0.000860  -38.434
  472467.94  5895590.70   1.393434   0.000312   0.000857  -38.459
  472467.07  5895591.79   1.393445   0.000311   0.000854  -38.484
  472466.20  5895592.88   1.393457   0.000310   0.000851  -38.509
  472465.34  5895593.97   1.393469   0.000309   0.000848  -38.534
  472464.47  5895595.06   1.393481   0.000308   0.000845  -38.558
  472463.60  5895596.15   1.393494   0.000307   0.000842  -38.583
  472462.73  5895597.24   1.393506   0.000306   0.000839  -38.607
  472461.86  5895598.33   1.393519   0.000305   0.000836  -38.632
  472460.99  5895599.42   1.393532   0.000303   0.000833  -38.656
  472460.12  5895600.50   1.393545   0.000302   0.000830  -38.680
  472459.25  5895601.59   1.393559   0.000301   0.000827  -38.704
  472458.37  5895602.68   1.393572   0.000300   0.000824  -38.728
  472457.50  5895603.77   1.393586   0.000299   0.000821  -38.752
  472456.63  5895604.85   1.393600   0.000298   0.000818  -38.776
  472455.76  5895605.94   1.393614   0.000297   0.000815  -38.800
  472454.88  5895607.02   1.393629   0.000296   0.000812  -38.824
  472454.01  5895608.11   1.393643   0.000295   0.000809  -38.847
  472453.13  5895609.19   1.393658   0.000294   0.000806  -38.871
  472452.26  5895610.28   1.393673   0.000293   0.000803  -38.894
  472451.38  5895611.36   1.393688   0.000291   0.000800  -38.918
  472450.51  5895612.45   1.393703   0.000290   0.000797  -38.941
  472449.63  5895613.53   1.393719   0.000289   0.000794  -38.964
  472448.75  5895614.61   1.393734   0.000288   0.000792  -38.987
  472447.88  5895615.70   1.393750   0.000287   0.000789  -39.010
  472447.00  5895616.78   1.393766   0.000286   0.000786  -39.033
  472446.12  5895617.86   1.393782   0.000285   0.000783  -39.056
  472445.24  5895618.94   1.393798   0.000284   0.000780  -39.079
  472444.36  5895620.03   1.393815   0.000283   0.000777  -39.101
  472443.48  5895621.11   1.393831   0.000282   0.000774  -39.124
  472442.60  5895622.19   1.393848   0.000280   0.000771  -39.146
  472441.72  5895623.27   1.393865   0.000279   0.000768  -39.169
  472440.84  5895624.35   1.393882   0.000278   0.000765  -39.191
  472439.96  5895625.43   1.393899   0.000277   0.000762  -39.213
  472439.08  5895626.51   1.393916   0.000276   0.000759  -39.236
  472438.20  5895627.59   1.393934   0.000275   0.000756  -39.258
  472437.31  5895628.67   1.393951   0.000274   0.000753  -39.280
  472436.43  5895629.75   1.393969   0.000273   0.000750  -39.301
  472435.55  5895630.82   1.393987   0.000272   0.000747  -39.323
  472434.66  5895631.90   1.394005   0.000271   0.000744  -39.345
  472433.78  5895632.98   1.394023   0.000269   0.000741  -39.367
  472432.90  5895634.06   1.394041   0.000268   0.000738  -39.388
  472432.01  5895635.13   1.394060   0.000267   0.000735  -39.409
  472431.12  5895636.21   1.394078   0.000266   0.000732  -39.431
  472430.24  5895637.29   1.394097   0.000265   0.000729  -39.452
  472429.35  5895638.36   1.394115   0.000264   0.000726  -39.473
  472428.47  5895639.44   1.394134   0.000263   0.000723  -39.494
  472427.58  5895640.52   1.394153   0.000262   0.000720  -39.515
  472426.69  5895641.59   1.394172   0.000261   0.000717  -39.536
  472425.80  5895642.67   1.394191   0.000260   0.000714  -39.557
  472424.92  5895643.74   1.394210   0.000259   0.000711  -39.578
  472424.03  5895644.81   1.394230   0.000257   0.000708  -39.598
  472423.14  5895645.89   1.394249   0.000256   0.000705  -39.619
  472422.25  5895646.96   1.394268   0.000255   0.000702  -39.640
  472421.36  5895648.04   1.394288   0.000254   0.000699  -39.660
  472420.47  5895649.11   1.394308   0.000253   0.000696  -39.680
  472419.58  5895650.18   1.394328   0.000252   0.000693  -39.700
  472418.69  5895651.25   1.394347   0.000251   0.000690  -39.721
  472417.79  5895652.33   1.394367   0.000250   0.000687  -39.741
  472416.90  5895653.40   1.394387   0.000249   0.000684  -39.761
  472416.01  5895654.47   1.394408   0.000248   0.000681  -39.780
  472415.12  5895655.54   1.394428   0.000246   0.000678  -39.800
  472414.23  5895656.61   1.394448   0.000245   0.000675  -39.820
  472413.33  5895657.68   1.394468   0.000244   0.000672  -39.839
  472412.44  5895658.75   1.394489   0.000243   0.000669  -39.859
  472411.54  5895659.82   1.394509   0.000242   0.000666  -39.878
  472410.65  5895660.89   1.394530   0.000241   0.000663  -39.898
  472409.75  5895661.96   1.394550   0.000240   0.000660  -39.917
  472408.86  5895663.03   1.394571   0.000239   0.000657  -39.936
  472407.96  5895664.10   1.394592   0.000238   0.000654  -39.955
  472407.07  5895665.17   1.394613   0.000237   0.000651  -39.974
  472406.17  5895666.24   1.394633   0.000235   0.000648  -39.993
  472405.27  5895667.31   1.394654   0.000234   0.000645  -40.012
  472404.38  5895668.37   1.394675   0.000233   0.000642  -40.031
  472403.48  5895669.44   1.394696   0.000232   0.000639  -40.049
  472402.58  5895670.51   1.394717   0.000231   0.000636  -40.068
  472401.68  5895671.58   1.394738   0.000230   0.000633  -40.086
  472400.79  5895672.64   1.394760   0.000229   0.000630  -40.105
  472399.89  5895673.71   1.394781   0.000228   0.000627  -40.123
  472398.99  5895674.78   1.394802   0.000227   0.000624  -40.141
  472398.09  5895675.84   1.394823   0.000226   0.000621  -40.159
  472397.19  5895676.91   1.394845   0.000225   0.000618  -40.177
  472396.29  5895677.97   1.394866   0.000223   0.000615  -40.195
  472395.39  5895679.04   1.394887   0.000222   0.000612  -40.213
  472394.49  5895680.10   1.394909   0.000221   0.000609  -40.231
  472393.59  5895681.17   1.394930   0.000220   0.000606  -40.249
  472392.68  5895682.23   1.394951   0.000219   0.000603  -40.266
  472391.78  5895683.30   1.394973   0.000218   0.000600  -40.284
  472390.88  5895684.36   1.394994   0.000217   0.000597  -40.301
  472389.98  5895685.42   1.395016   0.000216   0.000594  -40.318
  472389.07  5895686.49   1.395037   0.000215   0.000591  -40.336
  472388.17  5895687.55   1.395059   0.000214   0.000588  -40.353
  472387.27  5895688.61   1.395081   0.000212   0.000585  -40.370
  472386.36  5895689.68   1.395102   0.000211   0.000582  -40.387
  472385.46  5895690.74   1.395124   0.000210   0.000579  -40.404
  472384.55  5895691.80   1.395145   0.000209   0.000576  -40.421
  472383.65  5895692.86   1.395167   0.000208   0.000573  -40.437
  472382.74  5895693.92   1.395189   0.000207   0.000570  -40.454
  472381.84  5895694.99   1.395210   0.000206   0.000567  -40.471
  472380.93  5895696.05   1.395232   0.000205   0.000564  -40.487
  472380.03  5895697.11   1.395253   0.000204   0.000561  -40.503
  472379.12  5895698.17   1.395275   0.000203   0.000558  -40.520
  472378.21  5895699.23   1.395297   0.000202   0.000555  -40.536
  472377.31  5895700.29   1.395318   0.000200   0.000552  -40.552
  472376.40  5895701.35   1.395340   0.000199   0.000549  -40.568
  472375.49  5895702.41   1.395361   0.000198   0.000546  -40.584
  472374.58  5895703.47   1.395383   0.000197   0.000543  -40.600
  472373.67  5895704.53   1.395405   0.000196   0.000540  -40.616
  472372.77  5895705.59   1.395426   0.000195   0.000537  -40.631
  472371.86  5895706.64   1.395448   0.000194   0.000534  -40.647
  472370.95  5895707.70   1.395469   0.000193   0.000531  -40.662
  472370.04  5895708.76   1.395491   0.000192   0.000528  -40.678
  472369.13  5895709.82   1.395512   0.000191   0.000525  -40.693
  472368.22  5895710.88   1.395533   0.000190   0.000522  -40.708
  472367.31  5895711.94   1.395555   0.000188   0.000519  -40.723
  472366.40  5895712.99   1.395576   0.000187   0.000516  -40.739
  472365.49  5895714.05   1.395598   0.000186   0.000513  -40.754
  472364.57  5895715.11   1.395619   0.000185   0.000510  -40.768
  472363.66  5895716.16   1.395640   0.000184   0.000507  -40.783
  472362.75  5895717.22   1.395662   0.000183   0.000504  -40.798
  472361.84  5895718.28   1.395683   0.000182   0.000501  -40.813
  472360.93  5895719.33   1.395704   0.000181   0.000498  -40.827
  472360.01  5895720.39   1.395725   0.000180   0.000495  -40.842
  472359.10  5895721.44   1.395746   0.000179   0.000492  -40.856
  472358.19  5895722.50   1.395767   0.000178   0.000489  -40.870
  472357.27  5895723.55   1.395788   0.000176   0.000486  -40.884
  472356.36  5895724.61   1.395809   0.000175   0.000483  -40.899
  472355.45  5895725.66   1.395830   0.000174   0.000480  -40.913
  472354.53  5895726.72   1.395851   0.000173   0.000477  -40.927
  472353.62  5895727.77   1.395872   0.000172   0.000474  -40.940
  472352.70  5895728.83   1.395893   0.000171   0.000471  -40.954
  472351.79  5895729.88   1.395914   0.000170   0.000468  -40.968
  472350.87  5895730.94   1.395934   0.000169   0.000465  -40.981
  472349.96  5895731.99   1.395955   0.000168   0.000462  -40.995
  472349.04  5895733.04   1.395976   0.000167   0.000459  -41.008
  472348.12  5895734.10   1.395996   0.000166   0.000456  -41.022
  472347.21  5895735.15   1.396017   0.000164   0.000453  -41.035
  472346.29  5895736.20   1.396037   0.000163   0.000450  -41.048
  472345.37  5895737.25   1.396057   0.000162   0.000447  -41.061
  472344.46  5895738.31   1.396078   0.000161   0.000444  -41.074
  472343.54  5895739.36   1.396098   0.000160   0.000441  -41.087
  472342.62  5895740.41   1.396118   0.000159   0.000438  -41.100
  472341.70  5895741.46   1.396138   0.000158   0.000435  -41.112
  472340.78  5895742.51   1.396158   0.000157   0.000432  -41.125
  472339.87  5895743.57   1.396178   0.000156   0.000429  -41.138
  472338.95  5895744.62   1.396198   0.000155   0.000426  -41.150
  472338.03  5895745.67   1.396218   0.000154   0.000423  -41.162
  472337.11  5895746.72   1.396237   0.000152   0.000420  -41.175
  472336.19  5895747.77   1.396257   0.000151   0.000417  -41.187
  472335.27  5895748.82   1.396277   0.000150   0.000414  -41.199
  472334.35  5895749.87   1.396296   0.000149   0.000411  -41.211
  472333.43  5895750.92   1.396315   0.000148   0.000408  -41.223
  472332.51  5895751.97   1.396335   0.000147   0.000405  -41.235
  472331.59  5895753.02   1.396354   0.000146   0.000402  -41.247
  472330.67  5895754.07   1.396373   0.000145   0.000399  -41.258
  472329.75  5895755.12   1.396392   0.000144   0.000396  -41.270
  472328.82  5895756.17   1.396411   0.000143   0.000394  -41.281
  472327.90  5895757.22   1.396430   0.000142   0.000391  -41.293
  472326.98  5895758.27   1.396449   0.000141   0.000388  -41.304
  472326.06  5895759.32   1.396468   0.000139   0.000385  -41.315
  472325.14  5895760.37   1.396486   0.000138   0.000382  -41.327
  472324.22  5895761.41   1.396505   0.000137   0.000379  -41.338
  472323.29  5895762.46   1.396523   0.000136   0.000376  -41.349
  472322.37  5895763.51   1.396542   0.000135   0.000373  -41.360
  472321.45  5895764.56   1.396560   0.000134   0.000370  -41.370
  472320.52  5895765.61   1.396578   0.000133   0.000367  -41.381
  472319.60  5895766.65   1.396596   0.000132   0.000364  -41.392
  472318.68  5895767.70   1.396614   0.000131   0.000361  -41.402
  472317.75  5895768.75   1.396632   0.000130   0.000358  -41.413
  472316.83  5895769.80   1.396650   0.000129   0.000355  -41.423
  472315.90  5895770.84   1.396667   0.000127   0.000352  -41.433
  472314.98  5895771.89   1.396685   0.000126   0.000349  -41.444
  472314.06  5895772.94   1.396702   0.000125   0.000346  -41.454
  472313.13  5895773.98   1.396720   0.000124   0.000343  -41.464
  472312.21  5895775.03   1.396737   0.000123   0.000340  -41.474
  472311.28  5895776.08   1.396754   0.000122   0.000337  -41.484
  472310.35  5895777.12   1.396771   0.000121   0.000334  -41.493
  472309.43  5895778.17   1.396788   0.000120   0.000331  -41.503
  472308.50  5895779.22   1.396805   0.000119   0.000328  -41.513
  472307.58  5895780.26   1.396821   0.000118   0.000325  -41.522
  472306.65  5895781.31   1.396838   0.000117   0.000322  -41.531
  472305.73  5895782.35   1.396854   0.000116   0.000319  -41.541
  472304.80  5895783.40   1.396870   0.000114   0.000316  -41.550
  472303.87  5895784.44   1.396887   0.000113   0.000313  -41.559
  472302.95  5895785.49   1.396903   0.000112   0.000310  -41.568
  472302.02  5895786.53   1.396919   0.000111   0.000307  -41.577
  472301.09  5895787.58   1.396935   0.000110   0.000304  -41.586
  472300.16  5895788.62   1.396950   0.000109   0.000301  -41.595
  472299.24  5895789.67   1.396966   0.000108   0.000298  -41.604
  472298.31  5895790.71   1.396981   0.000107   0.000295  -41.612
  472297.38  5895791.76   1.396997   0.000106   0.000292  -41.621
  472296.45  5895792.80   1.397012   0.000105   0.000289  -41.629
  472295.52  5895793.84   1.397027   0.000104   0.000286  -41.638
  472294.60  5895794.89   1.397042   0.000103   0.000283  -41.646
  472293.67  5895795.93   1.397057   0.000101   0.000280  -41.654
  472292.74  5895796.98   1.397071   0.000100   0.000277  -41.662
  472291.81  5895798.02   1.397086   0.000099   0.000274  -41.670
  472290.88  5895799.06   1.397101   0.000098   0.000271  -41.678
  472289.95  5895800.11   1.397115   0.000097   0.000268  -41.686
  472289.02  5895801.15   1.397129   0.000096   0.000265  -41.694
  472288.09  5895802.19   1.397143   0.000095   0.000262  -41.702
  472287.16  5895803.24   1.397157   0.000094   0.000259  -41.709
  472286.23  5895804.28   1.397171   0.000093   0.000256  -41.717
  472285.30  5895805.32   1.397184   0.000092   0.000253  -41.724
  472284.37  5895806.36   1.397198   0.000091   0.000250  -41.732
  472283.44  5895807.41   1.397211   0.000090   0.000247  -41.739
  472282.51  5895808.45   1.397224   0.000088   0.000244  -41.746
  472281.58  5895809.49   1.397238   0.000087   0.000241  -41.753
  472280.65  5895810.53   1.397251   0.000086   0.000238  -41.760
  472279.72  5895811.58   1.397263   0.000085   0.000235  -41.767
  472278.79  5895812.62   1.397276   0.000084   0.000232  -41.774
  472277.86  5895813.66   1.397289   0.000083   0.000229  -41.781
  472276.93  5895814.70   1.397301   0.000082   0.000226  -41.787
  472276.00  5895815.74   1.397313   0.000081   0.000223  -41.794
  472275.07  5895816.79   1.397325   0.000080   0.000220  -41.800
  472274.13  5895817.83   1.397337   0.000079   0.000217  -41.807
  472273.20  5895818.87   1.397349   0.000078   0.000214  -41.813
  472272.27  5895819.91   1.397361   0.000077   0.000212  -41.819
  472271.34  5895820.95   1.397372   0.000076   0.000209  -41.825
  472270.41  5895821.99   1.397384   0.000074   0.000206  -41.831
  472269.47  5895823.03   1.397395   0.000073   0.000203  -41.837
  472268.54  5895824.07   1.397406   0.000072   0.000200  -41.843
  472267.61  5895825.12   1.397417   0.000071   0.000197  -41.849
  472266.68  5895826.16   1.397428   0.000070   0.000194  -41.855
  472265.75  5895827.20   1.397438   0.000069   0.000191  -41.860
  472264.81  5895828.24   1.397449   0.000068   0.000188  -41.866
  472263.88  5895829.28   1.397459   0.000067   0.000185  -41.871
  472262.95  5895830.32   1.397469   0.000066   0.000182  -41.877
  472262.01  5895831.36   1.397479   0.000065   0.000179  -41.882
  472261.08  5895832.40   1.397489   0.000064   0.000176  -41.887
  472260.15  5895833.44   1.397499   0.000063   0.000173  -41.892
  472259.21  5895834.48   1.397508   0.000061   0.000170  -41.897
  472258.28  5895835.52   1.397518   0.000060   0.000167  -41.902
  472257.35  5895836.56   1.397527   0.000059   0.000164  -41.907
  472256.41  5895837.60   1.397536   0.000058   0.000161  -41.912
  472255.48  5895838.64   1.397545   0.000057   0.000158  -41.916
  472254.55  5895839.68   1.397554   0.000056   0.000155  -41.921
  472253.61  5895840.72   1.397562   0.000055   0.000152  -41.925
  472252.68  5895841.76   1.397571   0.000054   0.000149  -41.930
  472251.75  5895842.80   1.397579   0.000053   0.000146  -41.934
  472250.81  5895843.84   1.397587   0.000052   0.000143  -41.938
  472249.88  5895844.88   1.397595   0.000051   0.000140  -41.943
  472248.94  5895845.92   1.397603   0.000050   0.000137  -41.947
  472248.01  5895846.96   1.397610   0.000049   0.000134  -41.951
  472247.07  5895848.00   1.397618   0.000047   0.000131  -41.954
  472246.14  5895849.04   1.397625   0.000046   0.000128  -41.958
  472245.21  5895850.08   1.397632   0.000045   0.000125  -41.962
  472244.27  5895851.11   1.397639   0.000044   0.000122  -41.966
  472243.34  5895852.15   1.397646   0.000043   0.000119  -41.969
  472242.40  5895853.19   1.397653   0.000042   0.000116  -41.973
  472241.47  5895854.23   1.397659   0.000041   0.000113  -41.976
  472240.53  5895855.27   1.397666   0.000040   0.000110  -41.979
  472239.60  5895856.31   1.397672   0.000039   0.000107  -41.982
  472238.66  5895857.35   1.397678   0.000038   0.000104  -41.986
  472237.73  5895858.39   1.397684   0.000037   0.000101  -41.989
  472236.79  5895859.43   1.397689   0.000036   0.000098  -41.992
  472235.86  5895860.47   1.397695   0.000034   0.000095  -41.994
  472234.92  5895861.50   1.397700   0.000033   0.000092  -41.997
  472233.99  5895862.54   1.397705   0.000032   0.000089  -42.000
  472233.05  5895863.58   1.397710   0.000031   0.000086  -42.002
  472232.12  5895864.62   1.397715   0.000030   0.000083  -42.005
  472231.18  5895865.66   1.397720   0.000029   0.000080  -42.007
  472230.25  5895866.70   1.397724   0.000028   0.000077  -42.010
  472229.31  5895867.74   1.397729   0.000027   0.000074  -42.012
  472228.37  5895868.77   1.397733   0.000026   0.000071  -42.014
  472227.44  5895869.81   1.397737   0.000025   0.000068  -42.016
  472226.50  5895870.85   1.397741   0.000024   0.000066  -42.018
  472225.57  5895871.89   1.397744   0.000023   0.000063  -42.020
  472224.63  5895872.93   1.397748   0.000022   0.000060  -42.022
  472223.70  5895873.97   1.397751   0.000020   0.000057  -42.024
  472222.76  5895875.00   1.397754   0.000019   0.000054  -42.025
  472221.82  5895876.04   1.397757   0.000018   0.000051  -42.027
  472220.89  5895877.08   1.397760   0.000017   0.000048  -42.028
  472219.95  5895878.12   1.397763   0.000016   0.000045  -42.030
  472219.02  5895879.16   1.397765   0.000015   0.000042  -42.031
  472218.08  5895880.20   1.397768   0.000014   0.000039  -42.032
  472217.15  5895881.23   1.397770   0.000013   0.000036  -42.033
  472216.21  5895882.27   1.397772   0.000012   0.000033  -42.034
  472215.27  5895883.31   1.397774   0.000011   0.000030  -42.035
  472214.34  5895884.35   1.397775   0.000010   0.000027  -42.036
  472213.40  5895885.39   1.397777   0.000009   0.000024  -42.037
  472212.47  5895886.42   1.397778   0.000008   0.000021  -42.038
  472211.53  5895887.46   1.397779   0.000006   0.000018  -42.038
  472210.59  5895888.50   1.397780   0.000005   0.000015  -42.039
  472209.66  5895889.54   1.397781   0.000004   0.000012  -42.039
  472208.72  5895890.58   1.397781   0.000003   0.000009  -42.039
  472207.79  5895891.62   1.397782   0.000002   0.000005  -42.040
  472206.85  5895892.65   1.397782   0.000001   0.000003  -42.040
