  472371.01  5887183.46   1.113354   0.000007   0.000012    0.000
  472370.30  5887184.32   1.114675   0.000014   0.000024  -39.644
  472369.59  5887185.18   1.117331   0.000027   0.000048  -39.643
  472368.87  5887186.04   1.120012   0.000041   0.000072  -39.642
  472368.16  5887186.90   1.122719   0.000054   0.000096  -39.639
  472367.44  5887187.77   1.125451   0.000067   0.000120  -39.636
  472366.72  5887188.63   1.128209   0.000080   0.000143  -39.631
  472366.00  5887189.50   1.130992   0.000092   0.000167  -39.626
  472365.28  5887190.38   1.133801   0.000105   0.000191  -39.620
  472364.55  5887191.25   1.136635   0.000117   0.000214  -39.613
  472363.83  5887192.13   1.139495   0.000130   0.000238  -39.606
  472363.10  5887193.01   1.142381   0.000142   0.000261  -39.597
  472362.37  5887193.89   1.145291   0.000153   0.000285  -39.588
  472361.64  5887194.77   1.148228   0.000165   0.000308  -39.578
  472360.91  5887195.66   1.151190   0.000177   0.000331  -39.567
  472360.18  5887196.55   1.154177   0.000188   0.000354  -39.555
  472359.44  5887197.44   1.157190   0.000199   0.000377  -39.543
  472358.70  5887198.33   1.160229   0.000210   0.000400  -39.530
  472357.96  5887199.23   1.163293   0.000221   0.000423  -39.516
  472357.22  5887200.13   1.166383   0.000232   0.000446  -39.501
  472356.48  5887201.03   1.169499   0.000242   0.000469  -39.485
  472355.74  5887201.93   1.172640   0.000253   0.000492  -39.469
  472354.99  5887202.84   1.175807   0.000263   0.000514  -39.452
  472354.24  5887203.75   1.178999   0.000273   0.000537  -39.434
  472353.49  5887204.66   1.182217   0.000283   0.000559  -39.416
  472352.74  5887205.58   1.185461   0.000293   0.000582  -39.397
  472351.99  5887206.49   1.188731   0.000302   0.000604  -39.377
  472351.23  5887207.41   1.192026   0.000312   0.000626  -39.356
  472350.48  5887208.34   1.195347   0.000321   0.000648  -39.335
  472349.72  5887209.26   1.198694   0.000330   0.000670  -39.313
  472348.96  5887210.19   1.202066   0.000339   0.000692  -39.291
  472348.20  5887211.12   1.205465   0.000347   0.000714  -39.267
  472347.43  5887212.06   1.208889   0.000356   0.000736  -39.243
  472346.67  5887213.00   1.212339   0.000364   0.000758  -39.219
  472345.90  5887213.94   1.215815   0.000373   0.000779  -39.193
  472345.13  5887214.88   1.219317   0.000381   0.000801  -39.167
  472344.36  5887215.83   1.222844   0.000389   0.000822  -39.141
  472343.59  5887216.78   1.226398   0.000397   0.000843  -39.113
  472342.81  5887217.73   1.229977   0.000404   0.000865  -39.086
  472342.04  5887218.69   1.233583   0.000412   0.000886  -39.057
  472341.26  5887219.65   1.237214   0.000419   0.000907  -39.028
  472340.48  5887220.61   1.240872   0.000426   0.000928  -38.998
  472339.70  5887221.58   1.244555   0.000433   0.000949  -38.968
  472338.91  5887222.55   1.248265   0.000440   0.000970  -38.937
  472338.13  5887223.52   1.252001   0.000447   0.000990  -38.906
  472337.34  5887224.50   1.255762   0.000453   0.001011  -38.874
  472336.55  5887225.48   1.259550   0.000460   0.001031  -38.841
  472335.76  5887226.46   1.263364   0.000466   0.001052  -38.808
  472334.97  5887227.44   1.267205   0.000472   0.001072  -38.774
  472334.18  5887228.43   1.271071   0.000478   0.001092  -38.740
  472333.38  5887229.43   1.274964   0.000486   0.001118  -38.705
  472332.58  5887230.43   1.278891   0.000494   0.001144  -38.670
  472331.78  5887231.43   1.282845   0.000495   0.001152  -38.633
  472330.98  5887232.43   1.286808   0.000491   0.001150  -38.597
  472330.18  5887233.44   1.290780   0.000487   0.001147  -38.560
  472329.37  5887234.45   1.294761   0.000483   0.001144  -38.524
  472328.56  5887235.46   1.298751   0.000478   0.001141  -38.489
  472327.76  5887236.48   1.302750   0.000474   0.001138  -38.453
  472326.95  5887237.51   1.306759   0.000470   0.001136  -38.418
  472326.13  5887238.53   1.310776   0.000466   0.001133  -38.382
  472325.32  5887239.56   1.314802   0.000462   0.001130  -38.347
  472324.50  5887240.59   1.318837   0.000458   0.001127  -38.313
  472323.68  5887241.63   1.322882   0.000454   0.001124  -38.278
  472322.86  5887242.67   1.326935   0.000450   0.001122  -38.244
  472322.04  5887243.72   1.330997   0.000447   0.001119  -38.209
  472321.22  5887244.76   1.335069   0.000443   0.001116  -38.175
  472320.39  5887245.81   1.339149   0.000439   0.001113  -38.141
  472319.56  5887246.87   1.343239   0.000435   0.001109  -38.108
  472318.73  5887247.93   1.347339   0.000430   0.001105  -38.074
  472317.90  5887248.99   1.351449   0.000428   0.001105  -38.041
  472317.07  5887250.06   1.355563   0.000426   0.001108  -38.008
  472316.23  5887251.13   1.359682   0.000425   0.001111  -37.975
  472315.40  5887252.20   1.363806   0.000423   0.001114  -37.942
  472314.56  5887253.28   1.367934   0.000422   0.001117  -37.909
  472313.72  5887254.36   1.372067   0.000420   0.001119  -37.876
  472312.87  5887255.45   1.376204   0.000419   0.001122  -37.843
  472312.03  5887256.54   1.380346   0.000417   0.001125  -37.809
  472311.18  5887257.63   1.384493   0.000416   0.001128  -37.776
  472310.33  5887258.72   1.388644   0.000415   0.001130  -37.743
  472309.48  5887259.83   1.392800   0.000413   0.001133  -37.710
  472308.63  5887260.93   1.396960   0.000412   0.001136  -37.678
  472307.77  5887262.04   1.401125   0.000410   0.001139  -37.645
  472306.92  5887263.15   1.405295   0.000409   0.001142  -37.612
  472306.06  5887264.26   1.409469   0.000407   0.001144  -37.579
  472305.20  5887265.38   1.413648   0.000406   0.001147  -37.546
  472304.34  5887266.51   1.417832   0.000404   0.001150  -37.513
  472303.47  5887267.63   1.422021   0.000403   0.001152  -37.480
  472302.61  5887268.76   1.426214   0.000402   0.001155  -37.447
  472301.74  5887269.90   1.430411   0.000400   0.001158  -37.414
  472300.87  5887271.04   1.434614   0.000399   0.001161  -37.382
  472300.00  5887272.18   1.438821   0.000397   0.001163  -37.349
  472299.13  5887273.32   1.443032   0.000396   0.001166  -37.316
  472298.25  5887274.47   1.447249   0.000395   0.001169  -37.283
  472297.37  5887275.63   1.451470   0.000393   0.001171  -37.251
  472296.49  5887276.79   1.455696   0.000392   0.001174  -37.218
  472295.61  5887277.95   1.459926   0.000390   0.001177  -37.185
  472294.73  5887279.11   1.464161   0.000389   0.001180  -37.153
  472293.84  5887280.28   1.468401   0.000388   0.001182  -37.120
  472292.96  5887281.45   1.472645   0.000386   0.001185  -37.087
  472292.07  5887282.63   1.476895   0.000385   0.001188  -37.055
  472291.18  5887283.81   1.481148   0.000384   0.001190  -37.022
  472290.29  5887285.00   1.485407   0.000382   0.001193  -36.990
  472289.39  5887286.19   1.489670   0.000381   0.001196  -36.957
  472288.50  5887287.38   1.493938   0.000380   0.001198  -36.925
  472287.60  5887288.57   1.498211   0.000378   0.001201  -36.892
  472286.70  5887289.78   1.502489   0.000377   0.001203  -36.860
  472285.80  5887290.98   1.506771   0.000376   0.001206  -36.827
  472284.89  5887292.19   1.511058   0.000374   0.001209  -36.795
  472283.99  5887293.40   1.515349   0.000373   0.001211  -36.762
  472283.08  5887294.62   1.519646   0.000372   0.001214  -36.730
  472282.17  5887295.84   1.523947   0.000370   0.001217  -36.698
  472281.26  5887297.06   1.528253   0.000369   0.001219  -36.665
  472280.34  5887298.29   1.532563   0.000368   0.001222  -36.633
  472279.43  5887299.52   1.536878   0.000367   0.001224  -36.601
  472278.51  5887300.76   1.541198   0.000365   0.001227  -36.568
  472277.59  5887302.00   1.545523   0.000364   0.001230  -36.536
  472276.67  5887303.24   1.549853   0.000363   0.001232  -36.504
  472275.75  5887304.49   1.554187   0.000361   0.001235  -36.472
  472274.83  5887305.74   1.558526   0.000360   0.001237  -36.439
  472273.90  5887307.00   1.562870   0.000359   0.001240  -36.407
  472272.97  5887308.26   1.567219   0.000358   0.001242  -36.375
  472272.04  5887309.52   1.571572   0.000356   0.001245  -36.343
  472271.11  5887310.79   1.575930   0.000355   0.001248  -36.311
  472270.18  5887312.06   1.580293   0.000354   0.001250  -36.279
  472269.24  5887313.34   1.584661   0.000353   0.001253  -36.247
  472268.30  5887314.62   1.589033   0.000352   0.001255  -36.215
  472267.36  5887315.90   1.593410   0.000350   0.001258  -36.183
  472266.42  5887317.19   1.597792   0.000349   0.001260  -36.151
  472265.48  5887318.48   1.602179   0.000348   0.001263  -36.119
  472264.53  5887319.78   1.606571   0.000347   0.001265  -36.087
  472263.59  5887321.08   1.610967   0.000345   0.001268  -36.055
  472262.64  5887322.39   1.615368   0.000344   0.001270  -36.023
  472261.69  5887323.69   1.619774   0.000343   0.001273  -35.991
  472260.74  5887325.01   1.624185   0.000342   0.001275  -35.959
  472259.78  5887326.32   1.628601   0.000341   0.001278  -35.928
  472258.83  5887327.64   1.633021   0.000340   0.001280  -35.896
  472257.87  5887328.97   1.637447   0.000338   0.001283  -35.864
  472256.91  5887330.30   1.641877   0.000337   0.001285  -35.832
  472255.95  5887331.63   1.646311   0.000336   0.001288  -35.801
  472254.98  5887332.97   1.650751   0.000335   0.001290  -35.769
  472254.02  5887334.31   1.655196   0.000334   0.001293  -35.737
  472253.05  5887335.66   1.659645   0.000333   0.001295  -35.706
  472252.08  5887337.01   1.664099   0.000331   0.001298  -35.674
  472251.11  5887338.36   1.668558   0.000330   0.001300  -35.642
  472250.14  5887339.72   1.673022   0.000329   0.001303  -35.611
  472249.16  5887341.08   1.677491   0.000328   0.001305  -35.579
  472248.18  5887342.45   1.681964   0.000327   0.001308  -35.548
  472247.21  5887343.82   1.686443   0.000326   0.001310  -35.516
  472246.23  5887345.20   1.690926   0.000325   0.001312  -35.485
  472245.24  5887346.57   1.695414   0.000323   0.001315  -35.453
  472244.26  5887347.96   1.699907   0.000322   0.001317  -35.422
  472243.27  5887349.35   1.704405   0.000321   0.001320  -35.390
  472242.29  5887350.74   1.708907   0.000320   0.001322  -35.359
  472241.30  5887352.13   1.713415   0.000319   0.001325  -35.328
  472240.31  5887353.53   1.717927   0.000318   0.001327  -35.296
  472239.31  5887354.94   1.722444   0.000317   0.001329  -35.265
  472238.32  5887356.35   1.726966   0.000316   0.001332  -35.234
  472237.32  5887357.76   1.731493   0.000315   0.001334  -35.203
  472236.32  5887359.18   1.736025   0.000314   0.001337  -35.171
  472235.32  5887360.60   1.740562   0.000313   0.001339  -35.140
  472234.32  5887362.02   1.745103   0.000311   0.001341  -35.109
  472233.31  5887363.45   1.749650   0.000310   0.001344  -35.078
  472232.31  5887364.89   1.754201   0.000309   0.001346  -35.047
  472231.30  5887366.33   1.758758   0.000308   0.001349  -35.016
  472230.29  5887367.77   1.763319   0.000307   0.001351  -34.985
  472229.28  5887369.22   1.767885   0.000306   0.001353  -34.954
  472228.27  5887370.67   1.772456   0.000305   0.001356  -34.923
  472227.25  5887372.12   1.777031   0.000304   0.001357  -34.892
  472226.23  5887373.58   1.781610   0.000303   0.001359  -34.861
  472225.22  5887375.05   1.786192   0.000302   0.001363  -34.830
  472224.19  5887376.52   1.790786   0.000302   0.001369  -34.799
  472223.17  5887377.99   1.795389   0.000302   0.001375  -34.768
  472222.15  5887379.47   1.800003   0.000301   0.001380  -34.737
  472221.12  5887380.95   1.804628   0.000301   0.001386  -34.706
  472220.09  5887382.44   1.809262   0.000301   0.001392  -34.675
  472219.06  5887383.93   1.813907   0.000300   0.001398  -34.644
  472218.03  5887385.42   1.818563   0.000300   0.001404  -34.612
  472217.00  5887386.92   1.823228   0.000300   0.001409  -34.581
  472215.96  5887388.42   1.827905   0.000299   0.001415  -34.550
  472214.93  5887389.93   1.832591   0.000299   0.001421  -34.518
  472213.89  5887391.44   1.837288   0.000299   0.001427  -34.487
  472212.85  5887392.96   1.841996   0.000298   0.001432  -34.455
  472211.80  5887394.48   1.846713   0.000298   0.001438  -34.424
  472210.76  5887396.01   1.851442   0.000298   0.001443  -34.392
  472209.71  5887397.54   1.856180   0.000297   0.001449  -34.361
  472208.66  5887399.07   1.860929   0.000297   0.001455  -34.329
  472207.62  5887400.61   1.865689   0.000297   0.001460  -34.298
  472206.56  5887402.16   1.870459   0.000296   0.001466  -34.266
  472205.51  5887403.70   1.875239   0.000296   0.001471  -34.234
  472204.45  5887405.26   1.880030   0.000295   0.001477  -34.202
  472203.40  5887406.82   1.884832   0.000295   0.001482  -34.170
  472202.34  5887408.38   1.889643   0.000295   0.001488  -34.139
  472201.28  5887409.94   1.894466   0.000294   0.001493  -34.107
  472200.21  5887411.52   1.899298   0.000294   0.001499  -34.075
  472199.15  5887413.09   1.904142   0.000293   0.001504  -34.043
  472198.08  5887414.67   1.908996   0.000293   0.001509  -34.011
  472197.01  5887416.26   1.913860   0.000292   0.001515  -33.979
  472195.94  5887417.85   1.918735   0.000292   0.001520  -33.947
  472194.87  5887419.44   1.923620   0.000292   0.001525  -33.915
  472193.80  5887421.04   1.928516   0.000291   0.001531  -33.882
  472192.72  5887422.64   1.933422   0.000291   0.001536  -33.850
  472191.65  5887424.25   1.938339   0.000290   0.001541  -33.818
  472190.57  5887425.86   1.943267   0.000290   0.001547  -33.786
  472189.49  5887427.48   1.948205   0.000289   0.001552  -33.754
  472188.40  5887429.10   1.953153   0.000289   0.001557  -33.721
  472187.32  5887430.73   1.958112   0.000288   0.001562  -33.689
  472186.23  5887432.36   1.963082   0.000288   0.001567  -33.657
  472185.14  5887434.00   1.968062   0.000287   0.001572  -33.624
  472184.05  5887435.64   1.973053   0.000287   0.001578  -33.592
  472182.96  5887437.29   1.978055   0.000286   0.001583  -33.560
  472181.87  5887438.94   1.983067   0.000286   0.001588  -33.527
  472180.77  5887440.60   1.988089   0.000285   0.001593  -33.495
  472179.67  5887442.26   1.993122   0.000284   0.001598  -33.462
  472178.57  5887443.92   1.998166   0.000284   0.001603  -33.430
  472177.47  5887445.59   2.003221   0.000283   0.001608  -33.397
  472176.37  5887447.27   2.008286   0.000283   0.001613  -33.365
  472175.26  5887448.95   2.013362   0.000282   0.001618  -33.332
  472174.16  5887450.63   2.018448   0.000282   0.001623  -33.300
  472173.05  5887452.32   2.023545   0.000281   0.001628  -33.267
  472171.94  5887454.02   2.028653   0.000281   0.001633  -33.235
  472170.83  5887455.72   2.033771   0.000280   0.001638  -33.202
  472169.71  5887457.42   2.038900   0.000279   0.001643  -33.169
  472168.60  5887459.13   2.044039   0.000279   0.001647  -33.137
  472167.48  5887460.84   2.049190   0.000278   0.001652  -33.104
  472166.36  5887462.56   2.054351   0.000278   0.001657  -33.071
  472165.24  5887464.29   2.059522   0.000277   0.001664  -33.039
  472164.11  5887466.02   2.064708   0.000277   0.001671  -33.006
  472162.99  5887467.75   2.069905   0.000276   0.001671  -32.973
  472161.86  5887469.49   2.075105   0.000274   0.001667  -32.940
  472160.73  5887471.24   2.080308   0.000272   0.001662  -32.908
  472159.60  5887472.98   2.085515   0.000270   0.001658  -32.875
  472158.47  5887474.74   2.090725   0.000267   0.001653  -32.843
  472157.34  5887476.50   2.095938   0.000265   0.001649  -32.811
  472156.20  5887478.26   2.101154   0.000263   0.001644  -32.779
  472155.06  5887480.03   2.106373   0.000261   0.001640  -32.748
  472153.92  5887481.81   2.111596   0.000259   0.001636  -32.716
  472152.78  5887483.59   2.116822   0.000257   0.001631  -32.685
  472151.64  5887485.37   2.122051   0.000255   0.001627  -32.654
  472150.49  5887487.16   2.127283   0.000254   0.001622  -32.622
  472149.34  5887488.95   2.132519   0.000252   0.001618  -32.592
  472148.19  5887490.75   2.137757   0.000250   0.001614  -32.561
  472147.04  5887492.56   2.142999   0.000248   0.001609  -32.530
  472145.89  5887494.37   2.148244   0.000246   0.001605  -32.500
  472144.74  5887496.18   2.153492   0.000244   0.001601  -32.470
  472143.58  5887498.00   2.158744   0.000242   0.001594  -32.439
  472142.42  5887499.83   2.163998   0.000240   0.001586  -32.409
  472141.26  5887501.66   2.169257   0.000239   0.001588  -32.380
  472140.10  5887503.49   2.174517   0.000239   0.001596  -32.350
  472138.93  5887505.33   2.179780   0.000239   0.001604  -32.320
  472137.77  5887507.18   2.185045   0.000239   0.001612  -32.291
  472136.60  5887509.03   2.190313   0.000239   0.001620  -32.261
  472135.43  5887510.88   2.195584   0.000239   0.001628  -32.231
  472134.26  5887512.74   2.200857   0.000239   0.001636  -32.201
  472133.09  5887514.61   2.206132   0.000239   0.001644  -32.171
  472131.91  5887516.48   2.211410   0.000239   0.001652  -32.140
  472130.74  5887518.35   2.216690   0.000239   0.001659  -32.110
  472129.56  5887520.23   2.221973   0.000239   0.001667  -32.080
  472128.38  5887522.12   2.227259   0.000239   0.001675  -32.049
  472127.19  5887524.01   2.232547   0.000239   0.001683  -32.019
  472126.01  5887525.90   2.237838   0.000239   0.001691  -31.988
  472124.82  5887527.81   2.243131   0.000239   0.001699  -31.958
  472123.64  5887529.71   2.248426   0.000239   0.001706  -31.927
  472122.45  5887531.62   2.253725   0.000238   0.001713  -31.896
  472121.26  5887533.54   2.259028   0.000238   0.001719  -31.866
  472120.06  5887535.46   2.264334   0.000239   0.001730  -31.835
  472118.87  5887537.39   2.269638   0.000239   0.001744  -31.804
  472117.67  5887539.32   2.274940   0.000240   0.001757  -31.773
  472116.47  5887541.26   2.280239   0.000241   0.001771  -31.741
  472115.27  5887543.20   2.285537   0.000242   0.001785  -31.710
  472114.07  5887545.15   2.290832   0.000242   0.001798  -31.678
  472112.87  5887547.10   2.296125   0.000243   0.001812  -31.647
  472111.66  5887549.06   2.301417   0.000244   0.001826  -31.615
  472110.46  5887551.02   2.306706   0.000244   0.001839  -31.582
  472109.25  5887552.99   2.311994   0.000245   0.001853  -31.550
  472108.04  5887554.96   2.317279   0.000246   0.001866  -31.518
  472106.83  5887556.94   2.322562   0.000246   0.001880  -31.485
  472105.61  5887558.92   2.327844   0.000247   0.001893  -31.452
  472104.40  5887560.91   2.333123   0.000248   0.001907  -31.419
  472103.18  5887562.90   2.338401   0.000248   0.001920  -31.386
  472101.96  5887564.90   2.343677   0.000249   0.001934  -31.353
  472100.74  5887566.91   2.348951   0.000250   0.001947  -31.319
  472099.52  5887568.92   2.354223   0.000250   0.001961  -31.286
  472098.30  5887570.93   2.359493   0.000251   0.001974  -31.252
  472097.08  5887572.95   2.364761   0.000251   0.001988  -31.218
  472095.85  5887574.98   2.370029   0.000252   0.002001  -31.184
  472094.62  5887577.01   2.375296   0.000252   0.002014  -31.150
  472093.39  5887579.04   2.380557   0.000253   0.002027  -31.116
  472092.16  5887581.08   2.385813   0.000253   0.002040  -31.081
  472090.93  5887583.13   2.391063   0.000254   0.002053  -31.046
  472089.70  5887585.18   2.396308   0.000254   0.002066  -31.012
  472088.46  5887587.24   2.401548   0.000255   0.002079  -30.977
  472087.23  5887589.30   2.406783   0.000255   0.002092  -30.942
  472085.99  5887591.37   2.412012   0.000256   0.002104  -30.906
  472084.75  5887593.44   2.417236   0.000256   0.002117  -30.871
  472083.51  5887595.52   2.422455   0.000257   0.002130  -30.836
  472082.27  5887597.60   2.427669   0.000257   0.002143  -30.800
  472081.03  5887599.69   2.432877   0.000258   0.002155  -30.764
  472079.78  5887601.78   2.438080   0.000258   0.002168  -30.728
  472078.54  5887603.88   2.443278   0.000258   0.002181  -30.692
  472077.29  5887605.99   2.448471   0.000259   0.002194  -30.656
  472076.04  5887608.10   2.453659   0.000259   0.002207  -30.620
  472074.79  5887610.21   2.458842   0.000260   0.002219  -30.583
  472073.54  5887612.33   2.464019   0.000260   0.002234  -30.547
  472072.29  5887614.46   2.469194   0.000261   0.002249  -30.510
  472071.03  5887616.59   2.474364   0.000261   0.002257  -30.473
  472069.78  5887618.72   2.479524   0.000260   0.002263  -30.436
  472068.52  5887620.86   2.484674   0.000260   0.002268  -30.399
  472067.27  5887623.01   2.489816   0.000259   0.002273  -30.362
  472066.01  5887625.16   2.494947   0.000259   0.002278  -30.325
  472064.75  5887627.32   2.500069   0.000258   0.002283  -30.288
  472063.49  5887629.48   2.505182   0.000258   0.002288  -30.251
  472062.22  5887631.65   2.510285   0.000257   0.002293  -30.214
  472060.96  5887633.82   2.515379   0.000257   0.002298  -30.177
  472059.70  5887636.00   2.520463   0.000256   0.002304  -30.140
  472058.43  5887638.18   2.525538   0.000256   0.002309  -30.103
  472057.17  5887640.37   2.530603   0.000256   0.002314  -30.066
  472055.90  5887642.56   2.535659   0.000255   0.002319  -30.029
  472054.63  5887644.76   2.540705   0.000255   0.002325  -29.992
  472053.36  5887646.96   2.545742   0.000254   0.002330  -29.955
  472052.09  5887649.17   2.550770   0.000254   0.002335  -29.918
  472050.82  5887651.38   2.555788   0.000253   0.002341  -29.881
  472049.54  5887653.60   2.560797   0.000253   0.002346  -29.844
  472048.27  5887655.83   2.565796   0.000253   0.002351  -29.807
  472046.99  5887658.06   2.570789   0.000252   0.002357  -29.770
  472045.72  5887660.29   2.575772   0.000252   0.002362  -29.732
  472044.44  5887662.53   2.580741   0.000251   0.002367  -29.695
  472043.16  5887664.77   2.585695   0.000251   0.002372  -29.658
  472041.88  5887667.02   2.590634   0.000250   0.002376  -29.621
  472040.60  5887669.28   2.595559   0.000250   0.002381  -29.584
  472039.32  5887671.54   2.600469   0.000249   0.002386  -29.547
  472038.04  5887673.81   2.605365   0.000249   0.002391  -29.509
  472036.76  5887676.08   2.610246   0.000249   0.002396  -29.472
  472035.47  5887678.35   2.615113   0.000248   0.002401  -29.435
  472034.19  5887680.63   2.619965   0.000248   0.002406  -29.398
  472032.90  5887682.92   2.624803   0.000247   0.002411  -29.361
  472031.61  5887685.21   2.629626   0.000247   0.002416  -29.323
  472030.33  5887687.50   2.634435   0.000247   0.002421  -29.286
  472029.04  5887689.80   2.639229   0.000246   0.002426  -29.249
  472027.75  5887692.11   2.644009   0.000246   0.002431  -29.212
  472026.46  5887694.42   2.648774   0.000246   0.002436  -29.175
  472025.17  5887696.74   2.653524   0.000245   0.002441  -29.137
  472023.88  5887699.06   2.658261   0.000245   0.002446  -29.100
  472022.58  5887701.38   2.662982   0.000244   0.002451  -29.063
  472021.29  5887703.71   2.667690   0.000244   0.002457  -29.025
  472020.00  5887706.05   2.672383   0.000244   0.002462  -28.988
  472018.70  5887708.39   2.677061   0.000243   0.002467  -28.951
  472017.41  5887710.73   2.681725   0.000243   0.002473  -28.913
  472016.11  5887713.08   2.686375   0.000243   0.002478  -28.876
  472014.81  5887715.44   2.691010   0.000242   0.002483  -28.839
  472013.52  5887717.80   2.695631   0.000242   0.002489  -28.801
  472012.22  5887720.16   2.700237   0.000242   0.002494  -28.764
  472010.92  5887722.53   2.704829   0.000242   0.002499  -28.727
  472009.62  5887724.91   2.709407   0.000241   0.002505  -28.689
  472008.32  5887727.29   2.713970   0.000241   0.002510  -28.652
  472007.02  5887729.67   2.718519   0.000241   0.002516  -28.614
  472005.72  5887732.06   2.723053   0.000240   0.002521  -28.577
  472004.42  5887734.46   2.727573   0.000240   0.002527  -28.539
  472003.11  5887736.86   2.732079   0.000240   0.002533  -28.502
  472001.81  5887739.26   2.736570   0.000240   0.002538  -28.464
  472000.51  5887741.67   2.741047   0.000239   0.002544  -28.426
  471999.20  5887744.08   2.745510   0.000239   0.002549  -28.389
  471997.90  5887746.50   2.749959   0.000239   0.002555  -28.351
  471996.59  5887748.92   2.754393   0.000239   0.002561  -28.314
  471995.29  5887751.35   2.758813   0.000238   0.002567  -28.276
  471993.98  5887753.78   2.763218   0.000238   0.002572  -28.238
  471992.67  5887756.22   2.767609   0.000238   0.002578  -28.201
  471991.36  5887758.66   2.771986   0.000238   0.002584  -28.163
  471990.06  5887761.11   2.776349   0.000238   0.002590  -28.125
  471988.75  5887763.56   2.780697   0.000237   0.002596  -28.087
  471987.44  5887766.02   2.785032   0.000237   0.002601  -28.049
  471986.13  5887768.48   2.789352   0.000237   0.002607  -28.012
  471984.82  5887770.94   2.793657   0.000237   0.002613  -27.974
  471983.51  5887773.41   2.797949   0.000237   0.002619  -27.936
  471982.20  5887775.89   2.802226   0.000236   0.002625  -27.898
  471980.89  5887778.37   2.806489   0.000236   0.002631  -27.860
  471979.58  5887780.85   2.810738   0.000236   0.002637  -27.822
  471978.27  5887783.34   2.814972   0.000236   0.002643  -27.784
  471976.96  5887785.83   2.819193   0.000236   0.002649  -27.746
  471975.65  5887788.33   2.823399   0.000236   0.002656  -27.708
  471974.33  5887790.83   2.827591   0.000235   0.002662  -27.670
  471973.02  5887793.34   2.831769   0.000235   0.002668  -27.632
  471971.71  5887795.85   2.835933   0.000235   0.002674  -27.593
  471970.40  5887798.37   2.840083   0.000235   0.002680  -27.555
  471969.08  5887800.89   2.844218   0.000235   0.002686  -27.517
  471967.77  5887803.41   2.848339   0.000235   0.002693  -27.479
  471966.46  5887805.94   2.852447   0.000235   0.002699  -27.440
  471965.14  5887808.48   2.856540   0.000234   0.002705  -27.402
  471963.83  5887811.01   2.860619   0.000234   0.002712  -27.364
  471962.51  5887813.56   2.864684   0.000234   0.002718  -27.325
  471961.20  5887816.11   2.868735   0.000234   0.002724  -27.287
  471959.89  5887818.66   2.872772   0.000234   0.002731  -27.248
  471958.57  5887821.21   2.876794   0.000234   0.002737  -27.210
  471957.26  5887823.78   2.880803   0.000234   0.002744  -27.171
  471955.94  5887826.34   2.884798   0.000234   0.002750  -27.133
  471954.63  5887828.91   2.888778   0.000234   0.002757  -27.094
  471953.31  5887831.49   2.892745   0.000233   0.002763  -27.055
  471952.00  5887834.06   2.896697   0.000233   0.002770  -27.017
  471950.68  5887836.65   2.900636   0.000233   0.002776  -26.978
  471949.37  5887839.24   2.904561   0.000233   0.002783  -26.939
  471948.05  5887841.83   2.908471   0.000233   0.002789  -26.900
  471946.74  5887844.42   2.912368   0.000233   0.002796  -26.862
  471945.42  5887847.02   2.916250   0.000233   0.002803  -26.823
  471944.11  5887849.63   2.920119   0.000233   0.002809  -26.784
  471942.79  5887852.24   2.923974   0.000233   0.002816  -26.745
  471941.48  5887854.85   2.927815   0.000233   0.002823  -26.706
  471940.16  5887857.47   2.931641   0.000233   0.002830  -26.667
  471938.85  5887860.09   2.935454   0.000233   0.002836  -26.628
  471937.53  5887862.72   2.939253   0.000233   0.002843  -26.588
  471936.22  5887865.35   2.943038   0.000233   0.002850  -26.549
  471934.90  5887867.99   2.946810   0.000233   0.002857  -26.510
  471933.59  5887870.63   2.950567   0.000233   0.002864  -26.471
  471932.28  5887873.27   2.954310   0.000233   0.002871  -26.431
  471930.96  5887875.92   2.958040   0.000233   0.002878  -26.392
  471929.65  5887878.57   2.961756   0.000233   0.002885  -26.353
  471928.33  5887881.23   2.965458   0.000233   0.002892  -26.313
  471927.02  5887883.89   2.969146   0.000232   0.002899  -26.274
  471925.71  5887886.55   2.972820   0.000232   0.002906  -26.234
  471924.39  5887889.22   2.976481   0.000232   0.002913  -26.195
  471923.08  5887891.90   2.980127   0.000232   0.002920  -26.155
  471921.77  5887894.57   2.983760   0.000232   0.002927  -26.115
  471920.46  5887897.25   2.987379   0.000232   0.002934  -26.075
  471919.14  5887899.94   2.990984   0.000232   0.002941  -26.036
  471917.83  5887902.63   2.994576   0.000232   0.002948  -25.996
  471916.52  5887905.32   2.998154   0.000232   0.002955  -25.956
  471915.21  5887908.02   3.001718   0.000233   0.002963  -25.916
  471913.90  5887910.72   3.005268   0.000233   0.002970  -25.876
  471912.59  5887913.43   3.008805   0.000233   0.002977  -25.836
  471911.28  5887916.14   3.012328   0.000233   0.002984  -25.796
  471909.97  5887918.86   3.015837   0.000233   0.002992  -25.756
  471908.66  5887921.58   3.019333   0.000233   0.002999  -25.716
  471907.35  5887924.30   3.022814   0.000233   0.003007  -25.675
  471906.04  5887927.02   3.026283   0.000233   0.003014  -25.635
  471904.73  5887929.76   3.029737   0.000233   0.003021  -25.595
  471903.43  5887932.49   3.033178   0.000233   0.003029  -25.554
  471902.12  5887935.23   3.036606   0.000233   0.003036  -25.514
  471900.81  5887937.97   3.040019   0.000233   0.003044  -25.473
  471899.51  5887940.72   3.043419   0.000233   0.003051  -25.433
  471898.20  5887943.47   3.046806   0.000233   0.003059  -25.392
  471896.89  5887946.23   3.050179   0.000233   0.003066  -25.351
  471895.59  5887948.98   3.053538   0.000233   0.003074  -25.311
  471894.29  5887951.75   3.056884   0.000233   0.003082  -25.270
  471892.98  5887954.51   3.060216   0.000233   0.003089  -25.229
  471891.68  5887957.28   3.063535   0.000233   0.003097  -25.188
  471890.38  5887960.06   3.066840   0.000233   0.003104  -25.147
  471889.07  5887962.84   3.070131   0.000233   0.003112  -25.106
  471887.77  5887965.62   3.073410   0.000234   0.003120  -25.065
  471886.47  5887968.41   3.076674   0.000234   0.003128  -25.024
  471885.17  5887971.20   3.079925   0.000234   0.003135  -24.983
  471883.87  5887973.99   3.083163   0.000234   0.003143  -24.942
  471882.57  5887976.79   3.086387   0.000234   0.003151  -24.900
  471881.28  5887979.59   3.089598   0.000234   0.003159  -24.859
  471879.98  5887982.40   3.092796   0.000234   0.003167  -24.818
  471878.68  5887985.21   3.095980   0.000234   0.003175  -24.776
  471877.39  5887988.02   3.099150   0.000234   0.003183  -24.734
  471876.09  5887990.84   3.102307   0.000234   0.003191  -24.693
  471874.80  5887993.66   3.105451   0.000235   0.003199  -24.651
  471873.50  5887996.48   3.108582   0.000235   0.003207  -24.609
  471872.21  5887999.31   3.111699   0.000235   0.003215  -24.568
  471870.92  5888002.14   3.114802   0.000235   0.003225  -24.526
  471869.62  5888004.98   3.117892   0.000235   0.003236  -24.484
  471868.33  5888007.82   3.120969   0.000235   0.003239  -24.442
  471867.04  5888010.66   3.124033   0.000234   0.003236  -24.400
  471865.76  5888013.51   3.127085   0.000234   0.003233  -24.358
  471864.47  5888016.36   3.130125   0.000233   0.003230  -24.316
  471863.18  5888019.22   3.133152   0.000232   0.003227  -24.274
  471861.89  5888022.08   3.136167   0.000232   0.003224  -24.232
  471860.61  5888024.94   3.139170   0.000231   0.003221  -24.191
  471859.32  5888027.80   3.142161   0.000230   0.003218  -24.149
  471858.04  5888030.67   3.145139   0.000230   0.003215  -24.108
  471856.76  5888033.55   3.148106   0.000229   0.003212  -24.066
  471855.47  5888036.42   3.151059   0.000229   0.003210  -24.025
  471854.19  5888039.30   3.154001   0.000228   0.003207  -23.984
  471852.91  5888042.19   3.156930   0.000227   0.003204  -23.942
  471851.63  5888045.07   3.159847   0.000227   0.003202  -23.901
  471850.35  5888047.97   3.162752   0.000226   0.003199  -23.860
  471849.07  5888050.86   3.165644   0.000226   0.003196  -23.819
  471847.80  5888053.76   3.168524   0.000225   0.003194  -23.778
  471846.52  5888056.66   3.171392   0.000224   0.003191  -23.738
  471845.25  5888059.57   3.174247   0.000224   0.003189  -23.697
  471843.97  5888062.47   3.177090   0.000223   0.003186  -23.656
  471842.70  5888065.39   3.179920   0.000223   0.003184  -23.615
  471841.43  5888068.30   3.182739   0.000222   0.003181  -23.575
  471840.15  5888071.22   3.185545   0.000222   0.003179  -23.534
  471838.88  5888074.14   3.188338   0.000221   0.003177  -23.494
  471837.61  5888077.07   3.191120   0.000220   0.003174  -23.454
  471836.35  5888080.00   3.193889   0.000220   0.003172  -23.413
  471835.08  5888082.93   3.196645   0.000219   0.003170  -23.373
  471833.81  5888085.87   3.199389   0.000219   0.003167  -23.333
  471832.55  5888088.81   3.202121   0.000218   0.003165  -23.293
  471831.28  5888091.75   3.204841   0.000218   0.003163  -23.253
  471830.02  5888094.70   3.207548   0.000217   0.003161  -23.213
  471828.76  5888097.65   3.210243   0.000217   0.003159  -23.173
  471827.49  5888100.60   3.212925   0.000216   0.003157  -23.133
  471826.23  5888103.56   3.215595   0.000216   0.003155  -23.093
  471824.97  5888106.52   3.218253   0.000215   0.003153  -23.053
  471823.71  5888109.48   3.220898   0.000215   0.003151  -23.014
  471822.46  5888112.45   3.223531   0.000214   0.003149  -22.974
  471821.20  5888115.42   3.226151   0.000214   0.003148  -22.935
  471819.94  5888118.39   3.228758   0.000214   0.003148  -22.895
  471818.69  5888121.37   3.231351   0.000213   0.003143  -22.855
  471817.44  5888124.35   3.233937   0.000212   0.003135  -22.816
  471816.18  5888127.33   3.236513   0.000211   0.003127  -22.777
  471814.93  5888130.32   3.239081   0.000210   0.003120  -22.738
  471813.68  5888133.31   3.241641   0.000209   0.003112  -22.699
  471812.43  5888136.30   3.244192   0.000209   0.003104  -22.660
  471811.18  5888139.30   3.246735   0.000208   0.003096  -22.621
  471809.94  5888142.29   3.249269   0.000207   0.003089  -22.582
  471808.69  5888145.30   3.251794   0.000206   0.003081  -22.544
  471807.45  5888148.30   3.254311   0.000205   0.003073  -22.505
  471806.20  5888151.31   3.256819   0.000204   0.003066  -22.467
  471804.96  5888154.32   3.259319   0.000204   0.003058  -22.429
  471803.72  5888157.34   3.261810   0.000203   0.003051  -22.391
  471802.48  5888160.35   3.264293   0.000202   0.003043  -22.353
  471801.24  5888163.38   3.266766   0.000201   0.003036  -22.315
  471800.00  5888166.40   3.269231   0.000200   0.003028  -22.278
  471798.76  5888169.43   3.271688   0.000200   0.003021  -22.240
  471797.52  5888172.46   3.274136   0.000199   0.003013  -22.203
  471796.29  5888175.49   3.276575   0.000198   0.003006  -22.165
  471795.05  5888178.53   3.279005   0.000197   0.002999  -22.128
  471793.82  5888181.57   3.281427   0.000196   0.002991  -22.091
  471792.59  5888184.61   3.283840   0.000196   0.002984  -22.054
  471791.35  5888187.65   3.286244   0.000195   0.002977  -22.018
  471790.12  5888190.70   3.288640   0.000194   0.002969  -21.981
  471788.89  5888193.75   3.291026   0.000193   0.002962  -21.944
  471787.67  5888196.81   3.293404   0.000193   0.002955  -21.908
  471786.44  5888199.87   3.295774   0.000192   0.002948  -21.871
  471785.21  5888202.93   3.298134   0.000191   0.002941  -21.835
  471783.99  5888205.99   3.300486   0.000190   0.002933  -21.799
  471782.76  5888209.06   3.302829   0.000190   0.002926  -21.763
  471781.54  5888212.13   3.305163   0.000189   0.002919  -21.727
  471780.32  5888215.20   3.307488   0.000188   0.002912  -21.691
  471779.10  5888218.27   3.309805   0.000188   0.002905  -21.656
  471777.88  5888221.35   3.312112   0.000187   0.002898  -21.620
  471776.66  5888224.43   3.314411   0.000186   0.002891  -21.585
  471775.44  5888227.52   3.316701   0.000185   0.002884  -21.549
  471774.22  5888230.60   3.318982   0.000185   0.002877  -21.514
  471773.01  5888233.69   3.321254   0.000184   0.002870  -21.479
  471771.79  5888236.78   3.323518   0.000183   0.002863  -21.444
  471770.58  5888239.88   3.325772   0.000183   0.002856  -21.409
  471769.37  5888242.98   3.328018   0.000182   0.002849  -21.374
  471768.16  5888246.08   3.330255   0.000181   0.002843  -21.340
  471766.94  5888249.18   3.332482   0.000181   0.002836  -21.305
  471765.74  5888252.29   3.334701   0.000180   0.002829  -21.271
  471764.53  5888255.40   3.336911   0.000179   0.002822  -21.236
  471763.32  5888258.51   3.339112   0.000179   0.002815  -21.202
  471762.11  5888261.62   3.341304   0.000178   0.002809  -21.168
  471760.91  5888264.74   3.343487   0.000177   0.002802  -21.134
  471759.70  5888267.86   3.345662   0.000177   0.002795  -21.100
  471758.50  5888270.99   3.347827   0.000176   0.002789  -21.066
  471757.30  5888274.11   3.349983   0.000175   0.002782  -21.032
  471756.10  5888277.24   3.352130   0.000175   0.002775  -20.999
  471754.90  5888280.37   3.354268   0.000174   0.002769  -20.965
  471753.70  5888283.51   3.356398   0.000173   0.002762  -20.932
  471752.50  5888286.64   3.358518   0.000173   0.002755  -20.898
  471751.31  5888289.78   3.360629   0.000172   0.002749  -20.865
  471750.11  5888292.92   3.362731   0.000171   0.002742  -20.832
  471748.92  5888296.07   3.364824   0.000171   0.002736  -20.799
  471747.72  5888299.21   3.366908   0.000170   0.002729  -20.766
  471746.53  5888302.36   3.368983   0.000170   0.002723  -20.733
  471745.34  5888305.52   3.371049   0.000169   0.002716  -20.700
  471744.15  5888308.67   3.373106   0.000168   0.002710  -20.668
  471742.96  5888311.83   3.375154   0.000168   0.002704  -20.635
  471741.77  5888314.99   3.377193   0.000167   0.002697  -20.603
  471740.59  5888318.15   3.379223   0.000167   0.002691  -20.570
  471739.40  5888321.32   3.381243   0.000166   0.002684  -20.538
  471738.21  5888324.49   3.383255   0.000165   0.002678  -20.506
  471737.03  5888327.66   3.385257   0.000165   0.002672  -20.474
  471735.85  5888330.83   3.387250   0.000164   0.002666  -20.442
  471734.67  5888334.01   3.389234   0.000164   0.002659  -20.410
  471733.49  5888337.18   3.391209   0.000163   0.002653  -20.378
  471732.31  5888340.36   3.393175   0.000163   0.002647  -20.346
  471731.13  5888343.55   3.395132   0.000162   0.002641  -20.315
  471729.95  5888346.73   3.397079   0.000161   0.002634  -20.283
  471728.77  5888349.92   3.399017   0.000161   0.002628  -20.252
  471727.60  5888353.11   3.400947   0.000160   0.002622  -20.221
  471726.43  5888356.30   3.402867   0.000160   0.002616  -20.189
  471725.25  5888359.50   3.404777   0.000159   0.002610  -20.158
  471724.08  5888362.70   3.406679   0.000159   0.002604  -20.127
  471722.91  5888365.90   3.408571   0.000158   0.002598  -20.096
  471721.74  5888369.10   3.410455   0.000158   0.002592  -20.065
  471720.57  5888372.30   3.412329   0.000157   0.002586  -20.034
  471719.40  5888375.51   3.414193   0.000156   0.002580  -20.004
  471718.24  5888378.72   3.416049   0.000156   0.002574  -19.973
  471717.07  5888381.93   3.417895   0.000155   0.002568  -19.943
  471715.91  5888385.15   3.419732   0.000155   0.002562  -19.912
  471714.74  5888388.36   3.421560   0.000154   0.002556  -19.882
  471713.58  5888391.58   3.423379   0.000154   0.002550  -19.852
  471712.42  5888394.81   3.425188   0.000153   0.002544  -19.821
  471711.26  5888398.03   3.426988   0.000153   0.002538  -19.791
  471710.10  5888401.26   3.428779   0.000152   0.002532  -19.761
  471708.94  5888404.48   3.430560   0.000152   0.002526  -19.731
  471707.79  5888407.71   3.432333   0.000151   0.002520  -19.702
  471706.63  5888410.95   3.434096   0.000151   0.002515  -19.672
  471705.48  5888414.18   3.435849   0.000150   0.002509  -19.642
  471704.32  5888417.42   3.437593   0.000150   0.002503  -19.613
  471703.17  5888420.66   3.439328   0.000149   0.002497  -19.583
  471702.02  5888423.90   3.441054   0.000149   0.002491  -19.554
  471700.87  5888427.14   3.442771   0.000148   0.002486  -19.524
  471699.72  5888430.39   3.444478   0.000148   0.002480  -19.495
  471698.57  5888433.64   3.446175   0.000147   0.002474  -19.466
  471697.42  5888436.89   3.447864   0.000147   0.002469  -19.437
  471696.28  5888440.14   3.449543   0.000146   0.002463  -19.408
  471695.13  5888443.40   3.451212   0.000146   0.002457  -19.379
  471693.99  5888446.65   3.452872   0.000145   0.002452  -19.350
  471692.85  5888449.91   3.454523   0.000145   0.002446  -19.321
  471691.71  5888453.17   3.456165   0.000144   0.002441  -19.293
  471690.56  5888456.44   3.457797   0.000144   0.002438  -19.264
  471689.43  5888459.70   3.459421   0.000144   0.002436  -19.235
  471688.29  5888462.97   3.461036   0.000143   0.002424  -19.207
  471687.15  5888466.24   3.462639   0.000142   0.002405  -19.178
  471686.01  5888469.51   3.464228   0.000141   0.002386  -19.150
  471684.88  5888472.79   3.465805   0.000139   0.002367  -19.122
  471683.74  5888476.06   3.467369   0.000138   0.002349  -19.095
  471682.61  5888479.34   3.468921   0.000137   0.002330  -19.067
  471681.48  5888482.62   3.470459   0.000136   0.002311  -19.040
  471680.35  5888485.90   3.471985   0.000134   0.002293  -19.013
  471679.22  5888489.19   3.473497   0.000133   0.002274  -18.986
  471678.09  5888492.47   3.474997   0.000132   0.002255  -18.960
  471676.96  5888495.76   3.476484   0.000131   0.002237  -18.934
  471675.84  5888499.05   3.477958   0.000130   0.002218  -18.907
  471674.71  5888502.34   3.479419   0.000128   0.002200  -18.882
  471673.59  5888505.63   3.480868   0.000127   0.002181  -18.856
  471672.46  5888508.93   3.482303   0.000126   0.002163  -18.831
  471671.34  5888512.23   3.483725   0.000125   0.002144  -18.805
  471670.22  5888515.53   3.485134   0.000124   0.002126  -18.781
  471669.10  5888518.83   3.486531   0.000123   0.002107  -18.756
  471667.98  5888522.13   3.487914   0.000121   0.002089  -18.731
  471666.86  5888525.43   3.489284   0.000120   0.002071  -18.707
  471665.74  5888528.74   3.490641   0.000119   0.002052  -18.683
  471664.62  5888532.05   3.491985   0.000118   0.002034  -18.659
  471663.51  5888535.36   3.493316   0.000117   0.002016  -18.636
  471662.39  5888538.67   3.494634   0.000116   0.001997  -18.612
  471661.28  5888541.98   3.495939   0.000115   0.001979  -18.589
  471660.16  5888545.29   3.497230   0.000113   0.001961  -18.566
  471659.05  5888548.61   3.498509   0.000112   0.001943  -18.543
  471657.94  5888551.93   3.499774   0.000111   0.001925  -18.521
  471656.83  5888555.25   3.501026   0.000110   0.001906  -18.499
  471655.72  5888558.57   3.502265   0.000109   0.001888  -18.477
  471654.61  5888561.89   3.503490   0.000108   0.001870  -18.455
  471653.50  5888565.22   3.504703   0.000107   0.001852  -18.433
  471652.40  5888568.54   3.505902   0.000106   0.001834  -18.412
  471651.29  5888571.87   3.507088   0.000104   0.001816  -18.391
  471650.18  5888575.20   3.508261   0.000103   0.001798  -18.370
  471649.08  5888578.53   3.509420   0.000102   0.001780  -18.349
  471647.98  5888581.86   3.510566   0.000101   0.001762  -18.328
  471646.87  5888585.19   3.511699   0.000100   0.001744  -18.308
  471645.77  5888588.53   3.512818   0.000099   0.001726  -18.288
  471644.67  5888591.87   3.513924   0.000098   0.001708  -18.268
  471643.57  5888595.20   3.515017   0.000097   0.001690  -18.248
  471642.47  5888598.54   3.516096   0.000096   0.001672  -18.229
  471641.37  5888601.88   3.517162   0.000095   0.001654  -18.209
  471640.27  5888605.23   3.518215   0.000093   0.001636  -18.190
  471639.17  5888608.57   3.519254   0.000092   0.001618  -18.172
  471638.08  5888611.91   3.520280   0.000091   0.001601  -18.153
  471636.98  5888615.26   3.521292   0.000090   0.001583  -18.134
  471635.89  5888618.61   3.522291   0.000089   0.001565  -18.116
  471634.79  5888621.95   3.523276   0.000088   0.001547  -18.098
  471633.70  5888625.30   3.524248   0.000087   0.001529  -18.080
  471632.61  5888628.66   3.525206   0.000086   0.001512  -18.063
  471631.51  5888632.01   3.526151   0.000085   0.001494  -18.046
  471630.42  5888635.36   3.527083   0.000084   0.001476  -18.028
  471629.33  5888638.72   3.528001   0.000083   0.001459  -18.011
  471628.24  5888642.07   3.528905   0.000082   0.001441  -17.995
  471627.15  5888645.43   3.529796   0.000081   0.001423  -17.978
  471626.06  5888648.79   3.530673   0.000080   0.001406  -17.962
  471624.98  5888652.15   3.531537   0.000079   0.001388  -17.946
  471623.89  5888655.51   3.532387   0.000078   0.001370  -17.930
  471622.80  5888658.87   3.533224   0.000077   0.001353  -17.914
  471621.72  5888662.23   3.534047   0.000076   0.001335  -17.898
  471620.63  5888665.59   3.534857   0.000075   0.001318  -17.883
  471619.55  5888668.96   3.535653   0.000074   0.001300  -17.868
  471618.46  5888672.33   3.536435   0.000073   0.001282  -17.853
  471617.38  5888675.69   3.537203   0.000071   0.001265  -17.838
  471616.30  5888679.06   3.537958   0.000070   0.001247  -17.824
  471615.21  5888682.43   3.538700   0.000069   0.001230  -17.810
  471614.13  5888685.80   3.539427   0.000068   0.001212  -17.796
  471613.05  5888689.17   3.540141   0.000067   0.001195  -17.782
  471611.97  5888692.54   3.540842   0.000066   0.001177  -17.768
  471610.89  5888695.91   3.541528   0.000065   0.001160  -17.755
  471609.81  5888699.29   3.542201   0.000064   0.001143  -17.741
  471608.73  5888702.66   3.542861   0.000063   0.001125  -17.728
  471607.65  5888706.04   3.543506   0.000062   0.001108  -17.715
  471606.58  5888709.41   3.544138   0.000061   0.001090  -17.703
  471605.50  5888712.79   3.544756   0.000060   0.001073  -17.690
  471604.42  5888716.17   3.545361   0.000059   0.001056  -17.678
  471603.35  5888719.54   3.545951   0.000058   0.001038  -17.666
  471602.27  5888722.92   3.546528   0.000057   0.001021  -17.654
  471601.20  5888726.30   3.547091   0.000056   0.001003  -17.642
  471600.12  5888729.68   3.547641   0.000055   0.000986  -17.631
  471599.05  5888733.07   3.548176   0.000054   0.000969  -17.620
  471597.97  5888736.45   3.548698   0.000053   0.000951  -17.609
  471596.90  5888739.83   3.549206   0.000052   0.000934  -17.598
  471595.83  5888743.22   3.549701   0.000051   0.000917  -17.587
  471594.76  5888746.60   3.550181   0.000050   0.000900  -17.577
  471593.69  5888749.98   3.550648   0.000049   0.000882  -17.566
  471592.61  5888753.37   3.551101   0.000049   0.000865  -17.556
  471591.54  5888756.76   3.551540   0.000048   0.000848  -17.546
  471590.47  5888760.14   3.551965   0.000047   0.000831  -17.537
  471589.40  5888763.53   3.552376   0.000046   0.000813  -17.527
  471588.33  5888766.92   3.552774   0.000045   0.000796  -17.518
  471587.27  5888770.31   3.553158   0.000044   0.000779  -17.509
  471586.20  5888773.69   3.553528   0.000043   0.000762  -17.500
  471585.13  5888777.08   3.553884   0.000042   0.000744  -17.491
  471584.06  5888780.47   3.554226   0.000041   0.000727  -17.483
  471582.99  5888783.86   3.554554   0.000040   0.000710  -17.475
  471581.93  5888787.26   3.554869   0.000039   0.000693  -17.467
  471580.86  5888790.65   3.555169   0.000038   0.000676  -17.459
  471579.79  5888794.04   3.555456   0.000037   0.000658  -17.451
  471578.73  5888797.43   3.555729   0.000036   0.000641  -17.443
  471577.66  5888800.82   3.555988   0.000035   0.000624  -17.436
  471576.60  5888804.22   3.556233   0.000034   0.000607  -17.429
  471575.53  5888807.61   3.556464   0.000033   0.000590  -17.422
  471574.47  5888811.00   3.556681   0.000032   0.000573  -17.415
  471573.40  5888814.40   3.556884   0.000031   0.000556  -17.409
  471572.34  5888817.79   3.557074   0.000030   0.000538  -17.403
  471571.28  5888821.18   3.557249   0.000029   0.000521  -17.396
  471570.21  5888824.58   3.557411   0.000028   0.000504  -17.390
  471569.15  5888827.97   3.557559   0.000027   0.000487  -17.385
  471568.09  5888831.37   3.557692   0.000026   0.000470  -17.379
  471567.03  5888834.77   3.557812   0.000025   0.000453  -17.374
  471565.96  5888838.16   3.557918   0.000024   0.000436  -17.369
  471564.90  5888841.56   3.558010   0.000023   0.000419  -17.364
  471563.84  5888844.95   3.558088   0.000022   0.000401  -17.359
  471562.78  5888848.35   3.558152   0.000021   0.000384  -17.354
  471561.72  5888851.74   3.558202   0.000021   0.000367  -17.350
  471560.66  5888855.14   3.558239   0.000020   0.000350  -17.346
  471559.60  5888858.54   3.558261   0.000019   0.000333  -17.342
  471558.54  5888861.93   3.558269   0.000018   0.000316  -17.338
  471557.48  5888865.33   3.558263   0.000017   0.000299  -17.334
  471556.42  5888868.73   3.558244   0.000016   0.000282  -17.331
  471555.36  5888872.12   3.558210   0.000015   0.000265  -17.328
  471554.30  5888875.52   3.558163   0.000014   0.000248  -17.325
  471553.24  5888878.92   3.558101   0.000013   0.000231  -17.322
  471552.18  5888882.31   3.558026   0.000012   0.000214  -17.319
  471551.12  5888885.71   3.557936   0.000011   0.000196  -17.317
  471550.06  5888889.11   3.557833   0.000010   0.000179  -17.315
  471549.00  5888892.50   3.557716   0.000009   0.000162  -17.313
  471547.94  5888895.90   3.557584   0.000008   0.000145  -17.311
  471546.88  5888899.30   3.557439   0.000007   0.000128  -17.309
  471545.83  5888902.69   3.557280   0.000006   0.000111  -17.308
  471544.77  5888906.09   3.557107   0.000005   0.000094  -17.306
  471543.71  5888909.49   3.556920   0.000004   0.000073  -17.305
  471542.65  5888912.88   3.556709   0.000003   0.000052  -17.304
  471541.59  5888916.28   3.556485   0.000002   0.000043  -17.304
  471540.54  5888919.67   3.556265   0.000002   0.000042  -17.303
  471539.48  5888923.07   3.556050   0.000002   0.000041  -17.303
  471538.42  5888926.46   3.555839   0.000002   0.000040  -17.303
  471537.36  5888929.86   3.555633   0.000002   0.000039  -17.302
  471536.31  5888933.25   3.555431   0.000002   0.000038  -17.302
  471535.25  5888936.65   3.555234   0.000002   0.000038  -17.301
  471534.19  5888940.04   3.555041   0.000002   0.000037  -17.301
  471533.13  5888943.44   3.554853   0.000002   0.000036  -17.300
  471532.08  5888946.83   3.554669   0.000002   0.000035  -17.300
  471531.02  5888950.22   3.554490   0.000002   0.000034  -17.300
  471529.96  5888953.62   3.554316   0.000002   0.000033  -17.299
  471528.91  5888957.01   3.554146   0.000002   0.000032  -17.299
  471527.85  5888960.40   3.553980   0.000002   0.000032  -17.298
  471526.79  5888963.80   3.553819   0.000002   0.000031  -17.298
  471525.74  5888967.19   3.553663   0.000002   0.000030  -17.298
  471524.68  5888970.58   3.553511   0.000002   0.000029  -17.297
  471523.62  5888973.98   3.553364   0.000002   0.000028  -17.297
  471522.57  5888977.37   3.553221   0.000002   0.000027  -17.297
  471521.51  5888980.76   3.553083   0.000001   0.000026  -17.296
  471520.45  5888984.15   3.552949   0.000001   0.000025  -17.296
  471519.40  5888987.55   3.552820   0.000001   0.000025  -17.296
  471518.34  5888990.94   3.552695   0.000001   0.000024  -17.296
  471517.28  5888994.33   3.552575   0.000001   0.000023  -17.295
  471516.23  5888997.72   3.552459   0.000001   0.000022  -17.295
  471515.17  5889001.11   3.552348   0.000001   0.000021  -17.295
  471514.12  5889004.50   3.552242   0.000001   0.000020  -17.295
  471513.06  5889007.90   3.552140   0.000001   0.000019  -17.294
  471512.00  5889011.29   3.552042   0.000001   0.000018  -17.294
  471510.95  5889014.68   3.551950   0.000001   0.000018  -17.294
  471509.89  5889018.07   3.551861   0.000001   0.000017  -17.294
  471508.84  5889021.46   3.551777   0.000001   0.000016  -17.293
  471507.78  5889024.85   3.551698   0.000001   0.000015  -17.293
  471506.73  5889028.24   3.551623   0.000001   0.000014  -17.293
  471505.67  5889031.64   3.551553   0.000001   0.000013  -17.293
  471504.61  5889035.03   3.551487   0.000001   0.000012  -17.293
  471503.56  5889038.42   3.551426   0.000001   0.000011  -17.293
  471502.50  5889041.81   3.551369   0.000001   0.000011  -17.293
  471501.45  5889045.20   3.551317   0.000001   0.000010  -17.292
  471500.39  5889048.59   3.551270   0.000000   0.000009  -17.292
  471499.34  5889051.98   3.551227   0.000000   0.000008  -17.292
  471498.28  5889055.37   3.551188   0.000000   0.000007  -17.292
  471497.22  5889058.76   3.551154   0.000000   0.000006  -17.292
  471496.17  5889062.15   3.551125   0.000000   0.000005  -17.292
  471495.11  5889065.54   3.551100   0.000000   0.000004  -17.292
  471494.06  5889068.93   3.551079   0.000000   0.000004  -17.292
  471493.00  5889072.32   3.551063   0.000000   0.000003  -17.292
  471491.95  5889075.71   3.551052   0.000000   0.000002  -17.292
  471490.89  5889079.11   3.551047   0.000000   0.000001  -17.292
