  470141.00  5890483.50   0.192327   0.000043   0.000002    0.000
  470141.08  5890483.67   0.193791   0.000083   0.000004   26.443
  470141.17  5890483.85   0.196718   0.000160   0.000009   26.444
  470141.26  5890484.02   0.199643   0.000231   0.000013   26.446
  470141.35  5890484.20   0.202565   0.000297   0.000017   26.448
  470141.44  5890484.39   0.205486   0.000359   0.000021   26.452
  470141.53  5890484.57   0.208404   0.000416   0.000026   26.456
  470141.63  5890484.76   0.211320   0.000468   0.000030   26.461
  470141.72  5890484.95   0.214235   0.000518   0.000034   26.467
  470141.82  5890485.14   0.217147   0.000563   0.000038   26.473
  470141.91  5890485.34   0.220056   0.000606   0.000041   26.480
  470142.01  5890485.54   0.222964   0.000645   0.000045   26.488
  470142.11  5890485.74   0.225870   0.000682   0.000049   26.496
  470142.21  5890485.94   0.228773   0.000716   0.000053   26.505
  470142.32  5890486.15   0.231675   0.000747   0.000057   26.514
  470142.42  5890486.36   0.234574   0.000777   0.000060   26.524
  470142.53  5890486.57   0.237471   0.000804   0.000064   26.534
  470142.63  5890486.78   0.240366   0.000829   0.000068   26.545
  470142.74  5890487.00   0.243259   0.000853   0.000071   26.557
  470142.85  5890487.22   0.246150   0.000875   0.000075   26.569
  470142.96  5890487.44   0.249038   0.000895   0.000079   26.581
  470143.07  5890487.66   0.251925   0.000914   0.000082   26.594
  470143.19  5890487.89   0.254809   0.000931   0.000086   26.607
  470143.30  5890488.12   0.257692   0.000948   0.000089   26.620
  470143.42  5890488.35   0.260572   0.000963   0.000092   26.634
  470143.54  5890488.58   0.263450   0.000977   0.000096   26.649
  470143.65  5890488.82   0.266326   0.000989   0.000099   26.664
  470143.77  5890489.06   0.269200   0.001001   0.000103   26.679
  470143.90  5890489.30   0.272072   0.001012   0.000106   26.694
  470144.02  5890489.54   0.274941   0.001022   0.000109   26.710
  470144.14  5890489.79   0.277809   0.001032   0.000113   26.726
  470144.27  5890490.04   0.280674   0.001040   0.000116   26.742
  470144.40  5890490.29   0.283538   0.001048   0.000119   26.759
  470144.52  5890490.55   0.286399   0.001055   0.000122   26.776
  470144.65  5890490.80   0.289259   0.001061   0.000126   26.793
  470144.79  5890491.06   0.292116   0.001067   0.000129   26.811
  470144.92  5890491.33   0.294971   0.001073   0.000132   26.829
  470145.05  5890491.59   0.297824   0.001078   0.000135   26.847
  470145.19  5890491.86   0.300675   0.001082   0.000138   26.865
  470145.32  5890492.13   0.303524   0.001086   0.000141   26.884
  470145.46  5890492.40   0.306370   0.001089   0.000145   26.903
  470145.60  5890492.67   0.309215   0.001092   0.000148   26.922
  470145.74  5890492.95   0.312058   0.001095   0.000151   26.941
  470145.88  5890493.23   0.314898   0.001098   0.000154   26.961
  470146.03  5890493.51   0.317737   0.001100   0.000157   26.981
  470146.17  5890493.80   0.320573   0.001101   0.000160   27.001
  470146.32  5890494.08   0.323408   0.001103   0.000163   27.021
  470146.47  5890494.37   0.326240   0.001104   0.000166   27.042
  470146.62  5890494.66   0.329070   0.001105   0.000169   27.062
  470146.77  5890494.96   0.331899   0.001105   0.000172   27.083
  470146.92  5890495.25   0.334725   0.001105   0.000175   27.104
  470147.07  5890495.55   0.337549   0.001106   0.000178   27.125
  470147.23  5890495.86   0.340371   0.001106   0.000181   27.147
  470147.38  5890496.16   0.343191   0.001105   0.000184   27.168
  470147.54  5890496.47   0.346009   0.001105   0.000187   27.190
  470147.70  5890496.77   0.348825   0.001104   0.000190   27.212
  470147.86  5890497.09   0.351639   0.001103   0.000193   27.234
  470148.02  5890497.40   0.354451   0.001103   0.000196   27.256
  470148.18  5890497.72   0.357261   0.001101   0.000199   27.278
  470148.35  5890498.03   0.360068   0.001100   0.000202   27.301
  470148.51  5890498.36   0.362874   0.001099   0.000205   27.324
  470148.68  5890498.68   0.365678   0.001097   0.000208   27.347
  470148.85  5890499.01   0.368480   0.001096   0.000210   27.370
  470149.02  5890499.33   0.371279   0.001094   0.000213   27.393
  470149.19  5890499.66   0.374077   0.001093   0.000216   27.416
  470149.36  5890500.00   0.376873   0.001091   0.000219   27.439
  470149.54  5890500.33   0.379667   0.001089   0.000222   27.463
  470149.71  5890500.67   0.382458   0.001087   0.000225   27.487
  470149.89  5890501.01   0.385248   0.001085   0.000228   27.510
  470150.07  5890501.36   0.388036   0.001082   0.000230   27.534
  470150.25  5890501.70   0.390821   0.001080   0.000233   27.558
  470150.43  5890502.05   0.393605   0.001078   0.000236   27.583
  470150.62  5890502.40   0.396387   0.001076   0.000239   27.607
  470150.80  5890502.75   0.399166   0.001073   0.000242   27.631
  470150.99  5890503.11   0.401944   0.001071   0.000245   27.656
  470151.17  5890503.46   0.404720   0.001068   0.000247   27.681
  470151.36  5890503.82   0.407493   0.001066   0.000250   27.705
  470151.55  5890504.18   0.410265   0.001063   0.000253   27.730
  470151.74  5890504.55   0.413035   0.001060   0.000256   27.755
  470151.94  5890504.91   0.415803   0.001058   0.000259   27.780
  470152.13  5890505.28   0.418568   0.001055   0.000261   27.805
  470152.33  5890505.66   0.421332   0.001052   0.000264   27.831
  470152.53  5890506.03   0.424094   0.001050   0.000267   27.856
  470152.72  5890506.40   0.426854   0.001047   0.000270   27.882
  470152.92  5890506.78   0.429612   0.001044   0.000273   27.907
  470153.13  5890507.16   0.432368   0.001041   0.000275   27.933
  470153.33  5890507.55   0.435122   0.001038   0.000278   27.959
  470153.53  5890507.93   0.437874   0.001036   0.000281   27.985
  470153.74  5890508.32   0.440624   0.001033   0.000284   28.011
  470153.95  5890508.71   0.443372   0.001030   0.000286   28.037
  470154.16  5890509.10   0.446118   0.001027   0.000289   28.063
  470154.37  5890509.50   0.448862   0.001024   0.000292   28.089
  470154.58  5890509.90   0.451605   0.001021   0.000295   28.115
  470154.79  5890510.29   0.454345   0.001018   0.000297   28.142
  470155.01  5890510.70   0.457083   0.001015   0.000300   28.168
  470155.23  5890511.10   0.459820   0.001012   0.000303   28.195
  470155.44  5890511.51   0.462554   0.001010   0.000305   28.222
  470155.66  5890511.92   0.465287   0.001007   0.000308   28.248
  470155.88  5890512.33   0.468017   0.001004   0.000311   28.275
  470156.11  5890512.74   0.470746   0.001001   0.000314   28.302
  470156.33  5890513.16   0.473473   0.000998   0.000316   28.329
  470156.56  5890513.57   0.476198   0.000995   0.000319   28.356
  470156.78  5890513.99   0.478921   0.000992   0.000322   28.383
  470157.01  5890514.42   0.481642   0.000989   0.000324   28.411
  470157.24  5890514.84   0.484361   0.000986   0.000327   28.438
  470157.47  5890515.27   0.487078   0.000983   0.000330   28.465
  470157.71  5890515.70   0.489794   0.000980   0.000333   28.493
  470157.94  5890516.13   0.492507   0.000977   0.000335   28.520
  470158.18  5890516.56   0.495219   0.000975   0.000338   28.548
  470158.41  5890517.00   0.497928   0.000972   0.000341   28.575
  470158.65  5890517.44   0.500636   0.000969   0.000343   28.603
  470158.89  5890517.88   0.503342   0.000966   0.000346   28.631
  470159.14  5890518.32   0.506046   0.000963   0.000349   28.659
  470159.38  5890518.76   0.508748   0.000960   0.000351   28.687
  470159.63  5890519.21   0.511448   0.000957   0.000354   28.715
  470159.87  5890519.66   0.514146   0.000955   0.000357   28.743
  470160.12  5890520.11   0.516843   0.000952   0.000360   28.771
  470160.37  5890520.57   0.519537   0.000949   0.000362   28.799
  470160.62  5890521.02   0.522230   0.000946   0.000365   28.827
  470160.87  5890521.48   0.524921   0.000943   0.000368   28.856
  470161.13  5890521.94   0.527610   0.000941   0.000370   28.884
  470161.38  5890522.41   0.530297   0.000938   0.000373   28.912
  470161.64  5890522.87   0.532982   0.000935   0.000376   28.941
  470161.90  5890523.34   0.535665   0.000932   0.000378   28.970
  470162.16  5890523.81   0.538347   0.000929   0.000381   28.998
  470162.42  5890524.28   0.541026   0.000927   0.000384   29.027
  470162.69  5890524.75   0.543704   0.000924   0.000386   29.056
  470162.95  5890525.23   0.546380   0.000921   0.000389   29.084
  470163.22  5890525.71   0.549054   0.000919   0.000392   29.113
  470163.48  5890526.19   0.551726   0.000916   0.000394   29.142
  470163.75  5890526.67   0.554397   0.000913   0.000397   29.171
  470164.03  5890527.16   0.557065   0.000911   0.000400   29.200
  470164.30  5890527.65   0.559732   0.000908   0.000402   29.229
  470164.57  5890528.14   0.562397   0.000905   0.000405   29.258
  470164.85  5890528.63   0.565060   0.000903   0.000408   29.287
  470165.13  5890529.12   0.567721   0.000900   0.000410   29.317
  470165.40  5890529.62   0.570381   0.000898   0.000413   29.346
  470165.68  5890530.12   0.573038   0.000895   0.000416   29.375
  470165.97  5890530.62   0.575694   0.000892   0.000418   29.405
  470166.25  5890531.12   0.578348   0.000890   0.000421   29.434
  470166.54  5890531.62   0.581000   0.000887   0.000424   29.464
  470166.82  5890532.13   0.583650   0.000885   0.000426   29.493
  470167.11  5890532.64   0.586299   0.000882   0.000429   29.523
  470167.40  5890533.15   0.588946   0.000880   0.000432   29.552
  470167.69  5890533.66   0.591591   0.000877   0.000434   29.582
  470167.98  5890534.18   0.594234   0.000875   0.000437   29.612
  470168.28  5890534.70   0.596875   0.000872   0.000440   29.642
  470168.57  5890535.22   0.599515   0.000870   0.000442   29.671
  470168.87  5890535.74   0.602153   0.000868   0.000445   29.701
  470169.17  5890536.26   0.604789   0.000865   0.000448   29.731
  470169.47  5890536.79   0.607423   0.000863   0.000450   29.761
  470169.78  5890537.32   0.610055   0.000860   0.000453   29.791
  470170.08  5890537.85   0.612686   0.000858   0.000456   29.821
  470170.38  5890538.38   0.615315   0.000856   0.000458   29.851
  470170.69  5890538.91   0.617942   0.000853   0.000461   29.882
  470171.00  5890539.45   0.620567   0.000851   0.000463   29.912
  470171.31  5890539.99   0.623191   0.000849   0.000466   29.942
  470171.62  5890540.53   0.625813   0.000846   0.000469   29.972
  470171.94  5890541.07   0.628433   0.000844   0.000471   30.003
  470172.25  5890541.62   0.631051   0.000842   0.000474   30.033
  470172.57  5890542.17   0.633668   0.000840   0.000477   30.064
  470172.89  5890542.72   0.636282   0.000837   0.000479   30.094
  470173.21  5890543.27   0.638896   0.000835   0.000482   30.125
  470173.53  5890543.82   0.641507   0.000833   0.000485   30.155
  470173.85  5890544.38   0.644116   0.000831   0.000487   30.186
  470174.18  5890544.93   0.646724   0.000828   0.000490   30.216
  470174.50  5890545.49   0.649330   0.000826   0.000493   30.247
  470174.83  5890546.06   0.651935   0.000824   0.000495   30.278
  470175.16  5890546.62   0.654537   0.000822   0.000498   30.309
  470175.49  5890547.19   0.657138   0.000820   0.000501   30.339
  470175.83  5890547.75   0.659738   0.000818   0.000503   30.370
  470176.16  5890548.32   0.662335   0.000816   0.000506   30.401
  470176.50  5890548.90   0.664931   0.000813   0.000509   30.432
  470176.83  5890549.47   0.667525   0.000811   0.000511   30.463
  470177.17  5890550.05   0.670117   0.000809   0.000514   30.494
  470177.51  5890550.62   0.672708   0.000807   0.000517   30.525
  470177.86  5890551.21   0.675297   0.000805   0.000519   30.556
  470178.20  5890551.79   0.677884   0.000803   0.000522   30.587
  470178.55  5890552.37   0.680470   0.000801   0.000525   30.619
  470178.89  5890552.96   0.683054   0.000799   0.000527   30.650
  470179.24  5890553.55   0.685636   0.000797   0.000530   30.681
  470179.59  5890554.14   0.688216   0.000795   0.000532   30.712
  470179.95  5890554.73   0.690795   0.000793   0.000535   30.744
  470180.30  5890555.33   0.693372   0.000791   0.000538   30.775
  470180.66  5890555.92   0.695948   0.000789   0.000540   30.807
  470181.01  5890556.52   0.698521   0.000787   0.000543   30.838
  470181.37  5890557.12   0.701093   0.000785   0.000546   30.870
  470181.73  5890557.72   0.703664   0.000783   0.000548   30.901
  470182.10  5890558.33   0.706233   0.000781   0.000551   30.933
  470182.46  5890558.94   0.708800   0.000779   0.000554   30.964
  470182.83  5890559.54   0.711365   0.000778   0.000556   30.996
  470183.19  5890560.15   0.713929   0.000776   0.000559   31.028
  470183.56  5890560.77   0.716491   0.000774   0.000562   31.059
  470183.93  5890561.38   0.719051   0.000772   0.000564   31.091
  470184.31  5890562.00   0.721610   0.000770   0.000567   31.123
  470184.68  5890562.62   0.724167   0.000768   0.000570   31.155
  470185.06  5890563.24   0.726723   0.000766   0.000572   31.187
  470185.43  5890563.86   0.729277   0.000765   0.000575   31.219
  470185.81  5890564.48   0.731829   0.000763   0.000578   31.251
  470186.19  5890565.11   0.734380   0.000761   0.000580   31.283
  470186.57  5890565.74   0.736929   0.000759   0.000583   31.315
  470186.96  5890566.37   0.739476   0.000757   0.000586   31.347
  470187.34  5890567.00   0.742022   0.000756   0.000588   31.379
  470187.73  5890567.64   0.744566   0.000754   0.000591   31.411
  470188.12  5890568.27   0.747108   0.000752   0.000594   31.443
  470188.51  5890568.91   0.749649   0.000750   0.000596   31.475
  470188.90  5890569.55   0.752189   0.000749   0.000599   31.507
  470189.30  5890570.19   0.754728   0.000747   0.000602   31.540
  470189.69  5890570.84   0.757263   0.000745   0.000604   31.572
  470190.09  5890571.48   0.759795   0.000744   0.000607   31.604
  470190.49  5890572.13   0.762324   0.000742   0.000610   31.637
  470190.89  5890572.78   0.764850   0.000741   0.000613   31.669
  470191.29  5890573.43   0.767372   0.000739   0.000616   31.702
  470191.70  5890574.09   0.769892   0.000738   0.000618   31.734
  470192.10  5890574.74   0.772408   0.000736   0.000621   31.767
  470192.51  5890575.40   0.774921   0.000735   0.000624   31.799
  470192.92  5890576.06   0.777431   0.000733   0.000627   31.832
  470193.33  5890576.72   0.779938   0.000732   0.000629   31.864
  470193.75  5890577.38   0.782441   0.000730   0.000632   31.897
  470194.16  5890578.05   0.784942   0.000729   0.000635   31.930
  470194.58  5890578.72   0.787439   0.000727   0.000638   31.963
  470194.99  5890579.39   0.789933   0.000726   0.000641   31.995
  470195.41  5890580.06   0.792424   0.000725   0.000643   32.028
  470195.83  5890580.73   0.794912   0.000723   0.000646   32.061
  470196.26  5890581.40   0.797397   0.000722   0.000649   32.094
  470196.68  5890582.08   0.799878   0.000720   0.000652   32.127
  470197.11  5890582.76   0.802357   0.000719   0.000655   32.160
  470197.54  5890583.44   0.804832   0.000718   0.000658   32.193
  470197.97  5890584.12   0.807304   0.000716   0.000660   32.226
  470198.40  5890584.80   0.809773   0.000715   0.000663   32.259
  470198.83  5890585.49   0.812239   0.000714   0.000666   32.293
  470199.27  5890586.18   0.814702   0.000713   0.000669   32.326
  470199.70  5890586.87   0.817162   0.000711   0.000672   32.359
  470200.14  5890587.56   0.819618   0.000710   0.000675   32.392
  470200.58  5890588.25   0.822072   0.000709   0.000677   32.426
  470201.02  5890588.94   0.824522   0.000707   0.000680   32.459
  470201.47  5890589.64   0.826970   0.000706   0.000683   32.493
  470201.91  5890590.34   0.829414   0.000705   0.000686   32.526
  470202.36  5890591.04   0.831855   0.000704   0.000689   32.560
  470202.81  5890591.74   0.834293   0.000703   0.000692   32.593
  470203.26  5890592.45   0.836728   0.000701   0.000694   32.627
  470203.71  5890593.15   0.839160   0.000700   0.000697   32.660
  470204.16  5890593.86   0.841589   0.000699   0.000700   32.694
  470204.62  5890594.57   0.844015   0.000698   0.000703   32.728
  470205.08  5890595.28   0.846438   0.000697   0.000706   32.761
  470205.54  5890595.99   0.848857   0.000696   0.000709   32.795
  470206.00  5890596.70   0.851274   0.000694   0.000712   32.829
  470206.46  5890597.42   0.853687   0.000693   0.000715   32.863
  470206.92  5890598.14   0.856098   0.000692   0.000717   32.897
  470207.39  5890598.86   0.858505   0.000691   0.000720   32.931
  470207.86  5890599.58   0.860910   0.000690   0.000723   32.965
  470208.33  5890600.30   0.863311   0.000689   0.000726   32.999
  470208.80  5890601.03   0.865709   0.000688   0.000729   33.033
  470209.27  5890601.75   0.868105   0.000687   0.000732   33.067
  470209.75  5890602.48   0.870497   0.000686   0.000735   33.101
  470210.22  5890603.21   0.872886   0.000685   0.000738   33.135
  470210.70  5890603.94   0.875272   0.000684   0.000741   33.170
  470211.18  5890604.68   0.877656   0.000682   0.000743   33.204
  470211.66  5890605.41   0.880036   0.000681   0.000746   33.238
  470212.15  5890606.15   0.882413   0.000680   0.000749   33.272
  470212.63  5890606.89   0.884787   0.000679   0.000752   33.307
  470213.12  5890607.63   0.887158   0.000678   0.000755   33.341
  470213.61  5890608.37   0.889526   0.000677   0.000758   33.376
  470214.10  5890609.11   0.891892   0.000677   0.000761   33.410
  470214.59  5890609.86   0.894254   0.000676   0.000765   33.445
  470215.08  5890610.60   0.896614   0.000674   0.000767   33.480
  470215.58  5890611.35   0.898969   0.000672   0.000768   33.514
  470216.08  5890612.10   0.901322   0.000670   0.000770   33.549
  470216.58  5890612.86   0.903670   0.000668   0.000771   33.583
  470217.08  5890613.61   0.906015   0.000666   0.000773   33.618
  470217.58  5890614.36   0.908357   0.000664   0.000774   33.653
  470218.09  5890615.12   0.910695   0.000662   0.000776   33.687
  470218.59  5890615.88   0.913029   0.000659   0.000777   33.722
  470219.10  5890616.64   0.915360   0.000657   0.000779   33.756
  470219.61  5890617.40   0.917687   0.000655   0.000781   33.791
  470220.12  5890618.16   0.920011   0.000653   0.000782   33.825
  470220.63  5890618.93   0.922331   0.000651   0.000784   33.860
  470221.15  5890619.70   0.924647   0.000649   0.000785   33.894
  470221.67  5890620.46   0.926960   0.000648   0.000787   33.928
  470222.18  5890621.23   0.929269   0.000646   0.000789   33.963
  470222.70  5890622.00   0.931575   0.000644   0.000790   33.997
  470223.23  5890622.78   0.933877   0.000642   0.000792   34.032
  470223.75  5890623.55   0.936175   0.000640   0.000793   34.066
  470224.28  5890624.33   0.938470   0.000638   0.000795   34.100
  470224.80  5890625.11   0.940762   0.000636   0.000797   34.135
  470225.33  5890625.89   0.943050   0.000635   0.000798   34.169
  470225.86  5890626.67   0.945334   0.000633   0.000800   34.203
  470226.39  5890627.45   0.947615   0.000631   0.000802   34.237
  470226.93  5890628.23   0.949892   0.000629   0.000803   34.272
  470227.47  5890629.02   0.952166   0.000628   0.000805   34.306
  470228.00  5890629.81   0.954436   0.000626   0.000807   34.340
  470228.54  5890630.59   0.956702   0.000624   0.000808   34.374
  470229.08  5890631.38   0.958965   0.000623   0.000810   34.409
  470229.63  5890632.18   0.961224   0.000621   0.000812   34.443
  470230.17  5890632.97   0.963480   0.000620   0.000813   34.477
  470230.72  5890633.76   0.965733   0.000618   0.000815   34.511
  470231.27  5890634.56   0.967982   0.000616   0.000817   34.545
  470231.82  5890635.36   0.970227   0.000615   0.000818   34.580
  470232.37  5890636.16   0.972469   0.000613   0.000820   34.614
  470232.92  5890636.96   0.974707   0.000612   0.000822   34.648
  470233.48  5890637.76   0.976941   0.000610   0.000824   34.682
  470234.03  5890638.57   0.979172   0.000609   0.000825   34.716
  470234.59  5890639.37   0.981400   0.000607   0.000827   34.750
  470235.15  5890640.18   0.983624   0.000606   0.000829   34.785
  470235.72  5890640.99   0.985845   0.000604   0.000831   34.819
  470236.28  5890641.80   0.988062   0.000603   0.000833   34.853
  470236.85  5890642.61   0.990275   0.000602   0.000834   34.887
  470237.41  5890643.42   0.992485   0.000600   0.000836   34.921
  470237.98  5890644.24   0.994692   0.000599   0.000838   34.955
  470238.55  5890645.05   0.996895   0.000597   0.000840   34.989
  470239.13  5890645.87   0.999094   0.000596   0.000841   35.024
  470239.70  5890646.69   1.001290   0.000595   0.000843   35.058
  470240.28  5890647.51   1.003483   0.000593   0.000845   35.092
  470240.85  5890648.33   1.005672   0.000592   0.000847   35.126
  470241.43  5890649.15   1.007857   0.000591   0.000849   35.160
  470242.02  5890649.98   1.010039   0.000590   0.000851   35.194
  470242.60  5890650.80   1.012218   0.000588   0.000852   35.228
  470243.18  5890651.63   1.014393   0.000587   0.000854   35.262
  470243.77  5890652.46   1.016564   0.000586   0.000856   35.297
  470244.36  5890653.29   1.018732   0.000585   0.000858   35.331
  470244.95  5890654.12   1.020897   0.000583   0.000860   35.365
  470245.54  5890654.95   1.023058   0.000582   0.000862   35.399
  470246.14  5890655.79   1.025215   0.000581   0.000864   35.433
  470246.73  5890656.62   1.027369   0.000580   0.000866   35.467
  470247.33  5890657.46   1.029520   0.000579   0.000867   35.501
  470247.93  5890658.30   1.031667   0.000578   0.000869   35.535
  470248.53  5890659.14   1.033811   0.000576   0.000871   35.570
  470249.13  5890659.98   1.035951   0.000575   0.000873   35.604
  470249.73  5890660.82   1.038088   0.000575   0.000877   35.638
  470250.34  5890661.67   1.040224   0.000575   0.000880   35.672
  470250.95  5890662.51   1.042356   0.000572   0.000879   35.706
  470251.56  5890663.36   1.044480   0.000567   0.000874   35.741
  470252.17  5890664.21   1.046595   0.000562   0.000870   35.774
  470252.78  5890665.06   1.048700   0.000556   0.000865   35.808
  470253.40  5890665.91   1.050797   0.000551   0.000861   35.842
  470254.01  5890666.76   1.052885   0.000546   0.000857   35.875
  470254.63  5890667.62   1.054964   0.000541   0.000852   35.908
  470255.25  5890668.47   1.057035   0.000537   0.000848   35.940
  470255.87  5890669.33   1.059096   0.000532   0.000844   35.973
  470256.50  5890670.18   1.061148   0.000527   0.000839   36.005
  470257.12  5890671.04   1.063192   0.000522   0.000835   36.037
  470257.75  5890671.90   1.065226   0.000518   0.000831   36.069
  470258.38  5890672.76   1.067251   0.000513   0.000827   36.101
  470259.01  5890673.63   1.069268   0.000509   0.000822   36.132
  470259.64  5890674.49   1.071276   0.000504   0.000818   36.163
  470260.27  5890675.36   1.073274   0.000500   0.000814   36.194
  470260.90  5890676.22   1.075264   0.000495   0.000810   36.225
  470261.54  5890677.09   1.077244   0.000491   0.000806   36.255
  470262.18  5890677.96   1.079216   0.000487   0.000802   36.286
  470262.82  5890678.83   1.081179   0.000483   0.000798   36.316
  470263.46  5890679.70   1.083132   0.000478   0.000794   36.346
  470264.10  5890680.58   1.085077   0.000474   0.000790   36.375
  470264.75  5890681.45   1.087013   0.000470   0.000786   36.405
  470265.39  5890682.32   1.088940   0.000466   0.000782   36.434
  470266.04  5890683.20   1.090857   0.000462   0.000778   36.463
  470266.69  5890684.08   1.092766   0.000458   0.000774   36.492
  470267.34  5890684.96   1.094666   0.000454   0.000770   36.521
  470267.99  5890685.84   1.096556   0.000451   0.000766   36.549
  470268.65  5890686.72   1.098438   0.000447   0.000762   36.578
  470269.30  5890687.60   1.100311   0.000443   0.000758   36.606
  470269.96  5890688.49   1.102174   0.000439   0.000755   36.634
  470270.62  5890689.37   1.104029   0.000436   0.000751   36.661
  470271.28  5890690.26   1.105874   0.000432   0.000747   36.689
  470271.94  5890691.14   1.107711   0.000428   0.000743   36.716
  470272.60  5890692.03   1.109538   0.000425   0.000740   36.744
  470273.27  5890692.92   1.111357   0.000421   0.000736   36.771
  470273.94  5890693.81   1.113166   0.000418   0.000732   36.797
  470274.60  5890694.70   1.114966   0.000414   0.000729   36.824
  470275.27  5890695.60   1.116758   0.000411   0.000725   36.851
  470275.94  5890696.49   1.118540   0.000408   0.000721   36.877
  470276.62  5890697.39   1.120313   0.000404   0.000718   36.903
  470277.29  5890698.28   1.122077   0.000401   0.000714   36.929
  470277.96  5890699.18   1.123832   0.000398   0.000711   36.955
  470278.64  5890700.08   1.125578   0.000395   0.000707   36.980
  470279.32  5890700.98   1.127314   0.000391   0.000704   37.006
  470280.00  5890701.88   1.129042   0.000388   0.000700   37.031
  470280.68  5890702.78   1.130761   0.000385   0.000697   37.056
  470281.36  5890703.68   1.132470   0.000382   0.000693   37.081
  470282.05  5890704.59   1.134171   0.000379   0.000690   37.106
  470282.73  5890705.49   1.135862   0.000376   0.000686   37.131
  470283.42  5890706.40   1.137544   0.000373   0.000683   37.155
  470284.10  5890707.31   1.139218   0.000370   0.000679   37.179
  470284.79  5890708.21   1.140882   0.000367   0.000676   37.204
  470285.49  5890709.12   1.142536   0.000364   0.000673   37.228
  470286.18  5890710.03   1.144182   0.000362   0.000669   37.251
  470286.87  5890710.94   1.145819   0.000359   0.000666   37.275
  470287.57  5890711.86   1.147447   0.000356   0.000663   37.299
  470288.26  5890712.77   1.149065   0.000353   0.000659   37.322
  470288.96  5890713.68   1.150674   0.000350   0.000656   37.345
  470289.66  5890714.60   1.152275   0.000348   0.000653   37.368
  470290.36  5890715.51   1.153866   0.000345   0.000650   37.391
  470291.06  5890716.43   1.155448   0.000342   0.000646   37.414
  470291.76  5890717.35   1.157020   0.000340   0.000643   37.437
  470292.47  5890718.27   1.158585   0.000337   0.000640   37.459
  470293.17  5890719.19   1.160140   0.000335   0.000637   37.482
  470293.88  5890720.11   1.161685   0.000332   0.000633   37.504
  470294.59  5890721.03   1.163219   0.000329   0.000629   37.526
  470295.30  5890721.95   1.164743   0.000326   0.000625   37.548
  470296.01  5890722.88   1.166256   0.000323   0.000621   37.570
  470296.72  5890723.80   1.167758   0.000320   0.000617   37.591
  470297.43  5890724.73   1.169250   0.000317   0.000613   37.613
  470298.15  5890725.65   1.170732   0.000314   0.000609   37.634
  470298.86  5890726.58   1.172203   0.000311   0.000605   37.655
  470299.58  5890727.51   1.173663   0.000309   0.000601   37.676
  470300.30  5890728.44   1.175113   0.000306   0.000597   37.697
  470301.02  5890729.37   1.176553   0.000303   0.000594   37.717
  470301.74  5890730.30   1.177981   0.000301   0.000590   37.738
  470302.46  5890731.23   1.179400   0.000298   0.000586   37.758
  470303.18  5890732.17   1.180807   0.000295   0.000582   37.778
  470303.91  5890733.10   1.182204   0.000293   0.000578   37.798
  470304.63  5890734.03   1.183591   0.000290   0.000575   37.818
  470305.36  5890734.97   1.184967   0.000287   0.000571   37.838
  470306.09  5890735.91   1.186332   0.000285   0.000567   37.857
  470306.81  5890736.84   1.187687   0.000282   0.000563   37.876
  470307.54  5890737.78   1.189031   0.000280   0.000560   37.896
  470308.28  5890738.72   1.190365   0.000277   0.000556   37.915
  470309.01  5890739.66   1.191688   0.000275   0.000552   37.934
  470309.74  5890740.60   1.193000   0.000273   0.000549   37.952
  470310.47  5890741.54   1.194302   0.000270   0.000545   37.971
  470311.21  5890742.48   1.195593   0.000268   0.000541   37.990
  470311.95  5890743.42   1.196874   0.000265   0.000538   38.008
  470312.68  5890744.37   1.198144   0.000263   0.000534   38.026
  470313.42  5890745.31   1.199404   0.000261   0.000531   38.044
  470314.16  5890746.26   1.200652   0.000259   0.000527   38.062
  470314.90  5890747.20   1.201891   0.000256   0.000523   38.080
  470315.65  5890748.15   1.203118   0.000254   0.000520   38.097
  470316.39  5890749.09   1.204335   0.000252   0.000516   38.115
  470317.13  5890750.04   1.205542   0.000250   0.000513   38.132
  470317.88  5890750.99   1.206738   0.000247   0.000509   38.150
  470318.62  5890751.94   1.207923   0.000245   0.000506   38.167
  470319.37  5890752.89   1.209098   0.000243   0.000502   38.184
  470320.12  5890753.84   1.210262   0.000241   0.000499   38.201
  470320.87  5890754.79   1.211415   0.000239   0.000496   38.217
  470321.62  5890755.74   1.212558   0.000237   0.000492   38.234
  470322.37  5890756.70   1.213690   0.000235   0.000489   38.250
  470323.12  5890757.65   1.214811   0.000232   0.000485   38.267
  470323.87  5890758.60   1.215922   0.000230   0.000482   38.283
  470324.63  5890759.56   1.217022   0.000228   0.000478   38.299
  470325.38  5890760.51   1.218112   0.000226   0.000475   38.315
  470326.14  5890761.47   1.219191   0.000224   0.000472   38.330
  470326.90  5890762.43   1.220259   0.000222   0.000468   38.346
  470327.65  5890763.38   1.221317   0.000220   0.000465   38.362
  470328.41  5890764.34   1.222364   0.000218   0.000462   38.377
  470329.17  5890765.30   1.223400   0.000217   0.000458   38.392
  470329.93  5890766.26   1.224426   0.000215   0.000455   38.408
  470330.69  5890767.22   1.225441   0.000213   0.000452   38.423
  470331.46  5890768.18   1.226446   0.000211   0.000448   38.438
  470332.22  5890769.14   1.227440   0.000209   0.000445   38.452
  470332.98  5890770.10   1.228423   0.000207   0.000442   38.467
  470333.75  5890771.06   1.229395   0.000205   0.000439   38.482
  470334.51  5890772.03   1.230357   0.000203   0.000435   38.496
  470335.28  5890772.99   1.231308   0.000202   0.000432   38.510
  470336.05  5890773.95   1.232249   0.000200   0.000429   38.525
  470336.81  5890774.92   1.233179   0.000198   0.000426   38.539
  470337.58  5890775.88   1.234098   0.000196   0.000422   38.553
  470338.35  5890776.85   1.235006   0.000194   0.000419   38.567
  470339.12  5890777.81   1.235904   0.000193   0.000416   38.580
  470339.89  5890778.78   1.236792   0.000191   0.000413   38.594
  470340.67  5890779.75   1.237668   0.000189   0.000410   38.608
  470341.44  5890780.71   1.238534   0.000187   0.000407   38.621
  470342.21  5890781.68   1.239389   0.000186   0.000403   38.634
  470342.99  5890782.65   1.240234   0.000184   0.000400   38.647
  470343.76  5890783.62   1.241067   0.000182   0.000397   38.661
  470344.54  5890784.59   1.241891   0.000181   0.000394   38.674
  470345.31  5890785.56   1.242703   0.000179   0.000391   38.686
  470346.09  5890786.53   1.243505   0.000177   0.000388   38.699
  470346.87  5890787.50   1.244296   0.000176   0.000385   38.712
  470347.65  5890788.47   1.245076   0.000174   0.000382   38.724
  470348.43  5890789.44   1.245846   0.000172   0.000379   38.737
  470349.21  5890790.41   1.246605   0.000171   0.000375   38.749
  470349.99  5890791.38   1.247354   0.000169   0.000372   38.761
  470350.77  5890792.36   1.248091   0.000168   0.000369   38.773
  470351.55  5890793.33   1.248818   0.000166   0.000366   38.785
  470352.33  5890794.30   1.249535   0.000165   0.000363   38.797
  470353.12  5890795.28   1.250240   0.000163   0.000360   38.809
  470353.90  5890796.25   1.250935   0.000161   0.000357   38.821
  470354.69  5890797.23   1.251619   0.000160   0.000354   38.832
  470355.47  5890798.20   1.252293   0.000158   0.000351   38.844
  470356.26  5890799.18   1.252956   0.000157   0.000348   38.855
  470357.04  5890800.15   1.253608   0.000155   0.000345   38.866
  470357.83  5890801.13   1.254249   0.000154   0.000342   38.877
  470358.62  5890802.11   1.254880   0.000152   0.000339   38.889
  470359.41  5890803.08   1.255500   0.000151   0.000336   38.899
  470360.20  5890804.06   1.256110   0.000149   0.000333   38.910
  470360.98  5890805.04   1.256708   0.000148   0.000330   38.921
  470361.77  5890806.02   1.257296   0.000146   0.000327   38.932
  470362.57  5890806.99   1.257873   0.000145   0.000325   38.942
  470363.36  5890807.97   1.258440   0.000144   0.000322   38.953
  470364.15  5890808.95   1.258996   0.000142   0.000319   38.963
  470364.94  5890809.93   1.259541   0.000141   0.000316   38.973
  470365.73  5890810.91   1.260075   0.000139   0.000313   38.983
  470366.53  5890811.89   1.260599   0.000138   0.000310   38.994
  470367.32  5890812.87   1.261112   0.000137   0.000307   39.004
  470368.11  5890813.85   1.261614   0.000135   0.000304   39.013
  470368.91  5890814.83   1.262105   0.000134   0.000301   39.023
  470369.70  5890815.81   1.262586   0.000132   0.000298   39.033
  470370.50  5890816.79   1.263056   0.000131   0.000296   39.042
  470371.29  5890817.77   1.263516   0.000130   0.000293   39.052
  470372.09  5890818.75   1.263964   0.000128   0.000290   39.061
  470372.89  5890819.73   1.264402   0.000127   0.000287   39.071
  470373.68  5890820.72   1.264829   0.000126   0.000284   39.080
  470374.48  5890821.70   1.265246   0.000124   0.000281   39.089
  470375.28  5890822.68   1.265651   0.000123   0.000278   39.098
  470376.08  5890823.66   1.266046   0.000122   0.000276   39.107
  470376.88  5890824.64   1.266431   0.000120   0.000273   39.116
  470377.68  5890825.63   1.266804   0.000119   0.000270   39.124
  470378.48  5890826.61   1.267167   0.000118   0.000267   39.133
  470379.28  5890827.59   1.267519   0.000116   0.000264   39.141
  470380.08  5890828.58   1.267861   0.000115   0.000262   39.150
  470380.88  5890829.56   1.268191   0.000114   0.000259   39.158
  470381.68  5890830.54   1.268511   0.000112   0.000256   39.167
  470382.48  5890831.53   1.268820   0.000111   0.000253   39.175
  470383.28  5890832.51   1.269119   0.000110   0.000250   39.183
  470384.08  5890833.49   1.269407   0.000108   0.000247   39.191
  470384.89  5890834.48   1.269683   0.000107   0.000244   39.199
  470385.69  5890835.46   1.269948   0.000106   0.000242   39.206
  470386.49  5890836.45   1.270204   0.000106   0.000242   39.214
  470387.29  5890837.43   1.270452   0.000106   0.000241   39.222
  470388.10  5890838.41   1.270690   0.000105   0.000241   39.230
  470388.90  5890839.40   1.270919   0.000105   0.000240   39.237
  470389.71  5890840.38   1.271139   0.000105   0.000240   39.245
  470390.51  5890841.37   1.271351   0.000105   0.000239   39.253
  470391.31  5890842.35   1.271553   0.000104   0.000239   39.260
  470392.12  5890843.34   1.271746   0.000104   0.000238   39.268
  470392.92  5890844.32   1.271930   0.000104   0.000238   39.275
  470393.73  5890845.30   1.272105   0.000104   0.000237   39.283
  470394.54  5890846.29   1.272271   0.000104   0.000237   39.291
  470395.34  5890847.27   1.272427   0.000103   0.000237   39.298
  470396.15  5890848.26   1.272575   0.000103   0.000236   39.306
  470396.95  5890849.24   1.272714   0.000103   0.000236   39.313
  470397.76  5890850.23   1.272844   0.000103   0.000235   39.321
  470398.57  5890851.21   1.272964   0.000102   0.000235   39.328
  470399.37  5890852.20   1.273076   0.000102   0.000234   39.336
  470400.18  5890853.18   1.273179   0.000102   0.000234   39.343
  470400.99  5890854.17   1.273272   0.000102   0.000234   39.350
  470401.80  5890855.15   1.273357   0.000102   0.000233   39.358
  470402.60  5890856.14   1.273432   0.000102   0.000233   39.365
  470403.41  5890857.12   1.273499   0.000101   0.000232   39.373
  470404.22  5890858.10   1.273554   0.000100   0.000230   39.380
  470405.03  5890859.09   1.273601   0.000101   0.000232   39.387
  470405.84  5890860.07   1.273642   0.000102   0.000234   39.395
  470406.64  5890861.06   1.273677   0.000103   0.000237   39.402
  470407.45  5890862.04   1.273706   0.000104   0.000240   39.410
  470408.26  5890863.02   1.273729   0.000106   0.000242   39.417
  470409.07  5890864.01   1.273746   0.000107   0.000245   39.425
  470409.88  5890864.99   1.273757   0.000108   0.000247   39.433
  470410.69  5890865.98   1.273762   0.000109   0.000250   39.441
  470411.50  5890866.96   1.273761   0.000110   0.000253   39.449
  470412.31  5890867.94   1.273754   0.000111   0.000255   39.457
  470413.12  5890868.93   1.273742   0.000112   0.000258   39.465
  470413.93  5890869.91   1.273723   0.000114   0.000261   39.473
  470414.74  5890870.89   1.273698   0.000115   0.000263   39.481
  470415.55  5890871.88   1.273668   0.000116   0.000266   39.490
  470416.36  5890872.86   1.273631   0.000117   0.000269   39.498
  470417.17  5890873.84   1.273589   0.000118   0.000271   39.507
  470417.98  5890874.82   1.273540   0.000119   0.000274   39.515
  470418.79  5890875.81   1.273486   0.000121   0.000277   39.524
  470419.60  5890876.79   1.273426   0.000122   0.000279   39.533
  470420.41  5890877.77   1.273360   0.000123   0.000282   39.542
  470421.22  5890878.75   1.273287   0.000124   0.000285   39.551
  470422.03  5890879.73   1.273209   0.000125   0.000287   39.560
  470422.84  5890880.72   1.273125   0.000127   0.000290   39.569
  470423.65  5890881.70   1.273035   0.000128   0.000293   39.578
  470424.46  5890882.68   1.272939   0.000129   0.000295   39.588
  470425.28  5890883.66   1.272837   0.000130   0.000298   39.597
  470426.09  5890884.64   1.272730   0.000131   0.000301   39.606
  470426.90  5890885.62   1.272616   0.000133   0.000304   39.616
  470427.71  5890886.60   1.272496   0.000134   0.000306   39.626
  470428.52  5890887.58   1.272371   0.000135   0.000309   39.635
  470429.33  5890888.56   1.272239   0.000136   0.000312   39.645
  470430.15  5890889.54   1.272102   0.000137   0.000314   39.655
  470430.96  5890890.52   1.271958   0.000139   0.000317   39.665
  470431.77  5890891.50   1.271809   0.000140   0.000320   39.675
  470432.58  5890892.48   1.271654   0.000141   0.000323   39.685
  470433.39  5890893.45   1.271493   0.000142   0.000325   39.696
  470434.21  5890894.43   1.271326   0.000144   0.000328   39.706
  470435.02  5890895.41   1.271153   0.000145   0.000331   39.717
  470435.83  5890896.39   1.270974   0.000146   0.000333   39.727
  470436.64  5890897.36   1.270789   0.000147   0.000336   39.738
  470437.46  5890898.34   1.270598   0.000148   0.000339   39.748
  470438.27  5890899.32   1.270401   0.000150   0.000342   39.759
  470439.08  5890900.29   1.270199   0.000151   0.000344   39.770
  470439.89  5890901.27   1.269990   0.000152   0.000347   39.781
  470440.71  5890902.25   1.269776   0.000153   0.000350   39.792
  470441.52  5890903.22   1.269556   0.000155   0.000353   39.803
  470442.33  5890904.20   1.269329   0.000156   0.000355   39.815
  470443.15  5890905.17   1.269097   0.000157   0.000358   39.826
  470443.96  5890906.15   1.268859   0.000159   0.000361   39.837
  470444.77  5890907.12   1.268615   0.000160   0.000364   39.849
  470445.58  5890908.09   1.268365   0.000161   0.000367   39.861
  470446.40  5890909.07   1.268109   0.000162   0.000369   39.872
  470447.21  5890910.04   1.267848   0.000164   0.000372   39.884
  470448.02  5890911.01   1.267580   0.000165   0.000375   39.896
  470448.84  5890911.99   1.267306   0.000166   0.000378   39.908
  470449.65  5890912.96   1.267027   0.000168   0.000381   39.920
  470450.46  5890913.93   1.266742   0.000169   0.000383   39.932
  470451.28  5890914.90   1.266450   0.000170   0.000386   39.944
  470452.09  5890915.87   1.266153   0.000172   0.000389   39.957
  470452.90  5890916.84   1.265850   0.000173   0.000392   39.969
  470453.72  5890917.81   1.265541   0.000174   0.000395   39.982
  470454.53  5890918.78   1.265227   0.000176   0.000397   39.994
  470455.34  5890919.75   1.264906   0.000177   0.000400   40.007
  470456.16  5890920.72   1.264579   0.000178   0.000403   40.020
  470456.97  5890921.69   1.264247   0.000180   0.000406   40.033
  470457.78  5890922.65   1.263908   0.000181   0.000409   40.046
  470458.60  5890923.62   1.263564   0.000182   0.000412   40.059
  470459.41  5890924.59   1.263214   0.000184   0.000415   40.072
  470460.22  5890925.55   1.262858   0.000185   0.000417   40.086
  470461.04  5890926.52   1.262496   0.000186   0.000420   40.099
  470461.85  5890927.48   1.262128   0.000188   0.000423   40.112
  470462.66  5890928.45   1.261754   0.000189   0.000426   40.126
  470463.48  5890929.41   1.261375   0.000191   0.000429   40.140
  470464.29  5890930.38   1.260989   0.000192   0.000432   40.153
  470465.10  5890931.34   1.260598   0.000193   0.000435   40.167
  470465.91  5890932.30   1.260201   0.000195   0.000438   40.181
  470466.73  5890933.27   1.259798   0.000196   0.000440   40.195
  470467.54  5890934.23   1.259389   0.000198   0.000443   40.210
  470468.35  5890935.19   1.258974   0.000199   0.000446   40.224
  470469.17  5890936.15   1.258553   0.000201   0.000449   40.238
  470469.98  5890937.11   1.258127   0.000202   0.000452   40.253
  470470.79  5890938.07   1.257694   0.000203   0.000455   40.267
  470471.61  5890939.03   1.257256   0.000205   0.000458   40.282
  470472.42  5890939.99   1.256812   0.000206   0.000461   40.297
  470473.23  5890940.95   1.256362   0.000208   0.000464   40.311
  470474.05  5890941.91   1.255906   0.000209   0.000467   40.326
  470474.86  5890942.86   1.255444   0.000211   0.000470   40.341
  470475.67  5890943.82   1.254977   0.000212   0.000473   40.357
  470476.48  5890944.77   1.254503   0.000214   0.000476   40.372
  470477.30  5890945.73   1.254024   0.000215   0.000479   40.387
  470478.11  5890946.68   1.253539   0.000217   0.000482   40.403
  470478.92  5890947.64   1.253048   0.000218   0.000485   40.418
  470479.73  5890948.59   1.252551   0.000220   0.000488   40.434
  470480.55  5890949.55   1.252049   0.000221   0.000491   40.450
  470481.36  5890950.50   1.251540   0.000223   0.000494   40.466
  470482.17  5890951.45   1.251026   0.000224   0.000497   40.482
  470482.98  5890952.40   1.250505   0.000226   0.000500   40.498
  470483.80  5890953.35   1.249979   0.000227   0.000503   40.514
  470484.61  5890954.30   1.249448   0.000229   0.000506   40.530
  470485.42  5890955.25   1.248910   0.000230   0.000508   40.546
  470486.23  5890956.20   1.248366   0.000232   0.000511   40.563
  470487.04  5890957.15   1.247815   0.000234   0.000515   40.580
  470487.86  5890958.09   1.247261   0.000236   0.000519   40.596
  470488.67  5890959.04   1.246702   0.000238   0.000523   40.613
  470489.48  5890959.99   1.246139   0.000240   0.000528   40.630
  470490.29  5890960.93   1.245572   0.000242   0.000532   40.647
  470491.10  5890961.88   1.245000   0.000245   0.000536   40.665
  470491.91  5890962.82   1.244424   0.000247   0.000541   40.682
  470492.72  5890963.76   1.243844   0.000249   0.000545   40.700
  470493.54  5890964.71   1.243259   0.000251   0.000549   40.717
  470494.35  5890965.65   1.242671   0.000253   0.000554   40.735
  470495.16  5890966.59   1.242078   0.000256   0.000558   40.753
  470495.97  5890967.53   1.241480   0.000258   0.000562   40.772
  470496.78  5890968.47   1.240879   0.000260   0.000567   40.790
  470497.59  5890969.41   1.240273   0.000262   0.000571   40.808
  470498.40  5890970.35   1.239663   0.000265   0.000575   40.827
  470499.21  5890971.28   1.239048   0.000267   0.000580   40.846
  470500.02  5890972.22   1.238429   0.000269   0.000584   40.865
  470500.83  5890973.16   1.237806   0.000272   0.000589   40.884
  470501.64  5890974.09   1.237179   0.000274   0.000593   40.903
  470502.45  5890975.03   1.236548   0.000276   0.000597   40.923
  470503.26  5890975.96   1.235912   0.000279   0.000602   40.942
  470504.07  5890976.89   1.235272   0.000281   0.000606   40.962
  470504.88  5890977.83   1.234628   0.000283   0.000611   40.982
  470505.69  5890978.76   1.233979   0.000286   0.000615   41.002
  470506.50  5890979.69   1.233327   0.000288   0.000620   41.022
  470507.31  5890980.62   1.232670   0.000290   0.000624   41.042
  470508.12  5890981.55   1.232009   0.000293   0.000628   41.063
  470508.93  5890982.48   1.231343   0.000295   0.000633   41.084
  470509.74  5890983.40   1.230674   0.000298   0.000637   41.104
  470510.55  5890984.33   1.230000   0.000300   0.000642   41.125
  470511.36  5890985.26   1.229322   0.000302   0.000646   41.146
  470512.17  5890986.18   1.228640   0.000305   0.000651   41.168
  470512.98  5890987.11   1.227953   0.000307   0.000655   41.189
  470513.79  5890988.03   1.227262   0.000310   0.000660   41.211
  470514.59  5890988.95   1.226568   0.000312   0.000664   41.233
  470515.40  5890989.87   1.225868   0.000315   0.000669   41.255
  470516.21  5890990.79   1.225165   0.000317   0.000673   41.277
  470517.02  5890991.71   1.224458   0.000320   0.000678   41.299
  470517.83  5890992.63   1.223746   0.000322   0.000682   41.321
  470518.64  5890993.55   1.223030   0.000325   0.000687   41.344
  470519.44  5890994.47   1.222310   0.000327   0.000692   41.367
  470520.25  5890995.39   1.221586   0.000330   0.000696   41.390
  470521.06  5890996.30   1.220858   0.000332   0.000701   41.413
  470521.87  5890997.22   1.220125   0.000335   0.000705   41.436
  470522.68  5890998.13   1.219388   0.000338   0.000710   41.459
  470523.48  5890999.05   1.218648   0.000340   0.000714   41.483
  470524.29  5890999.96   1.217903   0.000343   0.000719   41.507
  470525.10  5891000.87   1.217153   0.000345   0.000724   41.531
  470525.90  5891001.78   1.216400   0.000348   0.000728   41.555
  470526.71  5891002.69   1.215643   0.000351   0.000733   41.579
  470527.52  5891003.60   1.214881   0.000353   0.000738   41.603
  470528.33  5891004.51   1.214115   0.000356   0.000742   41.628
  470529.13  5891005.41   1.213346   0.000359   0.000747   41.653
  470529.94  5891006.32   1.212572   0.000361   0.000752   41.678
  470530.74  5891007.22   1.211793   0.000364   0.000756   41.703
  470531.55  5891008.13   1.211011   0.000367   0.000761   41.728
  470532.36  5891009.03   1.210225   0.000370   0.000766   41.754
  470533.16  5891009.93   1.209434   0.000372   0.000770   41.779
  470533.97  5891010.83   1.208640   0.000375   0.000775   41.805
  470534.78  5891011.73   1.207841   0.000378   0.000780   41.831
  470535.58  5891012.63   1.207038   0.000381   0.000784   41.857
  470536.39  5891013.53   1.206232   0.000384   0.000789   41.883
  470537.19  5891014.43   1.205421   0.000386   0.000794   41.910
  470538.00  5891015.33   1.204606   0.000389   0.000799   41.937
  470538.80  5891016.22   1.203787   0.000392   0.000803   41.963
  470539.61  5891017.12   1.202963   0.000395   0.000808   41.991
  470540.41  5891018.01   1.202136   0.000398   0.000813   42.018
  470541.22  5891018.90   1.201305   0.000401   0.000818   42.045
  470542.02  5891019.79   1.200470   0.000404   0.000823   42.073
  470542.83  5891020.68   1.199630   0.000407   0.000827   42.100
  470543.63  5891021.57   1.198787   0.000409   0.000832   42.128
  470544.44  5891022.46   1.197939   0.000412   0.000837   42.157
  470545.24  5891023.35   1.197088   0.000415   0.000842   42.185
  470546.04  5891024.23   1.196232   0.000418   0.000847   42.213
  470546.85  5891025.12   1.195372   0.000421   0.000852   42.242
  470547.65  5891026.00   1.194509   0.000424   0.000856   42.271
  470548.45  5891026.89   1.193641   0.000427   0.000861   42.300
  470549.26  5891027.77   1.192770   0.000430   0.000866   42.329
  470550.06  5891028.65   1.191894   0.000434   0.000871   42.359
  470550.86  5891029.53   1.191014   0.000437   0.000876   42.388
  470551.67  5891030.41   1.190131   0.000440   0.000881   42.418
  470552.47  5891031.29   1.189243   0.000443   0.000886   42.448
  470553.27  5891032.16   1.188351   0.000446   0.000891   42.478
  470554.08  5891033.04   1.187456   0.000449   0.000896   42.508
  470554.88  5891033.91   1.186556   0.000452   0.000901   42.539
  470555.68  5891034.79   1.185653   0.000456   0.000906   42.570
  470556.48  5891035.66   1.184745   0.000459   0.000911   42.601
  470557.29  5891036.53   1.183834   0.000462   0.000916   42.632
  470558.09  5891037.40   1.182918   0.000465   0.000921   42.663
  470558.89  5891038.27   1.181999   0.000468   0.000926   42.695
  470559.69  5891039.14   1.181075   0.000472   0.000931   42.726
  470560.49  5891040.01   1.180148   0.000475   0.000936   42.758
  470561.29  5891040.87   1.179217   0.000478   0.000941   42.791
  470562.10  5891041.74   1.178282   0.000482   0.000946   42.823
  470562.90  5891042.60   1.177343   0.000485   0.000951   42.855
  470563.70  5891043.46   1.176400   0.000488   0.000956   42.888
  470564.50  5891044.32   1.175453   0.000492   0.000961   42.921
  470565.30  5891045.18   1.174502   0.000495   0.000966   42.954
  470566.10  5891046.04   1.173548   0.000499   0.000971   42.987
  470566.90  5891046.90   1.172589   0.000502   0.000976   43.021
  470567.70  5891047.76   1.171627   0.000506   0.000981   43.055
  470568.50  5891048.61   1.170661   0.000509   0.000987   43.089
  470569.30  5891049.47   1.169691   0.000513   0.000992   43.123
  470570.10  5891050.32   1.168717   0.000516   0.000997   43.157
  470570.90  5891051.17   1.167739   0.000520   0.001002   43.192
  470571.70  5891052.02   1.166757   0.000523   0.001007   43.226
  470572.50  5891052.87   1.165772   0.000527   0.001013   43.261
  470573.30  5891053.72   1.164782   0.000531   0.001019   43.297
  470574.10  5891054.56   1.163785   0.000536   0.001026   43.332
  470574.89  5891055.41   1.162784   0.000538   0.001028   43.368
  470575.69  5891056.25   1.161787   0.000538   0.001028   43.404
  470576.49  5891057.10   1.160795   0.000539   0.001027   43.440
  470577.29  5891057.94   1.159808   0.000540   0.001027   43.475
  470578.09  5891058.78   1.158826   0.000541   0.001027   43.511
  470578.89  5891059.62   1.157848   0.000541   0.001026   43.547
  470579.68  5891060.46   1.156875   0.000542   0.001026   43.583
  470580.48  5891061.30   1.155907   0.000543   0.001025   43.619
  470581.28  5891062.13   1.154943   0.000543   0.001025   43.655
  470582.08  5891062.97   1.153985   0.000544   0.001025   43.691
  470582.87  5891063.80   1.153031   0.000545   0.001024   43.727
  470583.67  5891064.63   1.152081   0.000545   0.001024   43.763
  470584.47  5891065.46   1.151137   0.000546   0.001023   43.799
  470585.27  5891066.29   1.150197   0.000547   0.001023   43.835
  470586.06  5891067.12   1.149262   0.000547   0.001022   43.871
  470586.86  5891067.95   1.148331   0.000548   0.001022   43.907
  470587.66  5891068.78   1.147405   0.000549   0.001021   43.943
  470588.45  5891069.60   1.146484   0.000549   0.001021   43.979
  470589.25  5891070.43   1.145568   0.000550   0.001020   44.015
  470590.04  5891071.25   1.144656   0.000550   0.001020   44.051
  470590.84  5891072.07   1.143750   0.000551   0.001019   44.087
  470591.64  5891072.89   1.142847   0.000552   0.001019   44.123
  470592.43  5891073.71   1.141950   0.000552   0.001018   44.160
  470593.23  5891074.53   1.141057   0.000553   0.001018   44.196
  470594.02  5891075.35   1.140169   0.000553   0.001017   44.232
  470594.82  5891076.16   1.139286   0.000554   0.001017   44.268
  470595.61  5891076.98   1.138407   0.000554   0.001016   44.304
  470596.41  5891077.79   1.137533   0.000555   0.001016   44.340
  470597.21  5891078.60   1.136664   0.000556   0.001015   44.376
  470598.00  5891079.42   1.135799   0.000556   0.001014   44.413
  470598.80  5891080.23   1.134940   0.000557   0.001014   44.449
  470599.59  5891081.04   1.134084   0.000557   0.001013   44.485
  470600.39  5891081.84   1.133234   0.000558   0.001013   44.521
  470601.18  5891082.65   1.132388   0.000558   0.001012   44.557
  470601.97  5891083.46   1.131547   0.000559   0.001011   44.594
  470602.77  5891084.26   1.130711   0.000559   0.001011   44.630
  470603.56  5891085.07   1.129879   0.000560   0.001010   44.666
  470604.36  5891085.87   1.129053   0.000560   0.001009   44.702
  470605.15  5891086.67   1.128230   0.000560   0.001009   44.738
  470605.95  5891087.47   1.127413   0.000561   0.001008   44.775
  470606.74  5891088.27   1.126600   0.000561   0.001008   44.811
  470607.54  5891089.07   1.125792   0.000562   0.001007   44.847
  470608.33  5891089.87   1.124988   0.000562   0.001006   44.883
  470609.12  5891090.66   1.124190   0.000563   0.001005   44.920
  470609.92  5891091.46   1.123396   0.000563   0.001005   44.956
  470610.71  5891092.25   1.122606   0.000563   0.001004   44.992
  470611.51  5891093.05   1.121822   0.000564   0.001003   45.028
  470612.30  5891093.84   1.121042   0.000564   0.001003   45.065
  470613.09  5891094.63   1.120266   0.000564   0.001002   45.101
  470613.89  5891095.42   1.119496   0.000565   0.001001   45.137
  470614.68  5891096.21   1.118730   0.000565   0.001000   45.173
  470615.47  5891097.00   1.117969   0.000566   0.001000   45.210
  470616.27  5891097.78   1.117212   0.000566   0.000999   45.246
  470617.06  5891098.57   1.116460   0.000566   0.000998   45.282
  470617.86  5891099.35   1.115713   0.000567   0.000997   45.318
  470618.65  5891100.14   1.114971   0.000567   0.000997   45.354
  470619.44  5891100.92   1.114233   0.000567   0.000996   45.391
  470620.24  5891101.70   1.113500   0.000567   0.000995   45.427
  470621.03  5891102.48   1.112771   0.000568   0.000994   45.463
  470621.82  5891103.26   1.112048   0.000568   0.000993   45.499
  470622.62  5891104.04   1.111329   0.000568   0.000992   45.535
  470623.41  5891104.82   1.110614   0.000568   0.000992   45.572
  470624.20  5891105.60   1.109904   0.000569   0.000991   45.608
  470625.00  5891106.37   1.109199   0.000569   0.000990   45.644
  470625.79  5891107.15   1.108499   0.000569   0.000989   45.680
  470626.58  5891107.92   1.107803   0.000569   0.000988   45.716
  470627.38  5891108.69   1.107112   0.000570   0.000987   45.752
  470628.17  5891109.46   1.106426   0.000570   0.000986   45.788
  470628.96  5891110.23   1.105744   0.000570   0.000986   45.825
  470629.76  5891111.00   1.105067   0.000570   0.000985   45.861
  470630.55  5891111.77   1.104395   0.000570   0.000984   45.897
  470631.34  5891112.54   1.103727   0.000570   0.000983   45.933
  470632.14  5891113.31   1.103064   0.000571   0.000982   45.969
  470632.93  5891114.07   1.102405   0.000571   0.000981   46.005
  470633.72  5891114.84   1.101752   0.000571   0.000980   46.041
  470634.52  5891115.60   1.101103   0.000571   0.000979   46.077
  470635.31  5891116.37   1.100458   0.000571   0.000978   46.113
  470636.10  5891117.13   1.099818   0.000571   0.000977   46.149
  470636.90  5891117.89   1.099183   0.000571   0.000976   46.185
  470637.69  5891118.65   1.098553   0.000571   0.000975   46.221
  470638.48  5891119.41   1.097927   0.000571   0.000974   46.257
  470639.28  5891120.17   1.097306   0.000572   0.000974   46.293
  470640.07  5891120.93   1.096690   0.000572   0.000973   46.329
  470640.86  5891121.68   1.096079   0.000572   0.000971   46.365
  470641.66  5891122.44   1.095471   0.000570   0.000968   46.401
  470642.45  5891123.19   1.094866   0.000569   0.000965   46.437
  470643.24  5891123.95   1.094265   0.000568   0.000962   46.472
  470644.04  5891124.70   1.093667   0.000567   0.000959   46.508
  470644.83  5891125.45   1.093072   0.000566   0.000956   46.544
  470645.63  5891126.20   1.092481   0.000565   0.000953   46.579
  470646.42  5891126.95   1.091892   0.000564   0.000950   46.614
  470647.21  5891127.70   1.091307   0.000563   0.000948   46.650
  470648.01  5891128.45   1.090725   0.000561   0.000945   46.685
  470648.80  5891129.20   1.090147   0.000560   0.000942   46.720
  470649.59  5891129.94   1.089571   0.000559   0.000939   46.755
  470650.39  5891130.69   1.088999   0.000558   0.000936   46.790
  470651.18  5891131.44   1.088431   0.000557   0.000933   46.825
  470651.98  5891132.18   1.087865   0.000555   0.000930   46.859
  470652.77  5891132.92   1.087302   0.000554   0.000927   46.894
  470653.56  5891133.66   1.086743   0.000553   0.000924   46.928
  470654.36  5891134.41   1.086187   0.000552   0.000920   46.963
  470655.15  5891135.15   1.085635   0.000550   0.000917   46.997
  470655.95  5891135.89   1.085085   0.000549   0.000914   47.031
  470656.74  5891136.63   1.084539   0.000548   0.000911   47.066
  470657.54  5891137.36   1.083996   0.000547   0.000908   47.100
  470658.33  5891138.10   1.083456   0.000545   0.000905   47.134
  470659.12  5891138.84   1.082919   0.000544   0.000902   47.167
  470659.92  5891139.57   1.082385   0.000543   0.000899   47.201
  470660.71  5891140.31   1.081855   0.000541   0.000896   47.235
  470661.51  5891141.04   1.081328   0.000540   0.000893   47.268
  470662.30  5891141.77   1.080804   0.000539   0.000890   47.302
  470663.10  5891142.51   1.080283   0.000537   0.000887   47.335
  470663.89  5891143.24   1.079765   0.000536   0.000884   47.368
  470664.69  5891143.97   1.079251   0.000535   0.000881   47.402
  470665.48  5891144.70   1.078739   0.000533   0.000877   47.435
  470666.27  5891145.43   1.078231   0.000532   0.000874   47.468
  470667.07  5891146.16   1.077726   0.000530   0.000871   47.500
  470667.86  5891146.88   1.077224   0.000529   0.000868   47.533
  470668.66  5891147.61   1.076726   0.000527   0.000865   47.566
  470669.45  5891148.34   1.076230   0.000526   0.000862   47.598
  470670.25  5891149.06   1.075738   0.000525   0.000859   47.631
  470671.04  5891149.79   1.075248   0.000523   0.000855   47.663
  470671.84  5891150.51   1.074762   0.000522   0.000852   47.695
  470672.63  5891151.23   1.074279   0.000520   0.000849   47.727
  470673.43  5891151.95   1.073799   0.000519   0.000846   47.759
  470674.22  5891152.68   1.073322   0.000517   0.000843   47.791
  470675.02  5891153.40   1.072849   0.000516   0.000839   47.823
  470675.82  5891154.12   1.072378   0.000514   0.000836   47.855
  470676.61  5891154.83   1.071911   0.000513   0.000833   47.887
  470677.41  5891155.55   1.071446   0.000511   0.000830   47.918
  470678.20  5891156.27   1.070985   0.000510   0.000827   47.949
  470679.00  5891156.99   1.070527   0.000508   0.000823   47.981
  470679.79  5891157.70   1.070072   0.000507   0.000820   48.012
  470680.59  5891158.42   1.069620   0.000505   0.000817   48.043
  470681.38  5891159.13   1.069171   0.000503   0.000814   48.074
  470682.18  5891159.85   1.068725   0.000502   0.000811   48.105
  470682.97  5891160.56   1.068282   0.000500   0.000807   48.135
  470683.77  5891161.27   1.067843   0.000499   0.000804   48.166
  470684.57  5891161.98   1.067406   0.000497   0.000801   48.196
  470685.36  5891162.69   1.066973   0.000495   0.000797   48.227
  470686.16  5891163.41   1.066542   0.000494   0.000794   48.257
  470686.95  5891164.11   1.066115   0.000492   0.000791   48.287
  470687.75  5891164.82   1.065691   0.000490   0.000788   48.317
  470688.55  5891165.53   1.065269   0.000489   0.000784   48.347
  470689.34  5891166.24   1.064851   0.000487   0.000781   48.377
  470690.14  5891166.95   1.064436   0.000485   0.000778   48.407
  470690.94  5891167.65   1.064024   0.000484   0.000774   48.436
  470691.73  5891168.36   1.063615   0.000482   0.000771   48.466
  470692.53  5891169.06   1.063209   0.000480   0.000768   48.495
  470693.32  5891169.77   1.062806   0.000479   0.000765   48.525
  470694.12  5891170.47   1.062406   0.000477   0.000761   48.554
  470694.92  5891171.17   1.062009   0.000475   0.000758   48.583
  470695.71  5891171.87   1.061615   0.000473   0.000755   48.612
  470696.51  5891172.58   1.061224   0.000472   0.000751   48.640
  470697.31  5891173.28   1.060836   0.000470   0.000748   48.669
  470698.10  5891173.98   1.060451   0.000468   0.000745   48.698
  470698.90  5891174.68   1.060069   0.000466   0.000741   48.726
  470699.70  5891175.37   1.059690   0.000465   0.000738   48.755
  470700.50  5891176.07   1.059315   0.000463   0.000734   48.783
  470701.29  5891176.77   1.058942   0.000461   0.000731   48.811
  470702.09  5891177.47   1.058572   0.000459   0.000728   48.839
  470702.89  5891178.16   1.058205   0.000457   0.000724   48.867
  470703.68  5891178.86   1.057841   0.000456   0.000721   48.894
  470704.48  5891179.55   1.057480   0.000454   0.000718   48.922
  470705.28  5891180.25   1.057122   0.000452   0.000714   48.949
  470706.08  5891180.94   1.056767   0.000450   0.000711   48.977
  470706.87  5891181.63   1.056415   0.000448   0.000707   49.004
  470707.67  5891182.33   1.056066   0.000446   0.000704   49.031
  470708.47  5891183.02   1.055720   0.000444   0.000700   49.058
  470709.27  5891183.71   1.055377   0.000443   0.000697   49.085
  470710.06  5891184.40   1.055037   0.000441   0.000694   49.112
  470710.86  5891185.09   1.054700   0.000439   0.000690   49.138
  470711.66  5891185.78   1.054365   0.000437   0.000687   49.165
  470712.46  5891186.47   1.054034   0.000435   0.000683   49.191
  470713.26  5891187.16   1.053706   0.000433   0.000680   49.218
  470714.05  5891187.85   1.053380   0.000431   0.000676   49.244
  470714.85  5891188.53   1.053058   0.000429   0.000673   49.270
  470715.65  5891189.22   1.052738   0.000427   0.000670   49.296
  470716.45  5891189.91   1.052422   0.000425   0.000666   49.321
  470717.25  5891190.59   1.052108   0.000423   0.000663   49.347
  470718.04  5891191.28   1.051797   0.000421   0.000659   49.373
  470718.84  5891191.96   1.051490   0.000419   0.000655   49.398
  470719.64  5891192.64   1.051186   0.000417   0.000652   49.423
  470720.44  5891193.33   1.050885   0.000415   0.000649   49.448
  470721.24  5891194.01   1.050585   0.000414   0.000646   49.473
  470722.04  5891194.69   1.050286   0.000412   0.000643   49.498
  470722.84  5891195.37   1.049987   0.000411   0.000641   49.523
  470723.64  5891196.06   1.049690   0.000410   0.000638   49.548
  470724.43  5891196.74   1.049394   0.000408   0.000636   49.572
  470725.23  5891197.42   1.049098   0.000407   0.000633   49.597
  470726.03  5891198.10   1.048804   0.000405   0.000630   49.621
  470726.83  5891198.78   1.048510   0.000404   0.000628   49.646
  470727.63  5891199.45   1.048217   0.000402   0.000625   49.670
  470728.43  5891200.13   1.047926   0.000401   0.000622   49.694
  470729.23  5891200.81   1.047635   0.000399   0.000620   49.718
  470730.03  5891201.49   1.047345   0.000398   0.000617   49.742
  470730.83  5891202.16   1.047056   0.000396   0.000614   49.766
  470731.63  5891202.84   1.046767   0.000395   0.000612   49.790
  470732.43  5891203.51   1.046480   0.000393   0.000609   49.814
  470733.23  5891204.19   1.046194   0.000392   0.000607   49.837
  470734.03  5891204.86   1.045908   0.000390   0.000604   49.861
  470734.83  5891205.54   1.045623   0.000389   0.000601   49.884
  470735.63  5891206.21   1.045340   0.000387   0.000599   49.907
  470736.43  5891206.88   1.045057   0.000386   0.000596   49.931
  470737.23  5891207.56   1.044775   0.000384   0.000593   49.954
  470738.03  5891208.23   1.044494   0.000383   0.000591   49.977
  470738.83  5891208.90   1.044213   0.000381   0.000588   50.000
  470739.63  5891209.57   1.043934   0.000380   0.000585   50.022
  470740.43  5891210.24   1.043655   0.000378   0.000583   50.045
  470741.23  5891210.91   1.043378   0.000377   0.000580   50.068
  470742.03  5891211.58   1.043101   0.000375   0.000577   50.090
  470742.83  5891212.25   1.042825   0.000374   0.000575   50.113
  470743.63  5891212.92   1.042550   0.000372   0.000572   50.135
  470744.43  5891213.58   1.042276   0.000371   0.000569   50.157
  470745.23  5891214.25   1.042002   0.000369   0.000567   50.179
  470746.03  5891214.92   1.041730   0.000368   0.000564   50.201
  470746.83  5891215.58   1.041458   0.000366   0.000561   50.223
  470747.63  5891216.25   1.041187   0.000364   0.000559   50.245
  470748.43  5891216.92   1.040917   0.000363   0.000556   50.267
  470749.23  5891217.58   1.040648   0.000361   0.000553   50.289
  470750.03  5891218.24   1.040380   0.000360   0.000551   50.310
  470750.83  5891218.91   1.040113   0.000358   0.000548   50.332
  470751.63  5891219.57   1.039846   0.000357   0.000545   50.353
  470752.43  5891220.24   1.039580   0.000355   0.000543   50.374
  470753.23  5891220.90   1.039316   0.000353   0.000540   50.395
  470754.04  5891221.56   1.039051   0.000352   0.000537   50.416
  470754.84  5891222.22   1.038788   0.000350   0.000535   50.437
  470755.64  5891222.88   1.038526   0.000349   0.000532   50.458
  470756.44  5891223.54   1.038264   0.000347   0.000529   50.479
  470757.24  5891224.20   1.038004   0.000346   0.000526   50.499
  470758.04  5891224.86   1.037744   0.000344   0.000524   50.520
  470758.84  5891225.52   1.037485   0.000342   0.000521   50.540
  470759.64  5891226.18   1.037226   0.000341   0.000518   50.561
  470760.44  5891226.84   1.036969   0.000339   0.000516   50.581
  470761.24  5891227.50   1.036712   0.000337   0.000513   50.601
  470762.05  5891228.16   1.036456   0.000336   0.000510   50.621
  470762.85  5891228.81   1.036201   0.000334   0.000508   50.641
  470763.65  5891229.47   1.035947   0.000333   0.000505   50.661
  470764.45  5891230.13   1.035694   0.000331   0.000502   50.681
  470765.25  5891230.78   1.035441   0.000329   0.000499   50.700
  470766.05  5891231.44   1.035189   0.000328   0.000497   50.720
  470766.85  5891232.09   1.034938   0.000326   0.000494   50.739
  470767.66  5891232.75   1.034688   0.000325   0.000491   50.759
  470768.46  5891233.40   1.034439   0.000323   0.000489   50.778
  470769.26  5891234.06   1.034190   0.000321   0.000486   50.797
  470770.06  5891234.71   1.033942   0.000320   0.000483   50.816
  470770.86  5891235.36   1.033695   0.000318   0.000480   50.835
  470771.66  5891236.02   1.033449   0.000316   0.000478   50.854
  470772.46  5891236.67   1.033203   0.000315   0.000475   50.873
  470773.27  5891237.32   1.032959   0.000313   0.000472   50.891
  470774.07  5891237.97   1.032715   0.000311   0.000470   50.910
  470774.87  5891238.62   1.032472   0.000310   0.000467   50.928
  470775.67  5891239.27   1.032230   0.000308   0.000464   50.947
  470776.47  5891239.92   1.031988   0.000306   0.000461   50.965
  470777.27  5891240.57   1.031747   0.000305   0.000459   50.983
  470778.08  5891241.22   1.031507   0.000303   0.000456   51.001
  470778.88  5891241.87   1.031268   0.000301   0.000453   51.019
  470779.68  5891242.52   1.031030   0.000300   0.000451   51.037
  470780.48  5891243.17   1.030792   0.000298   0.000448   51.054
  470781.28  5891243.81   1.030555   0.000296   0.000445   51.072
  470782.09  5891244.46   1.030319   0.000295   0.000442   51.089
  470782.89  5891245.11   1.030084   0.000293   0.000440   51.107
  470783.69  5891245.75   1.029849   0.000291   0.000437   51.124
  470784.49  5891246.40   1.029615   0.000290   0.000434   51.141
  470785.29  5891247.05   1.029382   0.000288   0.000431   51.158
  470786.09  5891247.69   1.029150   0.000286   0.000429   51.175
  470786.90  5891248.34   1.028918   0.000284   0.000426   51.192
  470787.70  5891248.98   1.028687   0.000283   0.000423   51.209
  470788.50  5891249.62   1.028457   0.000281   0.000420   51.226
  470789.30  5891250.27   1.028228   0.000279   0.000418   51.242
  470790.10  5891250.91   1.027999   0.000278   0.000415   51.259
  470790.91  5891251.55   1.027771   0.000276   0.000412   51.275
  470791.71  5891252.20   1.027544   0.000274   0.000409   51.291
  470792.51  5891252.84   1.027318   0.000273   0.000407   51.307
  470793.31  5891253.48   1.027092   0.000271   0.000404   51.324
  470794.11  5891254.12   1.026868   0.000269   0.000401   51.339
  470794.92  5891254.76   1.026644   0.000267   0.000398   51.355
  470795.72  5891255.40   1.026420   0.000266   0.000396   51.371
  470796.52  5891256.05   1.026198   0.000264   0.000393   51.387
  470797.32  5891256.69   1.025976   0.000262   0.000390   51.402
  470798.12  5891257.33   1.025754   0.000260   0.000387   51.418
  470798.93  5891257.96   1.025534   0.000259   0.000385   51.433
  470799.73  5891258.60   1.025314   0.000257   0.000382   51.448
  470800.53  5891259.24   1.025095   0.000255   0.000379   51.463
  470801.33  5891259.88   1.024877   0.000253   0.000376   51.478
  470802.13  5891260.52   1.024659   0.000252   0.000374   51.493
  470802.93  5891261.16   1.024443   0.000250   0.000371   51.508
  470803.74  5891261.79   1.024227   0.000248   0.000368   51.522
  470804.54  5891262.43   1.024011   0.000246   0.000365   51.537
  470805.34  5891263.07   1.023797   0.000245   0.000363   51.551
  470806.14  5891263.70   1.023583   0.000243   0.000360   51.566
  470806.94  5891264.34   1.023369   0.000241   0.000357   51.580
  470807.75  5891264.98   1.023157   0.000239   0.000354   51.594
  470808.55  5891265.61   1.022945   0.000238   0.000352   51.608
  470809.35  5891266.25   1.022734   0.000236   0.000349   51.622
  470810.15  5891266.88   1.022524   0.000234   0.000346   51.636
  470810.95  5891267.52   1.022314   0.000232   0.000343   51.650
  470811.76  5891268.15   1.022105   0.000230   0.000340   51.663
  470812.56  5891268.78   1.021897   0.000229   0.000338   51.677
  470813.36  5891269.42   1.021689   0.000227   0.000335   51.690
  470814.16  5891270.05   1.021482   0.000225   0.000332   51.703
  470814.96  5891270.68   1.021276   0.000223   0.000329   51.717
  470815.76  5891271.31   1.021071   0.000222   0.000327   51.730
  470816.57  5891271.95   1.020866   0.000220   0.000324   51.743
  470817.37  5891272.58   1.020662   0.000218   0.000321   51.756
  470818.17  5891273.21   1.020459   0.000216   0.000318   51.768
  470818.97  5891273.84   1.020256   0.000214   0.000315   51.781
  470819.77  5891274.47   1.020054   0.000212   0.000313   51.793
  470820.57  5891275.10   1.019853   0.000211   0.000310   51.806
  470821.38  5891275.73   1.019652   0.000209   0.000307   51.818
  470822.18  5891276.36   1.019452   0.000207   0.000304   51.830
  470822.98  5891276.99   1.019253   0.000205   0.000302   51.842
  470823.78  5891277.62   1.019055   0.000203   0.000299   51.854
  470824.58  5891278.25   1.018857   0.000202   0.000296   51.866
  470825.38  5891278.88   1.018660   0.000200   0.000293   51.878
  470826.18  5891279.51   1.018463   0.000198   0.000290   51.890
  470826.99  5891280.14   1.018268   0.000196   0.000288   51.901
  470827.79  5891280.77   1.018073   0.000194   0.000285   51.913
  470828.59  5891281.39   1.017878   0.000192   0.000282   51.924
  470829.39  5891282.02   1.017684   0.000191   0.000279   51.935
  470830.19  5891282.65   1.017491   0.000189   0.000276   51.946
  470830.99  5891283.28   1.017299   0.000187   0.000274   51.957
  470831.79  5891283.90   1.017107   0.000185   0.000271   51.968
  470832.59  5891284.53   1.016916   0.000183   0.000268   51.979
  470833.40  5891285.15   1.016726   0.000181   0.000265   51.990
  470834.20  5891285.78   1.016536   0.000180   0.000262   52.000
  470835.00  5891286.41   1.016347   0.000178   0.000260   52.011
  470835.80  5891287.03   1.016159   0.000176   0.000257   52.021
  470836.60  5891287.66   1.015971   0.000174   0.000254   52.031
  470837.40  5891288.28   1.015784   0.000172   0.000251   52.042
  470838.20  5891288.91   1.015598   0.000170   0.000248   52.052
  470839.00  5891289.53   1.015412   0.000168   0.000246   52.061
  470839.80  5891290.15   1.015227   0.000167   0.000243   52.071
  470840.60  5891290.78   1.015043   0.000165   0.000240   52.081
  470841.41  5891291.40   1.014859   0.000163   0.000237   52.091
  470842.21  5891292.03   1.014676   0.000161   0.000234   52.100
  470843.01  5891292.65   1.014494   0.000159   0.000232   52.109
  470843.81  5891293.27   1.014312   0.000157   0.000229   52.119
  470844.61  5891293.89   1.014131   0.000155   0.000226   52.128
  470845.41  5891294.52   1.013951   0.000153   0.000223   52.137
  470846.21  5891295.14   1.013771   0.000152   0.000220   52.146
  470847.01  5891295.76   1.013592   0.000150   0.000218   52.155
  470847.81  5891296.38   1.013414   0.000148   0.000215   52.163
  470848.61  5891297.00   1.013236   0.000146   0.000212   52.172
  470849.41  5891297.63   1.013057   0.000144   0.000210   52.180
  470850.21  5891298.25   1.012879   0.000142   0.000206   52.189
  470851.01  5891298.87   1.012705   0.000140   0.000203   52.197
  470851.81  5891299.49   1.012535   0.000137   0.000199   52.205
  470852.61  5891300.11   1.012369   0.000135   0.000195   52.213
  470853.41  5891300.73   1.012206   0.000132   0.000192   52.221
  470854.21  5891301.35   1.012048   0.000130   0.000188   52.228
  470855.01  5891301.97   1.011894   0.000127   0.000184   52.236
  470855.81  5891302.59   1.011743   0.000125   0.000181   52.243
  470856.61  5891303.21   1.011597   0.000122   0.000177   52.251
  470857.41  5891303.83   1.011454   0.000120   0.000173   52.258
  470858.21  5891304.44   1.011316   0.000117   0.000170   52.265
  470859.01  5891305.06   1.011181   0.000115   0.000166   52.271
  470859.81  5891305.68   1.011050   0.000112   0.000162   52.278
  470860.61  5891306.30   1.010923   0.000110   0.000159   52.285
  470861.41  5891306.92   1.010801   0.000107   0.000155   52.291
  470862.21  5891307.54   1.010682   0.000105   0.000151   52.297
  470863.01  5891308.16   1.010567   0.000102   0.000148   52.303
  470863.81  5891308.77   1.010456   0.000100   0.000144   52.309
  470864.61  5891309.39   1.010349   0.000097   0.000140   52.315
  470865.41  5891310.01   1.010246   0.000095   0.000137   52.321
  470866.21  5891310.63   1.010146   0.000092   0.000133   52.326
  470867.01  5891311.24   1.010051   0.000090   0.000129   52.331
  470867.81  5891311.86   1.009960   0.000087   0.000126   52.337
  470868.61  5891312.48   1.009872   0.000085   0.000122   52.342
  470869.41  5891313.09   1.009789   0.000082   0.000118   52.347
  470870.21  5891313.71   1.009709   0.000080   0.000115   52.351
  470871.01  5891314.33   1.009634   0.000077   0.000111   52.356
  470871.80  5891314.94   1.009562   0.000074   0.000107   52.360
  470872.60  5891315.56   1.009494   0.000072   0.000104   52.365
  470873.40  5891316.18   1.009431   0.000069   0.000100   52.369
  470874.20  5891316.79   1.009371   0.000067   0.000096   52.373
  470875.00  5891317.41   1.009315   0.000064   0.000093   52.377
  470875.80  5891318.03   1.009263   0.000062   0.000089   52.380
  470876.60  5891318.64   1.009215   0.000059   0.000085   52.384
  470877.40  5891319.26   1.009171   0.000056   0.000081   52.387
  470878.20  5891319.87   1.009132   0.000053   0.000077   52.391
  470879.00  5891320.49   1.009098   0.000052   0.000074   52.394
  470879.80  5891321.10   1.009064   0.000050   0.000072   52.397
  470880.60  5891321.72   1.009030   0.000049   0.000070   52.400
  470881.40  5891322.34   1.008996   0.000048   0.000069   52.402
  470882.20  5891322.95   1.008962   0.000046   0.000067   52.405
  470883.00  5891323.57   1.008928   0.000045   0.000065   52.408
  470883.80  5891324.18   1.008895   0.000044   0.000063   52.411
  470884.60  5891324.80   1.008861   0.000042   0.000061   52.413
  470885.40  5891325.41   1.008828   0.000041   0.000059   52.415
  470886.20  5891326.03   1.008795   0.000040   0.000057   52.418
  470886.99  5891326.64   1.008762   0.000038   0.000055   52.420
  470887.79  5891327.26   1.008730   0.000037   0.000053   52.422
  470888.59  5891327.87   1.008697   0.000036   0.000052   52.425
  470889.39  5891328.49   1.008665   0.000035   0.000050   52.427
  470890.19  5891329.10   1.008633   0.000033   0.000048   52.429
  470890.99  5891329.72   1.008601   0.000032   0.000046   52.431
  470891.79  5891330.33   1.008569   0.000031   0.000044   52.432
  470892.59  5891330.95   1.008537   0.000029   0.000042   52.434
  470893.39  5891331.56   1.008505   0.000028   0.000040   52.436
  470894.19  5891332.18   1.008474   0.000027   0.000038   52.437
  470894.99  5891332.79   1.008442   0.000025   0.000036   52.439
  470895.79  5891333.41   1.008411   0.000024   0.000035   52.440
  470896.59  5891334.02   1.008380   0.000023   0.000033   52.442
  470897.39  5891334.64   1.008349   0.000021   0.000031   52.443
  470898.19  5891335.25   1.008319   0.000020   0.000029   52.444
  470898.99  5891335.87   1.008288   0.000019   0.000027   52.446
  470899.79  5891336.48   1.008258   0.000017   0.000025   52.447
  470900.58  5891337.10   1.008228   0.000016   0.000023   52.448
  470901.38  5891337.71   1.008198   0.000015   0.000021   52.449
  470902.18  5891338.32   1.008168   0.000014   0.000019   52.449
  470902.98  5891338.94   1.008138   0.000012   0.000018   52.450
  470903.78  5891339.55   1.008108   0.000011   0.000016   52.451
  470904.58  5891340.17   1.008079   0.000010   0.000014   52.452
  470905.38  5891340.78   1.008049   0.000008   0.000012   52.452
  470906.18  5891341.40   1.008020   0.000007   0.000010   52.453
  470906.98  5891342.01   1.007991   0.000006   0.000008   52.453
  470907.78  5891342.62   1.007962   0.000004   0.000006   52.453
  470908.58  5891343.24   1.007934   0.000003   0.000004   52.454
  470909.38  5891343.85   1.007905   0.000002   0.000002   52.454
  470910.18  5891344.47   1.007877   0.000000   0.000001   52.454
  470910.97  5891345.08   1.007848   0.000001   0.000001   52.454
  470911.77  5891345.70   1.007820   0.000002   0.000003   52.454
  470912.57  5891346.31   1.007792   0.000004   0.000005   52.454
  470913.37  5891346.92   1.007765   0.000005   0.000007   52.453
  470914.17  5891347.54   1.007737   0.000006   0.000009   52.453
  470914.97  5891348.15   1.007710   0.000007   0.000011   52.453
  470915.77  5891348.77   1.007682   0.000009   0.000013   52.452
  470916.57  5891349.38   1.007655   0.000010   0.000015   52.452
  470917.37  5891349.99   1.007628   0.000011   0.000016   52.451
  470918.17  5891350.61   1.007601   0.000013   0.000018   52.451
  470918.96  5891351.22   1.007574   0.000014   0.000020   52.450
  470919.76  5891351.84   1.007548   0.000015   0.000022   52.449
  470920.56  5891352.45   1.007521   0.000017   0.000024   52.448
  470921.36  5891353.06   1.007495   0.000018   0.000026   52.447
  470922.16  5891353.68   1.007469   0.000019   0.000028   52.446
  470922.96  5891354.29   1.007443   0.000021   0.000030   52.445
  470923.76  5891354.91   1.007417   0.000022   0.000032   52.444
  470924.55  5891355.52   1.007392   0.000023   0.000033   52.443
  470925.35  5891356.14   1.007366   0.000025   0.000035   52.441
  470926.15  5891356.75   1.007341   0.000026   0.000037   52.440
  470926.95  5891357.36   1.007316   0.000027   0.000039   52.438
  470927.75  5891357.98   1.007291   0.000029   0.000041   52.437
  470928.55  5891358.59   1.007266   0.000030   0.000043   52.435
  470929.35  5891359.21   1.007241   0.000031   0.000045   52.433
  470930.14  5891359.82   1.007216   0.000033   0.000047   52.432
  470930.94  5891360.43   1.007192   0.000034   0.000049   52.430
  470931.74  5891361.05   1.007168   0.000035   0.000050   52.428
  470932.54  5891361.66   1.007144   0.000036   0.000052   52.426
  470933.34  5891362.28   1.007120   0.000038   0.000054   52.424
  470934.14  5891362.89   1.007096   0.000039   0.000056   52.421
  470934.93  5891363.50   1.007072   0.000040   0.000058   52.419
  470935.73  5891364.12   1.007049   0.000042   0.000060   52.417
  470936.53  5891364.73   1.007025   0.000043   0.000062   52.414
  470937.33  5891365.35   1.007002   0.000044   0.000064   52.412
  470938.13  5891365.96   1.006979   0.000046   0.000066   52.409
  470938.92  5891366.58   1.006956   0.000047   0.000067   52.407
  470939.72  5891367.19   1.006934   0.000048   0.000069   52.404
  470940.52  5891367.80   1.006911   0.000050   0.000071   52.401
  470941.32  5891368.42   1.006889   0.000051   0.000073   52.398
  470942.11  5891369.03   1.006866   0.000052   0.000075   52.395
  470942.91  5891369.65   1.006844   0.000054   0.000077   52.392
  470943.71  5891370.26   1.006822   0.000055   0.000079   52.389
  470944.51  5891370.88   1.006801   0.000056   0.000081   52.386
  470945.30  5891371.49   1.006779   0.000058   0.000083   52.383
  470946.10  5891372.11   1.006758   0.000059   0.000084   52.380
  470946.90  5891372.72   1.006736   0.000060   0.000086   52.376
  470947.70  5891373.34   1.006715   0.000062   0.000088   52.373
  470948.49  5891373.95   1.006694   0.000063   0.000090   52.369
  470949.29  5891374.56   1.006673   0.000064   0.000092   52.366
  470950.09  5891375.18   1.006653   0.000066   0.000094   52.362
  470950.89  5891375.79   1.006632   0.000067   0.000096   52.358
  470951.68  5891376.41   1.006612   0.000068   0.000098   52.354
  470952.48  5891377.02   1.006592   0.000069   0.000100   52.350
  470953.28  5891377.64   1.006572   0.000071   0.000101   52.346
  470954.07  5891378.25   1.006552   0.000072   0.000103   52.342
  470954.87  5891378.87   1.006532   0.000073   0.000105   52.338
  470955.67  5891379.48   1.006512   0.000075   0.000107   52.334
  470956.46  5891380.10   1.006493   0.000076   0.000109   52.330
  470957.26  5891380.71   1.006474   0.000077   0.000111   52.325
  470958.06  5891381.33   1.006455   0.000079   0.000113   52.321
  470958.85  5891381.94   1.006436   0.000080   0.000115   52.316
  470959.65  5891382.56   1.006417   0.000082   0.000118   52.311
  470960.45  5891383.17   1.006399   0.000084   0.000121   52.307
  470961.24  5891383.79   1.006382   0.000084   0.000120   52.302
  470962.04  5891384.41   1.006363   0.000082   0.000118   52.297
  470962.83  5891385.02   1.006342   0.000081   0.000115   52.292
  470963.63  5891385.64   1.006320   0.000079   0.000113   52.288
  470964.43  5891386.25   1.006296   0.000077   0.000111   52.283
  470965.22  5891386.87   1.006270   0.000075   0.000108   52.279
  470966.02  5891387.48   1.006243   0.000074   0.000106   52.274
  470966.81  5891388.10   1.006214   0.000072   0.000103   52.270
  470967.61  5891388.72   1.006184   0.000070   0.000101   52.266
  470968.41  5891389.33   1.006151   0.000069   0.000098   52.262
  470969.20  5891389.95   1.006118   0.000067   0.000096   52.258
  470970.00  5891390.56   1.006082   0.000065   0.000093   52.254
  470970.79  5891391.18   1.006046   0.000063   0.000091   52.250
  470971.59  5891391.79   1.006007   0.000062   0.000088   52.247
  470972.38  5891392.41   1.005967   0.000060   0.000086   52.243
  470973.18  5891393.03   1.005925   0.000058   0.000083   52.240
  470973.97  5891393.64   1.005882   0.000057   0.000081   52.236
  470974.77  5891394.26   1.005837   0.000055   0.000079   52.233
  470975.56  5891394.88   1.005790   0.000053   0.000076   52.230
  470976.36  5891395.49   1.005742   0.000051   0.000074   52.227
  470977.15  5891396.11   1.005692   0.000050   0.000071   52.224
  470977.95  5891396.72   1.005640   0.000048   0.000069   52.221
  470978.74  5891397.34   1.005587   0.000046   0.000066   52.218
  470979.54  5891397.96   1.005532   0.000044   0.000064   52.215
  470980.33  5891398.57   1.005474   0.000043   0.000061   52.213
  470981.13  5891399.19   1.005414   0.000041   0.000059   52.210
  470981.92  5891399.80   1.005357   0.000040   0.000057   52.208
  470982.72  5891400.42   1.005300   0.000039   0.000055   52.206
  470983.51  5891401.04   1.005246   0.000037   0.000053   52.204
  470984.31  5891401.65   1.005193   0.000036   0.000052   52.201
  470985.10  5891402.27   1.005143   0.000035   0.000050   52.199
  470985.89  5891402.88   1.005094   0.000034   0.000048   52.197
  470986.69  5891403.50   1.005046   0.000032   0.000046   52.195
  470987.48  5891404.12   1.005001   0.000031   0.000045   52.193
  470988.28  5891404.73   1.004957   0.000030   0.000043   52.192
  470989.07  5891405.35   1.004915   0.000029   0.000041   52.190
  470989.86  5891405.96   1.004875   0.000027   0.000039   52.188
  470990.66  5891406.58   1.004837   0.000026   0.000037   52.187
  470991.45  5891407.20   1.004800   0.000025   0.000036   52.185
  470992.25  5891407.81   1.004766   0.000024   0.000034   52.184
  470993.04  5891408.43   1.004733   0.000022   0.000032   52.182
  470993.83  5891409.04   1.004702   0.000021   0.000030   52.181
  470994.63  5891409.66   1.004672   0.000020   0.000029   52.180
  470995.42  5891410.28   1.004645   0.000019   0.000027   52.179
  470996.21  5891410.89   1.004619   0.000017   0.000025   52.178
  470997.01  5891411.51   1.004595   0.000016   0.000023   52.177
  470997.80  5891412.13   1.004572   0.000015   0.000021   52.176
  470998.59  5891412.74   1.004552   0.000014   0.000020   52.175
  470999.39  5891413.36   1.004533   0.000013   0.000018   52.174
  471000.18  5891413.97   1.004516   0.000011   0.000016   52.173
  471000.97  5891414.59   1.004501   0.000010   0.000014   52.173
  471001.77  5891415.21   1.004488   0.000009   0.000012   52.172
  471002.56  5891415.82   1.004476   0.000008   0.000011   52.172
  471003.35  5891416.44   1.004466   0.000006   0.000009   52.171
  471004.15  5891417.05   1.004458   0.000005   0.000007   52.171
  471004.94  5891417.67   1.004452   0.000004   0.000005   52.171
  471005.73  5891418.29   1.004448   0.000002   0.000003   52.170
  471006.53  5891418.90   1.004446   0.000001   0.000002   52.170
