  471211.00  5892993.50   0.067037   0.000368   0.000002    0.000
  471211.05  5892993.54   0.067870   0.000710   0.000005   49.358
  471211.10  5892993.59   0.069536   0.001328   0.000009   49.355
  471211.16  5892993.63   0.071202   0.001875   0.000013   49.350
  471211.21  5892993.68   0.072867   0.002359   0.000018   49.342
  471211.27  5892993.73   0.074530   0.002787   0.000022   49.332
  471211.32  5892993.78   0.076193   0.003167   0.000026   49.320
  471211.38  5892993.83   0.077856   0.003502   0.000030   49.306
  471211.44  5892993.88   0.079517   0.003800   0.000034   49.291
  471211.50  5892993.93   0.081178   0.004063   0.000038   49.274
  471211.57  5892993.98   0.082838   0.004296   0.000042   49.255
  471211.63  5892994.04   0.084497   0.004502   0.000045   49.234
  471211.69  5892994.10   0.086155   0.004684   0.000049   49.212
  471211.76  5892994.15   0.087813   0.004844   0.000053   49.189
  471211.83  5892994.21   0.089469   0.004986   0.000056   49.165
  471211.89  5892994.27   0.091125   0.005110   0.000060   49.139
  471211.96  5892994.33   0.092781   0.005218   0.000064   49.113
  471212.03  5892994.39   0.094435   0.005313   0.000067   49.085
  471212.11  5892994.45   0.096089   0.005395   0.000070   49.056
  471212.18  5892994.52   0.097741   0.005466   0.000074   49.027
  471212.25  5892994.58   0.099394   0.005527   0.000077   48.996
  471212.33  5892994.65   0.101045   0.005579   0.000081   48.964
  471212.41  5892994.71   0.102695   0.005623   0.000084   48.932
  471212.48  5892994.78   0.104345   0.005659   0.000087   48.899
  471212.56  5892994.85   0.105994   0.005689   0.000090   48.865
  471212.64  5892994.92   0.107643   0.005712   0.000094   48.831
  471212.73  5892994.99   0.109290   0.005731   0.000097   48.795
  471212.81  5892995.07   0.110937   0.005744   0.000100   48.760
  471212.89  5892995.14   0.112583   0.005752   0.000103   48.723
  471212.98  5892995.21   0.114229   0.005757   0.000106   48.686
  471213.06  5892995.29   0.115874   0.005758   0.000109   48.648
  471213.15  5892995.37   0.117518   0.005756   0.000112   48.610
  471213.24  5892995.45   0.119161   0.005751   0.000115   48.571
  471213.33  5892995.52   0.120803   0.005743   0.000119   48.532
  471213.42  5892995.61   0.122445   0.005733   0.000122   48.492
  471213.51  5892995.69   0.124086   0.005720   0.000125   48.452
  471213.61  5892995.77   0.125727   0.005706   0.000128   48.411
  471213.70  5892995.85   0.127367   0.005689   0.000131   48.370
  471213.80  5892995.94   0.129006   0.005671   0.000133   48.329
  471213.89  5892996.03   0.130644   0.005652   0.000136   48.287
  471213.99  5892996.11   0.132282   0.005632   0.000139   48.244
  471214.09  5892996.20   0.133919   0.005610   0.000142   48.202
  471214.19  5892996.29   0.135556   0.005587   0.000145   48.159
  471214.29  5892996.38   0.137191   0.005563   0.000148   48.115
  471214.40  5892996.48   0.138826   0.005539   0.000151   48.072
  471214.50  5892996.57   0.140461   0.005513   0.000154   48.028
  471214.60  5892996.66   0.142095   0.005488   0.000157   47.983
  471214.71  5892996.76   0.143728   0.005461   0.000160   47.939
  471214.82  5892996.86   0.145360   0.005434   0.000162   47.894
  471214.93  5892996.95   0.146992   0.005407   0.000165   47.848
  471215.04  5892997.05   0.148623   0.005379   0.000168   47.803
  471215.15  5892997.15   0.150254   0.005351   0.000171   47.757
  471215.26  5892997.26   0.151884   0.005322   0.000174   47.711
  471215.37  5892997.36   0.153513   0.005294   0.000176   47.665
  471215.49  5892997.46   0.155142   0.005265   0.000179   47.618
  471215.60  5892997.57   0.156770   0.005236   0.000182   47.571
  471215.72  5892997.67   0.158398   0.005207   0.000185   47.524
  471215.83  5892997.78   0.160025   0.005178   0.000188   47.477
  471215.95  5892997.89   0.161651   0.005149   0.000190   47.429
  471216.07  5892998.00   0.163277   0.005120   0.000193   47.382
  471216.19  5892998.11   0.164902   0.005091   0.000196   47.334
  471216.31  5892998.22   0.166527   0.005061   0.000198   47.286
  471216.44  5892998.34   0.168151   0.005032   0.000201   47.237
  471216.56  5892998.45   0.169775   0.005003   0.000204   47.189
  471216.69  5892998.57   0.171398   0.004974   0.000207   47.140
  471216.81  5892998.69   0.173020   0.004946   0.000209   47.091
  471216.94  5892998.80   0.174642   0.004917   0.000212   47.042
  471217.07  5892998.92   0.176263   0.004888   0.000215   46.993
  471217.20  5892999.04   0.177884   0.004860   0.000217   46.944
  471217.33  5892999.17   0.179504   0.004832   0.000220   46.894
  471217.46  5892999.29   0.181124   0.004803   0.000223   46.845
  471217.59  5892999.41   0.182743   0.004775   0.000226   46.795
  471217.73  5892999.54   0.184362   0.004748   0.000228   46.745
  471217.86  5892999.67   0.185980   0.004720   0.000231   46.695
  471218.00  5892999.80   0.187598   0.004692   0.000234   46.644
  471218.13  5892999.93   0.189215   0.004665   0.000236   46.594
  471218.27  5893000.06   0.190831   0.004638   0.000239   46.543
  471218.41  5893000.19   0.192447   0.004611   0.000242   46.493
  471218.55  5893000.32   0.194063   0.004584   0.000244   46.442
  471218.69  5893000.46   0.195678   0.004558   0.000247   46.391
  471218.83  5893000.59   0.197293   0.004532   0.000249   46.340
  471218.98  5893000.73   0.198907   0.004506   0.000252   46.288
  471219.12  5893000.87   0.200521   0.004480   0.000255   46.237
  471219.27  5893001.01   0.202134   0.004454   0.000257   46.186
  471219.41  5893001.15   0.203747   0.004429   0.000260   46.134
  471219.56  5893001.29   0.205359   0.004403   0.000263   46.082
  471219.71  5893001.43   0.206971   0.004378   0.000265   46.031
  471219.86  5893001.58   0.208582   0.004354   0.000268   45.979
  471220.01  5893001.72   0.210193   0.004329   0.000270   45.927
  471220.16  5893001.87   0.211804   0.004305   0.000273   45.874
  471220.31  5893002.02   0.213414   0.004281   0.000276   45.822
  471220.47  5893002.17   0.215024   0.004257   0.000278   45.770
  471220.62  5893002.32   0.216633   0.004233   0.000281   45.717
  471220.78  5893002.47   0.218242   0.004209   0.000284   45.665
  471220.93  5893002.62   0.219850   0.004186   0.000286   45.612
  471221.09  5893002.78   0.221458   0.004163   0.000289   45.560
  471221.25  5893002.93   0.223066   0.004140   0.000291   45.507
  471221.41  5893003.09   0.224673   0.004117   0.000294   45.454
  471221.57  5893003.25   0.226280   0.004095   0.000297   45.401
  471221.73  5893003.41   0.227887   0.004073   0.000299   45.348
  471221.89  5893003.57   0.229493   0.004051   0.000302   45.295
  471222.06  5893003.73   0.231098   0.004029   0.000304   45.241
  471222.22  5893003.89   0.232704   0.004007   0.000307   45.188
  471222.39  5893004.06   0.234309   0.003986   0.000309   45.134
  471222.55  5893004.22   0.235913   0.003964   0.000312   45.081
  471222.72  5893004.39   0.237518   0.003943   0.000315   45.027
  471222.89  5893004.56   0.239121   0.003923   0.000317   44.974
  471223.06  5893004.73   0.240725   0.003902   0.000320   44.920
  471223.23  5893004.90   0.242328   0.003881   0.000322   44.866
  471223.40  5893005.07   0.243931   0.003861   0.000325   44.812
  471223.57  5893005.25   0.245534   0.003841   0.000327   44.758
  471223.74  5893005.42   0.247136   0.003821   0.000330   44.704
  471223.92  5893005.60   0.248738   0.003801   0.000333   44.650
  471224.09  5893005.78   0.250339   0.003782   0.000335   44.596
  471224.27  5893005.96   0.251941   0.003762   0.000338   44.542
  471224.45  5893006.14   0.253542   0.003743   0.000340   44.487
  471224.63  5893006.32   0.255142   0.003724   0.000343   44.433
  471224.80  5893006.50   0.256743   0.003705   0.000345   44.379
  471224.98  5893006.68   0.258343   0.003687   0.000348   44.324
  471225.17  5893006.87   0.259943   0.003668   0.000351   44.270
  471225.35  5893007.06   0.261542   0.003650   0.000353   44.215
  471225.53  5893007.25   0.263142   0.003632   0.000356   44.160
  471225.71  5893007.43   0.264741   0.003614   0.000358   44.105
  471225.90  5893007.63   0.266339   0.003596   0.000361   44.051
  471226.08  5893007.82   0.267938   0.003578   0.000363   43.996
  471226.27  5893008.01   0.269536   0.003561   0.000366   43.941
  471226.46  5893008.21   0.271134   0.003543   0.000368   43.886
  471226.65  5893008.40   0.272732   0.003526   0.000371   43.831
  471226.84  5893008.60   0.274329   0.003509   0.000373   43.776
  471227.03  5893008.80   0.275927   0.003492   0.000376   43.721
  471227.22  5893009.00   0.277524   0.003476   0.000379   43.665
  471227.41  5893009.20   0.279120   0.003459   0.000381   43.610
  471227.60  5893009.40   0.280717   0.003442   0.000384   43.555
  471227.80  5893009.61   0.282314   0.003426   0.000386   43.499
  471227.99  5893009.81   0.283910   0.003410   0.000389   43.444
  471228.19  5893010.02   0.285506   0.003394   0.000391   43.388
  471228.38  5893010.23   0.287102   0.003378   0.000394   43.333
  471228.58  5893010.44   0.288697   0.003362   0.000396   43.277
  471228.78  5893010.65   0.290293   0.003347   0.000399   43.222
  471228.98  5893010.86   0.291888   0.003331   0.000401   43.166
  471229.18  5893011.07   0.293483   0.003316   0.000404   43.110
  471229.38  5893011.29   0.295078   0.003301   0.000406   43.055
  471229.58  5893011.51   0.296673   0.003286   0.000409   42.999
  471229.78  5893011.72   0.298267   0.003271   0.000412   42.943
  471229.99  5893011.94   0.299862   0.003256   0.000414   42.887
  471230.19  5893012.16   0.301456   0.003241   0.000417   42.831
  471230.40  5893012.39   0.303050   0.003227   0.000419   42.775
  471230.60  5893012.61   0.304644   0.003212   0.000422   42.719
  471230.81  5893012.83   0.306238   0.003198   0.000424   42.663
  471231.02  5893013.06   0.307832   0.003184   0.000427   42.607
  471231.23  5893013.29   0.309425   0.003170   0.000429   42.551
  471231.43  5893013.52   0.311019   0.003156   0.000432   42.495
  471231.65  5893013.75   0.312612   0.003142   0.000434   42.438
  471231.86  5893013.98   0.314206   0.003128   0.000437   42.382
  471232.07  5893014.21   0.315799   0.003114   0.000439   42.326
  471232.28  5893014.44   0.317392   0.003101   0.000442   42.269
  471232.50  5893014.68   0.318985   0.003088   0.000444   42.213
  471232.71  5893014.92   0.320578   0.003074   0.000447   42.157
  471232.93  5893015.15   0.322171   0.003061   0.000449   42.100
  471233.14  5893015.39   0.323763   0.003048   0.000452   42.044
  471233.36  5893015.64   0.325356   0.003035   0.000454   41.987
  471233.58  5893015.88   0.326949   0.003022   0.000457   41.930
  471233.80  5893016.12   0.328541   0.003009   0.000459   41.874
  471234.01  5893016.37   0.330134   0.002997   0.000462   41.817
  471234.24  5893016.62   0.331726   0.002984   0.000464   41.761
  471234.46  5893016.86   0.333319   0.002972   0.000467   41.704
  471234.68  5893017.11   0.334911   0.002959   0.000469   41.647
  471234.90  5893017.36   0.336504   0.002947   0.000472   41.590
  471235.13  5893017.62   0.338096   0.002935   0.000474   41.533
  471235.35  5893017.87   0.339688   0.002923   0.000477   41.477
  471235.57  5893018.13   0.341281   0.002911   0.000479   41.420
  471235.80  5893018.38   0.342873   0.002899   0.000482   41.363
  471236.03  5893018.64   0.344465   0.002887   0.000484   41.306
  471236.26  5893018.90   0.346057   0.002875   0.000487   41.249
  471236.48  5893019.16   0.347650   0.002864   0.000489   41.192
  471236.71  5893019.42   0.349242   0.002852   0.000492   41.135
  471236.94  5893019.69   0.350834   0.002841   0.000494   41.078
  471237.17  5893019.95   0.352427   0.002829   0.000497   41.021
  471237.41  5893020.22   0.354019   0.002818   0.000499   40.964
  471237.64  5893020.49   0.355611   0.002807   0.000502   40.906
  471237.87  5893020.76   0.357204   0.002796   0.000504   40.849
  471238.10  5893021.03   0.358796   0.002785   0.000507   40.792
  471238.34  5893021.30   0.360389   0.002774   0.000509   40.735
  471238.57  5893021.57   0.361981   0.002763   0.000512   40.677
  471238.81  5893021.85   0.363574   0.002752   0.000514   40.620
  471239.05  5893022.13   0.365167   0.002741   0.000517   40.563
  471239.29  5893022.41   0.366760   0.002731   0.000519   40.505
  471239.52  5893022.68   0.368352   0.002720   0.000522   40.448
  471239.76  5893022.97   0.369945   0.002710   0.000524   40.391
  471240.00  5893023.25   0.371538   0.002699   0.000527   40.333
  471240.24  5893023.53   0.373131   0.002689   0.000529   40.276
  471240.49  5893023.82   0.374725   0.002679   0.000532   40.218
  471240.73  5893024.11   0.376318   0.002668   0.000534   40.161
  471240.97  5893024.39   0.377911   0.002658   0.000537   40.103
  471241.21  5893024.68   0.379505   0.002648   0.000539   40.046
  471241.46  5893024.98   0.381098   0.002638   0.000542   39.988
  471241.70  5893025.27   0.382692   0.002628   0.000544   39.931
  471241.95  5893025.56   0.384286   0.002618   0.000547   39.873
  471242.20  5893025.86   0.385880   0.002609   0.000549   39.815
  471242.44  5893026.16   0.387474   0.002599   0.000552   39.758
  471242.69  5893026.45   0.389068   0.002589   0.000554   39.700
  471242.94  5893026.75   0.390663   0.002580   0.000557   39.642
  471243.19  5893027.06   0.392257   0.002570   0.000559   39.584
  471243.44  5893027.36   0.393852   0.002561   0.000562   39.527
  471243.69  5893027.66   0.395447   0.002551   0.000564   39.469
  471243.94  5893027.97   0.397042   0.002542   0.000567   39.411
  471244.19  5893028.28   0.398637   0.002533   0.000569   39.353
  471244.45  5893028.59   0.400233   0.002523   0.000572   39.295
  471244.70  5893028.90   0.401828   0.002514   0.000574   39.238
  471244.96  5893029.21   0.403424   0.002505   0.000577   39.180
  471245.21  5893029.52   0.405020   0.002496   0.000579   39.122
  471245.47  5893029.84   0.406616   0.002487   0.000582   39.064
  471245.72  5893030.15   0.408213   0.002478   0.000584   39.006
  471245.98  5893030.47   0.409809   0.002469   0.000587   38.948
  471246.24  5893030.79   0.411406   0.002461   0.000589   38.890
  471246.50  5893031.11   0.413003   0.002452   0.000591   38.832
  471246.76  5893031.44   0.414601   0.002443   0.000594   38.774
  471247.01  5893031.76   0.416198   0.002435   0.000596   38.716
  471247.28  5893032.09   0.417796   0.002426   0.000599   38.658
  471247.54  5893032.41   0.419394   0.002417   0.000601   38.600
  471247.80  5893032.74   0.420992   0.002409   0.000604   38.542
  471248.06  5893033.07   0.422591   0.002401   0.000606   38.484
  471248.32  5893033.40   0.424189   0.002392   0.000609   38.425
  471248.59  5893033.74   0.425788   0.002384   0.000611   38.367
  471248.85  5893034.07   0.427388   0.002376   0.000614   38.309
  471249.12  5893034.41   0.428987   0.002367   0.000616   38.251
  471249.38  5893034.75   0.430587   0.002359   0.000619   38.193
  471249.65  5893035.08   0.432187   0.002351   0.000621   38.135
  471249.92  5893035.43   0.433788   0.002343   0.000624   38.076
  471250.18  5893035.77   0.435388   0.002335   0.000626   38.018
  471250.45  5893036.11   0.436989   0.002327   0.000628   37.960
  471250.72  5893036.46   0.438591   0.002319   0.000631   37.902
  471250.99  5893036.80   0.440192   0.002311   0.000633   37.843
  471251.26  5893037.15   0.441794   0.002304   0.000636   37.785
  471251.53  5893037.50   0.443397   0.002296   0.000638   37.727
  471251.80  5893037.85   0.444999   0.002288   0.000641   37.668
  471252.08  5893038.21   0.446602   0.002280   0.000643   37.610
  471252.35  5893038.56   0.448205   0.002273   0.000646   37.552
  471252.62  5893038.92   0.449809   0.002265   0.000648   37.493
  471252.90  5893039.28   0.451413   0.002258   0.000651   37.435
  471253.17  5893039.64   0.453017   0.002250   0.000653   37.377
  471253.45  5893040.00   0.454622   0.002243   0.000655   37.318
  471253.72  5893040.36   0.456227   0.002235   0.000658   37.260
  471254.00  5893040.72   0.457833   0.002228   0.000660   37.201
  471254.27  5893041.09   0.459438   0.002220   0.000663   37.143
  471254.55  5893041.46   0.461045   0.002213   0.000665   37.084
  471254.83  5893041.82   0.462651   0.002206   0.000668   37.026
  471255.11  5893042.19   0.464258   0.002199   0.000670   36.967
  471255.39  5893042.57   0.465865   0.002191   0.000673   36.909
  471255.67  5893042.94   0.467473   0.002184   0.000675   36.850
  471255.95  5893043.32   0.469081   0.002177   0.000678   36.792
  471256.23  5893043.69   0.470690   0.002170   0.000680   36.733
  471256.51  5893044.07   0.472299   0.002163   0.000682   36.675
  471256.79  5893044.45   0.473908   0.002156   0.000685   36.616
  471257.08  5893044.83   0.475518   0.002149   0.000687   36.558
  471257.36  5893045.21   0.477129   0.002142   0.000690   36.499
  471257.64  5893045.60   0.478739   0.002135   0.000692   36.441
  471257.93  5893045.98   0.480350   0.002129   0.000695   36.382
  471258.21  5893046.37   0.481962   0.002122   0.000697   36.324
  471258.50  5893046.76   0.483574   0.002115   0.000699   36.265
  471258.78  5893047.15   0.485187   0.002108   0.000702   36.206
  471259.07  5893047.54   0.486800   0.002102   0.000704   36.148
  471259.36  5893047.94   0.488413   0.002095   0.000707   36.089
  471259.65  5893048.33   0.490027   0.002088   0.000709   36.031
  471259.93  5893048.73   0.491642   0.002082   0.000712   35.972
  471260.22  5893049.13   0.493257   0.002075   0.000714   35.913
  471260.51  5893049.53   0.494872   0.002069   0.000716   35.855
  471260.80  5893049.93   0.496488   0.002062   0.000719   35.796
  471261.09  5893050.34   0.498104   0.002056   0.000721   35.737
  471261.38  5893050.74   0.499721   0.002049   0.000724   35.679
  471261.68  5893051.15   0.501339   0.002043   0.000726   35.620
  471261.97  5893051.56   0.502957   0.002037   0.000729   35.561
  471262.26  5893051.97   0.504575   0.002030   0.000731   35.503
  471262.55  5893052.38   0.506194   0.002024   0.000733   35.444
  471262.85  5893052.79   0.507814   0.002018   0.000736   35.385
  471263.14  5893053.21   0.509434   0.002012   0.000738   35.326
  471263.43  5893053.62   0.511054   0.002005   0.000741   35.268
  471263.73  5893054.04   0.512676   0.001999   0.000743   35.209
  471264.03  5893054.46   0.514297   0.001993   0.000746   35.150
  471264.32  5893054.88   0.515920   0.001987   0.000748   35.092
  471264.62  5893055.31   0.517542   0.001981   0.000750   35.033
  471264.92  5893055.73   0.519166   0.001975   0.000753   34.974
  471265.21  5893056.16   0.520790   0.001969   0.000755   34.915
  471265.51  5893056.59   0.522415   0.001963   0.000758   34.857
  471265.81  5893057.02   0.524040   0.001957   0.000760   34.798
  471266.11  5893057.45   0.525665   0.001951   0.000762   34.739
  471266.41  5893057.88   0.527292   0.001945   0.000765   34.680
  471266.71  5893058.31   0.528919   0.001942   0.000768   34.621
  471267.01  5893058.75   0.530546   0.001938   0.000772   34.563
  471267.31  5893059.19   0.532174   0.001928   0.000772   34.504
  471267.61  5893059.63   0.533803   0.001913   0.000771   34.445
  471267.91  5893060.07   0.535433   0.001898   0.000769   34.386
  471268.22  5893060.51   0.537065   0.001883   0.000768   34.328
  471268.52  5893060.96   0.538697   0.001869   0.000767   34.270
  471268.82  5893061.40   0.540331   0.001854   0.000766   34.213
  471269.13  5893061.85   0.541966   0.001840   0.000764   34.155
  471269.43  5893062.30   0.543602   0.001826   0.000763   34.098
  471269.74  5893062.75   0.545239   0.001812   0.000762   34.041
  471270.04  5893063.20   0.546877   0.001798   0.000761   33.984
  471270.35  5893063.66   0.548516   0.001785   0.000759   33.928
  471270.65  5893064.11   0.550156   0.001771   0.000758   33.872
  471270.96  5893064.57   0.551798   0.001758   0.000757   33.816
  471271.27  5893065.03   0.553440   0.001745   0.000756   33.761
  471271.57  5893065.49   0.555084   0.001732   0.000755   33.705
  471271.88  5893065.96   0.556729   0.001719   0.000753   33.650
  471272.19  5893066.42   0.558375   0.001706   0.000752   33.595
  471272.50  5893066.89   0.560022   0.001693   0.000751   33.541
  471272.81  5893067.35   0.561670   0.001681   0.000750   33.486
  471273.12  5893067.82   0.563320   0.001668   0.000749   33.432
  471273.43  5893068.29   0.564971   0.001656   0.000748   33.379
  471273.74  5893068.77   0.566622   0.001645   0.000747   33.325
  471274.05  5893069.24   0.568272   0.001634   0.000746   33.272
  471274.36  5893069.72   0.569922   0.001623   0.000745   33.218
  471274.67  5893070.20   0.571572   0.001612   0.000745   33.165
  471274.99  5893070.67   0.573221   0.001601   0.000744   33.113
  471275.30  5893071.16   0.574870   0.001590   0.000743   33.060
  471275.61  5893071.64   0.576519   0.001580   0.000743   33.008
  471275.93  5893072.12   0.578168   0.001569   0.000742   32.955
  471276.24  5893072.61   0.579816   0.001559   0.000741   32.903
  471276.56  5893073.10   0.581463   0.001549   0.000740   32.852
  471276.87  5893073.59   0.583111   0.001539   0.000740   32.800
  471277.19  5893074.08   0.584758   0.001528   0.000739   32.749
  471277.51  5893074.57   0.586405   0.001519   0.000738   32.697
  471277.82  5893075.06   0.588051   0.001509   0.000738   32.646
  471278.14  5893075.56   0.589697   0.001499   0.000737   32.596
  471278.46  5893076.06   0.591343   0.001490   0.000737   32.545
  471278.78  5893076.56   0.592988   0.001480   0.000736   32.494
  471279.09  5893077.06   0.594633   0.001471   0.000735   32.444
  471279.41  5893077.56   0.596278   0.001461   0.000735   32.394
  471279.73  5893078.07   0.597922   0.001452   0.000734   32.344
  471280.05  5893078.57   0.599566   0.001443   0.000734   32.294
  471280.37  5893079.08   0.601210   0.001434   0.000733   32.245
  471280.69  5893079.59   0.602853   0.001425   0.000733   32.195
  471281.01  5893080.10   0.604496   0.001416   0.000732   32.146
  471281.34  5893080.61   0.606139   0.001408   0.000731   32.097
  471281.66  5893081.13   0.607781   0.001399   0.000731   32.048
  471281.98  5893081.64   0.609423   0.001391   0.000730   32.000
  471282.30  5893082.16   0.611064   0.001382   0.000730   31.951
  471282.63  5893082.68   0.612705   0.001374   0.000729   31.903
  471282.95  5893083.20   0.614346   0.001365   0.000729   31.854
  471283.28  5893083.73   0.615987   0.001357   0.000728   31.806
  471283.60  5893084.25   0.617627   0.001349   0.000728   31.758
  471283.92  5893084.78   0.619266   0.001341   0.000727   31.711
  471284.25  5893085.30   0.620906   0.001333   0.000727   31.663
  471284.58  5893085.83   0.622545   0.001325   0.000726   31.616
  471284.90  5893086.36   0.624183   0.001318   0.000726   31.568
  471285.23  5893086.90   0.625822   0.001310   0.000726   31.521
  471285.56  5893087.43   0.627460   0.001302   0.000725   31.474
  471285.88  5893087.97   0.629097   0.001295   0.000725   31.427
  471286.21  5893088.51   0.630734   0.001287   0.000724   31.381
  471286.54  5893089.05   0.632371   0.001280   0.000724   31.334
  471286.87  5893089.59   0.634008   0.001272   0.000723   31.288
  471287.20  5893090.13   0.635644   0.001265   0.000723   31.242
  471287.53  5893090.67   0.637280   0.001258   0.000723   31.196
  471287.86  5893091.22   0.638915   0.001251   0.000722   31.150
  471288.19  5893091.77   0.640550   0.001244   0.000722   31.104
  471288.52  5893092.32   0.642185   0.001237   0.000721   31.058
  471288.85  5893092.87   0.643819   0.001230   0.000721   31.013
  471289.18  5893093.42   0.645453   0.001223   0.000721   30.967
  471289.51  5893093.97   0.647086   0.001216   0.000720   30.922
  471289.85  5893094.53   0.648719   0.001210   0.000720   30.877
  471290.18  5893095.09   0.650352   0.001203   0.000720   30.832
  471290.51  5893095.65   0.651985   0.001197   0.000719   30.787
  471290.85  5893096.21   0.653617   0.001190   0.000719   30.742
  471291.18  5893096.77   0.655248   0.001184   0.000719   30.698
  471291.52  5893097.34   0.656880   0.001177   0.000718   30.653
  471291.85  5893097.90   0.658510   0.001171   0.000718   30.609
  471292.19  5893098.47   0.660141   0.001165   0.000718   30.565
  471292.52  5893099.04   0.661771   0.001158   0.000717   30.521
  471292.86  5893099.61   0.663401   0.001152   0.000717   30.477
  471293.19  5893100.18   0.665030   0.001146   0.000717   30.433
  471293.53  5893100.76   0.666659   0.001140   0.000717   30.390
  471293.87  5893101.33   0.668288   0.001134   0.000716   30.346
  471294.21  5893101.91   0.669916   0.001128   0.000716   30.303
  471294.54  5893102.49   0.671544   0.001122   0.000716   30.259
  471294.88  5893103.07   0.673172   0.001116   0.000715   30.216
  471295.22  5893103.65   0.674799   0.001111   0.000715   30.173
  471295.56  5893104.24   0.676425   0.001105   0.000715   30.130
  471295.90  5893104.82   0.678052   0.001099   0.000715   30.087
  471296.24  5893105.41   0.679678   0.001094   0.000715   30.045
  471296.58  5893106.00   0.681303   0.001088   0.000714   30.002
  471296.92  5893106.59   0.682929   0.001083   0.000714   29.960
  471297.26  5893107.19   0.684553   0.001077   0.000714   29.917
  471297.60  5893107.78   0.686178   0.001072   0.000714   29.875
  471297.94  5893108.38   0.687802   0.001067   0.000714   29.833
  471298.29  5893108.97   0.689426   0.001062   0.000714   29.791
  471298.63  5893109.57   0.691049   0.001056   0.000713   29.749
  471298.97  5893110.17   0.692672   0.001049   0.000712   29.707
  471299.32  5893110.78   0.694294   0.001042   0.000710   29.665
  471299.66  5893111.38   0.695915   0.001035   0.000709   29.624
  471300.00  5893111.99   0.697535   0.001028   0.000707   29.583
  471300.35  5893112.59   0.699154   0.001021   0.000706   29.542
  471300.69  5893113.20   0.700772   0.001014   0.000705   29.501
  471301.04  5893113.81   0.702389   0.001008   0.000703   29.460
  471301.38  5893114.43   0.704005   0.001001   0.000702   29.419
  471301.73  5893115.04   0.705621   0.000995   0.000700   29.379
  471302.07  5893115.66   0.707235   0.000988   0.000699   29.339
  471302.42  5893116.27   0.708848   0.000982   0.000698   29.299
  471302.77  5893116.89   0.710461   0.000975   0.000696   29.259
  471303.11  5893117.51   0.712073   0.000969   0.000695   29.219
  471303.46  5893118.14   0.713683   0.000963   0.000694   29.180
  471303.81  5893118.76   0.715293   0.000957   0.000692   29.140
  471304.16  5893119.39   0.716902   0.000952   0.000692   29.101
  471304.51  5893120.01   0.718510   0.000947   0.000691   29.062
  471304.86  5893120.64   0.720117   0.000939   0.000688   29.023
  471305.21  5893121.27   0.721723   0.000929   0.000684   28.984
  471305.56  5893121.90   0.723328   0.000920   0.000680   28.946
  471305.91  5893122.54   0.724932   0.000910   0.000676   28.908
  471306.26  5893123.17   0.726535   0.000901   0.000672   28.870
  471306.61  5893123.81   0.728137   0.000892   0.000668   28.832
  471306.96  5893124.45   0.729739   0.000882   0.000665   28.795
  471307.31  5893125.09   0.731339   0.000873   0.000661   28.758
  471307.66  5893125.73   0.732938   0.000864   0.000657   28.722
  471308.01  5893126.38   0.734537   0.000856   0.000653   28.685
  471308.37  5893127.02   0.736134   0.000847   0.000649   28.649
  471308.72  5893127.67   0.737731   0.000838   0.000645   28.614
  471309.07  5893128.32   0.739326   0.000829   0.000641   28.578
  471309.43  5893128.97   0.740921   0.000821   0.000637   28.543
  471309.78  5893129.62   0.742515   0.000813   0.000634   28.508
  471310.13  5893130.27   0.744107   0.000804   0.000630   28.474
  471310.49  5893130.93   0.745699   0.000796   0.000626   28.439
  471310.84  5893131.58   0.747289   0.000788   0.000622   28.405
  471311.20  5893132.24   0.748879   0.000780   0.000618   28.372
  471311.55  5893132.90   0.750467   0.000772   0.000615   28.338
  471311.91  5893133.56   0.752055   0.000764   0.000611   28.305
  471312.27  5893134.23   0.753641   0.000756   0.000607   28.272
  471312.62  5893134.89   0.755227   0.000748   0.000603   28.239
  471312.98  5893135.56   0.756811   0.000740   0.000600   28.207
  471313.34  5893136.23   0.758395   0.000733   0.000596   28.175
  471313.70  5893136.89   0.759977   0.000725   0.000592   28.143
  471314.06  5893137.57   0.761558   0.000718   0.000589   28.112
  471314.42  5893138.24   0.763139   0.000710   0.000585   28.080
  471314.77  5893138.91   0.764718   0.000703   0.000581   28.049
  471315.13  5893139.59   0.766296   0.000695   0.000578   28.018
  471315.49  5893140.27   0.767873   0.000688   0.000574   27.988
  471315.85  5893140.94   0.769449   0.000681   0.000570   27.958
  471316.22  5893141.63   0.771024   0.000674   0.000567   27.928
  471316.58  5893142.31   0.772598   0.000667   0.000563   27.898
  471316.94  5893142.99   0.774171   0.000660   0.000559   27.868
  471317.30  5893143.68   0.775743   0.000653   0.000556   27.839
  471317.66  5893144.36   0.777313   0.000646   0.000552   27.810
  471318.02  5893145.05   0.778883   0.000640   0.000549   27.781
  471318.39  5893145.74   0.780452   0.000633   0.000545   27.753
  471318.75  5893146.43   0.782019   0.000626   0.000542   27.724
  471319.11  5893147.13   0.783585   0.000620   0.000538   27.696
  471319.48  5893147.82   0.785150   0.000613   0.000535   27.668
  471319.84  5893148.52   0.786714   0.000607   0.000531   27.641
  471320.21  5893149.21   0.788277   0.000600   0.000528   27.614
  471320.57  5893149.91   0.789839   0.000594   0.000524   27.586
  471320.94  5893150.62   0.791400   0.000588   0.000521   27.560
  471321.31  5893151.32   0.792960   0.000582   0.000517   27.533
  471321.67  5893152.02   0.794518   0.000576   0.000514   27.506
  471322.04  5893152.73   0.796075   0.000569   0.000510   27.480
  471322.41  5893153.43   0.797632   0.000563   0.000507   27.454
  471322.77  5893154.14   0.799187   0.000557   0.000504   27.429
  471323.14  5893154.85   0.800741   0.000552   0.000500   27.403
  471323.51  5893155.57   0.802294   0.000546   0.000497   27.378
  471323.88  5893156.28   0.803845   0.000540   0.000493   27.353
  471324.25  5893156.99   0.805396   0.000534   0.000490   27.328
  471324.62  5893157.71   0.806945   0.000528   0.000487   27.303
  471324.99  5893158.43   0.808493   0.000523   0.000483   27.279
  471325.36  5893159.15   0.810041   0.000517   0.000480   27.254
  471325.73  5893159.87   0.811586   0.000512   0.000477   27.230
  471326.10  5893160.59   0.813131   0.000506   0.000473   27.207
  471326.47  5893161.31   0.814675   0.000501   0.000470   27.183
  471326.85  5893162.04   0.816217   0.000495   0.000467   27.160
  471327.22  5893162.77   0.817758   0.000490   0.000463   27.137
  471327.59  5893163.50   0.819299   0.000485   0.000460   27.114
  471327.97  5893164.23   0.820837   0.000479   0.000457   27.091
  471328.34  5893164.96   0.822375   0.000474   0.000453   27.068
  471328.71  5893165.69   0.823912   0.000469   0.000450   27.046
  471329.09  5893166.42   0.825447   0.000464   0.000447   27.024
  471329.46  5893167.16   0.826981   0.000459   0.000444   27.002
  471329.84  5893167.90   0.828514   0.000454   0.000440   26.980
  471330.22  5893168.64   0.830046   0.000449   0.000437   26.959
  471330.59  5893169.38   0.831577   0.000444   0.000434   26.937
  471330.97  5893170.12   0.833106   0.000439   0.000431   26.916
  471331.35  5893170.86   0.834634   0.000434   0.000428   26.895
  471331.72  5893171.61   0.836161   0.000429   0.000424   26.874
  471332.10  5893172.36   0.837687   0.000424   0.000421   26.854
  471332.48  5893173.10   0.839211   0.000420   0.000418   26.834
  471332.86  5893173.85   0.840735   0.000415   0.000415   26.813
  471333.24  5893174.61   0.842257   0.000410   0.000412   26.793
  471333.62  5893175.36   0.843778   0.000406   0.000409   26.774
  471334.00  5893176.11   0.845298   0.000401   0.000405   26.754
  471334.38  5893176.87   0.846816   0.000397   0.000402   26.735
  471334.76  5893177.62   0.848333   0.000392   0.000399   26.715
  471335.14  5893178.38   0.849849   0.000388   0.000396   26.696
  471335.52  5893179.14   0.851364   0.000383   0.000393   26.677
  471335.91  5893179.90   0.852878   0.000379   0.000390   26.659
  471336.29  5893180.67   0.854390   0.000375   0.000387   26.640
  471336.67  5893181.43   0.855901   0.000370   0.000384   26.622
  471337.06  5893182.20   0.857411   0.000366   0.000381   26.604
  471337.44  5893182.97   0.858920   0.000362   0.000377   26.586
  471337.82  5893183.73   0.860427   0.000358   0.000374   26.568
  471338.21  5893184.50   0.861934   0.000353   0.000371   26.550
  471338.59  5893185.28   0.863439   0.000349   0.000368   26.533
  471338.98  5893186.05   0.864942   0.000345   0.000365   26.515
  471339.37  5893186.82   0.866445   0.000341   0.000362   26.498
  471339.75  5893187.60   0.867946   0.000337   0.000359   26.481
  471340.14  5893188.38   0.869446   0.000333   0.000356   26.465
  471340.53  5893189.16   0.870945   0.000329   0.000353   26.448
  471340.92  5893189.94   0.872442   0.000325   0.000350   26.432
  471341.30  5893190.72   0.873938   0.000321   0.000347   26.415
  471341.69  5893191.50   0.875433   0.000318   0.000344   26.399
  471342.08  5893192.29   0.876927   0.000314   0.000341   26.383
  471342.47  5893193.08   0.878419   0.000310   0.000338   26.368
  471342.86  5893193.86   0.879911   0.000306   0.000335   26.352
  471343.25  5893194.65   0.881400   0.000302   0.000332   26.337
  471343.64  5893195.44   0.882889   0.000299   0.000329   26.321
  471344.04  5893196.24   0.884376   0.000295   0.000326   26.306
  471344.43  5893197.03   0.885863   0.000291   0.000323   26.291
  471344.82  5893197.82   0.887347   0.000288   0.000320   26.276
  471345.21  5893198.62   0.888831   0.000284   0.000318   26.262
  471345.61  5893199.42   0.890313   0.000281   0.000315   26.247
  471346.00  5893200.22   0.891794   0.000277   0.000312   26.233
  471346.39  5893201.02   0.893274   0.000274   0.000309   26.219
  471346.79  5893201.82   0.894752   0.000270   0.000306   26.205
  471347.18  5893202.62   0.896230   0.000267   0.000303   26.191
  471347.58  5893203.43   0.897706   0.000263   0.000300   26.177
  471347.98  5893204.23   0.899180   0.000260   0.000297   26.164
  471348.37  5893205.04   0.900653   0.000257   0.000294   26.150
  471348.77  5893205.85   0.902125   0.000253   0.000291   26.137
  471349.17  5893206.66   0.903596   0.000250   0.000289   26.124
  471349.57  5893207.47   0.905066   0.000247   0.000286   26.111
  471349.96  5893208.29   0.906534   0.000243   0.000283   26.098
  471350.36  5893209.10   0.908001   0.000240   0.000280   26.086
  471350.76  5893209.92   0.909466   0.000237   0.000277   26.073
  471351.16  5893210.74   0.910931   0.000234   0.000274   26.061
  471351.56  5893211.56   0.912394   0.000231   0.000272   26.049
  471351.96  5893212.38   0.913855   0.000228   0.000269   26.037
  471352.37  5893213.20   0.915316   0.000224   0.000266   26.025
  471352.77  5893214.02   0.916775   0.000221   0.000263   26.013
  471353.17  5893214.85   0.918233   0.000218   0.000260   26.001
  471353.57  5893215.67   0.919689   0.000215   0.000257   25.990
  471353.97  5893216.50   0.921144   0.000212   0.000255   25.978
  471354.38  5893217.33   0.922598   0.000209   0.000252   25.967
  471354.78  5893218.16   0.924051   0.000206   0.000249   25.956
  471355.19  5893218.99   0.925502   0.000203   0.000246   25.945
  471355.59  5893219.82   0.926952   0.000200   0.000244   25.934
  471356.00  5893220.66   0.928401   0.000198   0.000241   25.924
  471356.40  5893221.49   0.929848   0.000195   0.000238   25.913
  471356.81  5893222.33   0.931294   0.000192   0.000235   25.903
  471357.22  5893223.17   0.932739   0.000189   0.000233   25.893
  471357.63  5893224.01   0.934182   0.000186   0.000230   25.883
  471358.03  5893224.85   0.935624   0.000183   0.000227   25.873
  471358.44  5893225.69   0.937065   0.000181   0.000224   25.863
  471358.85  5893226.54   0.938505   0.000178   0.000222   25.853
  471359.26  5893227.38   0.939943   0.000175   0.000219   25.844
  471359.67  5893228.23   0.941380   0.000173   0.000216   25.834
  471360.08  5893229.08   0.942815   0.000170   0.000214   25.825
  471360.49  5893229.93   0.944249   0.000167   0.000211   25.816
  471360.90  5893230.78   0.945682   0.000165   0.000208   25.807
  471361.31  5893231.63   0.947114   0.000162   0.000205   25.798
  471361.73  5893232.48   0.948545   0.000159   0.000202   25.789
  471362.14  5893233.34   0.949974   0.000157   0.000200   25.780
  471362.55  5893234.19   0.951401   0.000156   0.000199   25.772
  471362.97  5893235.05   0.952826   0.000155   0.000198   25.763
  471363.38  5893235.91   0.954247   0.000153   0.000198   25.755
  471363.80  5893236.77   0.955666   0.000152   0.000197   25.746
  471364.21  5893237.63   0.957082   0.000151   0.000196   25.738
  471364.63  5893238.49   0.958496   0.000150   0.000195   25.730
  471365.04  5893239.36   0.959907   0.000149   0.000194   25.722
  471365.46  5893240.22   0.961315   0.000148   0.000194   25.713
  471365.88  5893241.09   0.962721   0.000147   0.000193   25.705
  471366.29  5893241.96   0.964123   0.000146   0.000192   25.697
  471366.71  5893242.83   0.965524   0.000145   0.000191   25.689
  471367.13  5893243.70   0.966921   0.000144   0.000191   25.681
  471367.55  5893244.57   0.968316   0.000143   0.000190   25.673
  471367.97  5893245.44   0.969708   0.000142   0.000189   25.665
  471368.39  5893246.32   0.971098   0.000141   0.000188   25.657
  471368.81  5893247.19   0.972485   0.000140   0.000187   25.649
  471369.23  5893248.07   0.973869   0.000139   0.000187   25.642
  471369.65  5893248.95   0.975250   0.000138   0.000186   25.634
  471370.08  5893249.83   0.976629   0.000137   0.000185   25.626
  471370.50  5893250.71   0.978005   0.000136   0.000184   25.618
  471370.92  5893251.59   0.979379   0.000135   0.000184   25.611
  471371.35  5893252.48   0.980749   0.000134   0.000183   25.603
  471371.77  5893253.36   0.982118   0.000134   0.000182   25.596
  471372.19  5893254.25   0.983483   0.000133   0.000181   25.588
  471372.62  5893255.14   0.984846   0.000132   0.000181   25.581
  471373.04  5893256.03   0.986206   0.000131   0.000180   25.573
  471373.47  5893256.92   0.987563   0.000130   0.000179   25.566
  471373.90  5893257.81   0.988918   0.000129   0.000178   25.558
  471374.32  5893258.70   0.990270   0.000128   0.000178   25.551
  471374.75  5893259.59   0.991619   0.000127   0.000177   25.544
  471375.18  5893260.49   0.992966   0.000126   0.000176   25.537
  471375.61  5893261.39   0.994310   0.000126   0.000176   25.529
  471376.04  5893262.28   0.995651   0.000125   0.000175   25.522
  471376.46  5893263.18   0.996990   0.000124   0.000174   25.515
  471376.89  5893264.08   0.998326   0.000123   0.000173   25.508
  471377.32  5893264.99   0.999659   0.000122   0.000173   25.501
  471377.75  5893265.89   1.000990   0.000121   0.000172   25.494
  471378.19  5893266.79   1.002318   0.000120   0.000171   25.487
  471378.62  5893267.70   1.003643   0.000120   0.000170   25.480
  471379.05  5893268.61   1.004966   0.000119   0.000170   25.473
  471379.48  5893269.51   1.006286   0.000118   0.000169   25.466
  471379.91  5893270.42   1.007603   0.000117   0.000168   25.460
  471380.35  5893271.33   1.008917   0.000116   0.000168   25.453
  471380.78  5893272.24   1.010229   0.000116   0.000167   25.446
  471381.22  5893273.16   1.011538   0.000115   0.000166   25.439
  471381.65  5893274.07   1.012845   0.000114   0.000166   25.433
  471382.09  5893274.99   1.014149   0.000113   0.000165   25.426
  471382.52  5893275.90   1.015450   0.000113   0.000164   25.420
  471382.96  5893276.82   1.016748   0.000112   0.000163   25.413
  471383.39  5893277.74   1.018044   0.000111   0.000163   25.406
  471383.83  5893278.66   1.019337   0.000110   0.000162   25.400
  471384.27  5893279.58   1.020628   0.000109   0.000161   25.394
  471384.71  5893280.50   1.021916   0.000109   0.000161   25.387
  471385.14  5893281.43   1.023201   0.000108   0.000160   25.381
  471385.58  5893282.35   1.024482   0.000108   0.000160   25.374
  471386.02  5893283.28   1.025759   0.000107   0.000159   25.368
  471386.46  5893284.21   1.027033   0.000107   0.000159   25.362
  471386.90  5893285.14   1.028303   0.000106   0.000158   25.356
  471387.34  5893286.07   1.029570   0.000105   0.000158   25.349
  471387.78  5893287.00   1.030833   0.000105   0.000158   25.343
  471388.23  5893287.93   1.032092   0.000104   0.000157   25.337
  471388.67  5893288.86   1.033348   0.000104   0.000157   25.331
  471389.11  5893289.80   1.034601   0.000103   0.000156   25.325
  471389.55  5893290.73   1.035849   0.000103   0.000156   25.318
  471390.00  5893291.67   1.037094   0.000102   0.000155   25.312
  471390.44  5893292.61   1.038336   0.000102   0.000155   25.306
  471390.88  5893293.55   1.039574   0.000101   0.000155   25.300
  471391.33  5893294.49   1.040808   0.000101   0.000154   25.294
  471391.77  5893295.43   1.042039   0.000100   0.000154   25.288
  471392.22  5893296.37   1.043266   0.000100   0.000153   25.282
  471392.66  5893297.32   1.044489   0.000099   0.000153   25.276
  471393.11  5893298.26   1.045709   0.000099   0.000152   25.270
  471393.56  5893299.21   1.046926   0.000098   0.000152   25.264
  471394.00  5893300.15   1.048138   0.000098   0.000152   25.259
  471394.45  5893301.10   1.049347   0.000097   0.000151   25.253
  471394.90  5893302.05   1.050553   0.000097   0.000151   25.247
  471395.35  5893303.00   1.051755   0.000096   0.000150   25.241
  471395.79  5893303.96   1.052953   0.000096   0.000150   25.235
  471396.24  5893304.91   1.054148   0.000095   0.000150   25.229
  471396.69  5893305.86   1.055339   0.000095   0.000149   25.224
  471397.14  5893306.82   1.056527   0.000094   0.000149   25.218
  471397.59  5893307.77   1.057711   0.000094   0.000148   25.212
  471398.04  5893308.73   1.058891   0.000093   0.000148   25.207
  471398.50  5893309.69   1.060068   0.000093   0.000148   25.201
  471398.95  5893310.65   1.061241   0.000092   0.000147   25.195
  471399.40  5893311.61   1.062411   0.000092   0.000147   25.190
  471399.85  5893312.57   1.063577   0.000092   0.000146   25.184
  471400.30  5893313.54   1.064739   0.000091   0.000146   25.179
  471400.76  5893314.50   1.065898   0.000091   0.000146   25.173
  471401.21  5893315.47   1.067053   0.000090   0.000145   25.167
  471401.66  5893316.43   1.068205   0.000090   0.000145   25.162
  471402.12  5893317.40   1.069353   0.000089   0.000145   25.156
  471402.57  5893318.37   1.070497   0.000089   0.000144   25.151
  471403.03  5893319.34   1.071638   0.000089   0.000144   25.145
  471403.48  5893320.31   1.072775   0.000088   0.000143   25.140
  471403.94  5893321.28   1.073909   0.000088   0.000143   25.135
  471404.40  5893322.25   1.075039   0.000087   0.000143   25.129
  471404.85  5893323.23   1.076165   0.000087   0.000142   25.124
  471405.31  5893324.20   1.077288   0.000086   0.000142   25.119
  471405.77  5893325.18   1.078407   0.000086   0.000142   25.113
  471406.23  5893326.15   1.079523   0.000086   0.000141   25.108
  471406.68  5893327.13   1.080635   0.000085   0.000141   25.103
  471407.14  5893328.11   1.081743   0.000085   0.000140   25.097
  471407.60  5893329.09   1.082848   0.000084   0.000140   25.092
  471408.06  5893330.07   1.083950   0.000084   0.000140   25.087
  471408.52  5893331.05   1.085047   0.000084   0.000139   25.082
  471408.98  5893332.04   1.086141   0.000083   0.000139   25.076
  471409.44  5893333.02   1.087232   0.000083   0.000139   25.071
  471409.90  5893334.01   1.088319   0.000083   0.000138   25.066
  471410.36  5893334.99   1.089402   0.000082   0.000138   25.061
  471410.82  5893335.98   1.090482   0.000082   0.000138   25.056
  471411.29  5893336.97   1.091558   0.000081   0.000137   25.051
  471411.75  5893337.96   1.092630   0.000081   0.000137   25.046
  471412.21  5893338.95   1.093699   0.000081   0.000136   25.040
  471412.67  5893339.94   1.094764   0.000080   0.000136   25.035
  471413.14  5893340.93   1.095826   0.000080   0.000136   25.030
  471413.60  5893341.93   1.096884   0.000080   0.000135   25.025
  471414.07  5893342.92   1.097939   0.000079   0.000135   25.020
  471414.53  5893343.92   1.098990   0.000079   0.000135   25.015
  471415.00  5893344.91   1.100037   0.000079   0.000134   25.010
  471415.46  5893345.91   1.101081   0.000078   0.000134   25.005
  471415.93  5893346.91   1.102121   0.000078   0.000134   25.001
  471416.39  5893347.91   1.103157   0.000077   0.000133   24.996
  471416.86  5893348.91   1.104190   0.000077   0.000133   24.991
  471417.32  5893349.91   1.105219   0.000077   0.000133   24.986
  471417.79  5893350.91   1.106245   0.000076   0.000132   24.981
  471418.26  5893351.92   1.107267   0.000076   0.000132   24.976
  471418.73  5893352.92   1.108286   0.000076   0.000132   24.971
  471419.19  5893353.92   1.109301   0.000075   0.000131   24.966
  471419.66  5893354.93   1.110312   0.000075   0.000131   24.962
  471420.13  5893355.94   1.111320   0.000075   0.000131   24.957
  471420.60  5893356.95   1.112324   0.000075   0.000130   24.952
  471421.07  5893357.96   1.113324   0.000074   0.000130   24.947
  471421.54  5893358.97   1.114321   0.000074   0.000130   24.943
  471422.01  5893359.98   1.115315   0.000074   0.000129   24.938
  471422.48  5893360.99   1.116304   0.000073   0.000129   24.933
  471422.95  5893362.00   1.117290   0.000073   0.000129   24.929
  471423.42  5893363.01   1.118273   0.000073   0.000128   24.924
  471423.89  5893364.03   1.119252   0.000072   0.000128   24.919
  471424.37  5893365.04   1.120227   0.000072   0.000128   24.915
  471424.84  5893366.06   1.121199   0.000072   0.000127   24.910
  471425.31  5893367.08   1.122167   0.000071   0.000127   24.905
  471425.78  5893368.10   1.123132   0.000071   0.000127   24.901
  471426.26  5893369.12   1.124093   0.000071   0.000127   24.896
  471426.73  5893370.14   1.125050   0.000071   0.000126   24.892
  471427.20  5893371.16   1.126004   0.000070   0.000126   24.887
  471427.68  5893372.18   1.126954   0.000070   0.000126   24.883
  471428.15  5893373.20   1.127900   0.000070   0.000125   24.878
  471428.63  5893374.23   1.128843   0.000069   0.000125   24.874
  471429.10  5893375.25   1.129783   0.000069   0.000124   24.869
  471429.58  5893376.28   1.130718   0.000068   0.000124   24.865
  471430.05  5893377.30   1.131650   0.000068   0.000123   24.860
  471430.53  5893378.33   1.132579   0.000067   0.000122   24.856
  471431.00  5893379.36   1.133503   0.000067   0.000122   24.851
  471431.48  5893380.39   1.134424   0.000067   0.000121   24.847
  471431.96  5893381.42   1.135341   0.000066   0.000120   24.843
  471432.43  5893382.45   1.136255   0.000066   0.000120   24.838
  471432.91  5893383.48   1.137165   0.000065   0.000119   24.834
  471433.39  5893384.51   1.138071   0.000065   0.000118   24.830
  471433.87  5893385.54   1.138974   0.000064   0.000118   24.826
  471434.34  5893386.58   1.139873   0.000064   0.000117   24.821
  471434.82  5893387.61   1.140768   0.000063   0.000116   24.817
  471435.30  5893388.65   1.141659   0.000063   0.000116   24.813
  471435.78  5893389.69   1.142547   0.000062   0.000115   24.809
  471436.26  5893390.72   1.143432   0.000062   0.000115   24.805
  471436.74  5893391.76   1.144312   0.000062   0.000114   24.801
  471437.22  5893392.80   1.145189   0.000061   0.000113   24.797
  471437.70  5893393.84   1.146062   0.000061   0.000113   24.793
  471438.18  5893394.88   1.146932   0.000060   0.000112   24.789
  471438.66  5893395.92   1.147797   0.000060   0.000111   24.785
  471439.14  5893396.97   1.148660   0.000059   0.000111   24.781
  471439.63  5893398.01   1.149518   0.000059   0.000110   24.777
  471440.11  5893399.05   1.150373   0.000058   0.000109   24.773
  471440.59  5893400.10   1.151224   0.000058   0.000109   24.769
  471441.07  5893401.14   1.152072   0.000058   0.000108   24.766
  471441.56  5893402.19   1.152915   0.000057   0.000108   24.762
  471442.04  5893403.24   1.153755   0.000057   0.000107   24.758
  471442.52  5893404.29   1.154592   0.000056   0.000106   24.754
  471443.00  5893405.33   1.155425   0.000056   0.000106   24.750
  471443.49  5893406.38   1.156254   0.000056   0.000105   24.747
  471443.97  5893407.44   1.157079   0.000055   0.000104   24.743
  471444.46  5893408.49   1.157901   0.000055   0.000104   24.739
  471444.94  5893409.54   1.158719   0.000054   0.000103   24.736
  471445.43  5893410.59   1.159533   0.000054   0.000103   24.732
  471445.91  5893411.64   1.160344   0.000054   0.000102   24.729
  471446.40  5893412.70   1.161151   0.000053   0.000101   24.725
  471446.88  5893413.75   1.161955   0.000053   0.000101   24.722
  471447.37  5893414.81   1.162754   0.000052   0.000100   24.718
  471447.86  5893415.87   1.163550   0.000052   0.000100   24.714
  471448.34  5893416.92   1.164342   0.000052   0.000099   24.711
  471448.83  5893417.98   1.165131   0.000051   0.000098   24.708
  471449.32  5893419.04   1.165916   0.000051   0.000097   24.704
  471449.80  5893420.10   1.166698   0.000050   0.000097   24.701
  471450.29  5893421.16   1.167477   0.000050   0.000096   24.697
  471450.78  5893422.22   1.168253   0.000049   0.000095   24.694
  471451.27  5893423.28   1.169025   0.000049   0.000094   24.691
  471451.76  5893424.35   1.169795   0.000048   0.000093   24.688
  471452.24  5893425.41   1.170561   0.000048   0.000093   24.684
  471452.73  5893426.47   1.171324   0.000047   0.000092   24.681
  471453.22  5893427.54   1.172084   0.000047   0.000091   24.678
  471453.71  5893428.60   1.172841   0.000046   0.000090   24.675
  471454.20  5893429.67   1.173595   0.000046   0.000089   24.672
  471454.69  5893430.74   1.174345   0.000045   0.000088   24.669
  471455.18  5893431.80   1.175093   0.000045   0.000088   24.666
  471455.67  5893432.87   1.175837   0.000044   0.000087   24.663
  471456.16  5893433.94   1.176578   0.000044   0.000086   24.660
  471456.65  5893435.01   1.177316   0.000043   0.000085   24.657
  471457.15  5893436.08   1.178051   0.000043   0.000084   24.654
  471457.64  5893437.15   1.178782   0.000043   0.000084   24.651
  471458.13  5893438.22   1.179511   0.000042   0.000083   24.648
  471458.62  5893439.30   1.180236   0.000042   0.000082   24.645
  471459.11  5893440.37   1.180958   0.000041   0.000081   24.642
  471459.61  5893441.44   1.181677   0.000041   0.000080   24.639
  471460.10  5893442.52   1.182393   0.000040   0.000080   24.637
  471460.59  5893443.59   1.183105   0.000040   0.000079   24.634
  471461.08  5893444.67   1.183815   0.000039   0.000078   24.631
  471461.58  5893445.75   1.184521   0.000039   0.000077   24.629
  471462.07  5893446.82   1.185224   0.000038   0.000076   24.626
  471462.57  5893447.90   1.185924   0.000038   0.000076   24.623
  471463.06  5893448.98   1.186621   0.000038   0.000075   24.621
  471463.55  5893450.06   1.187315   0.000037   0.000074   24.618
  471464.05  5893451.14   1.188005   0.000037   0.000073   24.616
  471464.54  5893452.22   1.188693   0.000036   0.000072   24.613
  471465.04  5893453.30   1.189377   0.000036   0.000072   24.611
  471465.53  5893454.38   1.190058   0.000035   0.000071   24.608
  471466.03  5893455.46   1.190736   0.000035   0.000070   24.606
  471466.53  5893456.55   1.191410   0.000035   0.000069   24.603
  471467.02  5893457.63   1.192082   0.000034   0.000069   24.601
  471467.52  5893458.71   1.192750   0.000034   0.000068   24.599
  471468.02  5893459.80   1.193416   0.000033   0.000067   24.596
  471468.51  5893460.88   1.194078   0.000033   0.000066   24.594
  471469.01  5893461.97   1.194737   0.000032   0.000065   24.592
  471469.51  5893463.06   1.195392   0.000032   0.000065   24.590
  471470.00  5893464.14   1.196045   0.000032   0.000064   24.587
  471470.50  5893465.23   1.196694   0.000031   0.000063   24.585
  471471.00  5893466.32   1.197341   0.000031   0.000062   24.583
  471471.50  5893467.41   1.197984   0.000030   0.000061   24.581
  471472.00  5893468.50   1.198624   0.000030   0.000061   24.579
  471472.49  5893469.59   1.199260   0.000029   0.000060   24.577
  471472.99  5893470.68   1.199894   0.000029   0.000059   24.575
  471473.49  5893471.77   1.200525   0.000029   0.000058   24.573
  471473.99  5893472.86   1.201152   0.000028   0.000058   24.571
  471474.49  5893473.96   1.201776   0.000028   0.000057   24.569
  471474.99  5893475.05   1.202397   0.000027   0.000056   24.567
  471475.49  5893476.14   1.203015   0.000027   0.000055   24.565
  471475.99  5893477.24   1.203629   0.000027   0.000054   24.563
  471476.49  5893478.33   1.204241   0.000026   0.000054   24.562
  471476.99  5893479.43   1.204849   0.000026   0.000053   24.560
  471477.49  5893480.52   1.205454   0.000025   0.000052   24.558
  471477.99  5893481.62   1.206057   0.000025   0.000051   24.556
  471478.50  5893482.72   1.206655   0.000025   0.000051   24.554
  471479.00  5893483.82   1.207251   0.000024   0.000050   24.553
  471479.50  5893484.91   1.207844   0.000024   0.000049   24.551
  471480.00  5893486.01   1.208433   0.000023   0.000048   24.549
  471480.50  5893487.11   1.209019   0.000023   0.000048   24.548
  471481.01  5893488.21   1.209602   0.000023   0.000047   24.546
  471481.51  5893489.31   1.210182   0.000022   0.000046   24.545
  471482.01  5893490.41   1.210759   0.000022   0.000045   24.543
  471482.51  5893491.52   1.211332   0.000021   0.000044   24.542
  471483.02  5893492.62   1.211903   0.000021   0.000044   24.540
  471483.52  5893493.72   1.212470   0.000021   0.000043   24.539
  471484.02  5893494.82   1.213034   0.000020   0.000042   24.537
  471484.53  5893495.93   1.213595   0.000020   0.000041   24.536
  471485.03  5893497.03   1.214153   0.000019   0.000040   24.534
  471485.54  5893498.14   1.214707   0.000019   0.000040   24.533
  471486.04  5893499.24   1.215259   0.000019   0.000039   24.532
  471486.55  5893500.35   1.215807   0.000019   0.000039   24.530
  471487.05  5893501.45   1.216353   0.000018   0.000039   24.529
  471487.56  5893502.56   1.216895   0.000018   0.000038   24.528
  471488.06  5893503.67   1.217435   0.000018   0.000038   24.527
  471488.57  5893504.78   1.217972   0.000018   0.000038   24.525
  471489.07  5893505.89   1.218505   0.000018   0.000038   24.524
  471489.58  5893506.99   1.219036   0.000018   0.000038   24.523
  471490.08  5893508.10   1.219564   0.000018   0.000037   24.522
  471490.59  5893509.21   1.220090   0.000018   0.000037   24.520
  471491.10  5893510.32   1.220612   0.000017   0.000037   24.519
  471491.60  5893511.43   1.221131   0.000017   0.000037   24.518
  471492.11  5893512.55   1.221647   0.000017   0.000036   24.517
  471492.62  5893513.66   1.222161   0.000017   0.000036   24.515
  471493.12  5893514.77   1.222672   0.000017   0.000036   24.514
  471493.63  5893515.88   1.223179   0.000017   0.000036   24.513
  471494.14  5893517.00   1.223684   0.000017   0.000036   24.512
  471494.65  5893518.11   1.224186   0.000017   0.000035   24.511
  471495.16  5893519.22   1.224685   0.000017   0.000035   24.510
  471495.66  5893520.34   1.225181   0.000016   0.000035   24.508
  471496.17  5893521.45   1.225674   0.000016   0.000035   24.507
  471496.68  5893522.57   1.226164   0.000016   0.000034   24.506
  471497.19  5893523.68   1.226652   0.000016   0.000034   24.505
  471497.70  5893524.80   1.227136   0.000016   0.000034   24.504
  471498.21  5893525.92   1.227617   0.000016   0.000034   24.503
  471498.72  5893527.03   1.228096   0.000016   0.000034   24.502
  471499.23  5893528.15   1.228572   0.000016   0.000033   24.500
  471499.73  5893529.27   1.229044   0.000016   0.000033   24.499
  471500.24  5893530.39   1.229514   0.000015   0.000033   24.498
  471500.75  5893531.51   1.229981   0.000015   0.000033   24.497
  471501.26  5893532.63   1.230445   0.000015   0.000032   24.496
  471501.77  5893533.75   1.230906   0.000015   0.000032   24.495
  471502.29  5893534.87   1.231365   0.000015   0.000032   24.494
  471502.80  5893535.99   1.231820   0.000015   0.000032   24.493
  471503.31  5893537.11   1.232272   0.000015   0.000032   24.492
  471503.82  5893538.23   1.232722   0.000015   0.000031   24.491
  471504.33  5893539.35   1.233168   0.000015   0.000031   24.490
  471504.84  5893540.48   1.233612   0.000014   0.000031   24.489
  471505.35  5893541.60   1.234053   0.000014   0.000031   24.488
  471505.86  5893542.72   1.234491   0.000014   0.000031   24.487
  471506.37  5893543.85   1.234926   0.000014   0.000030   24.486
  471506.89  5893544.97   1.235358   0.000014   0.000030   24.485
  471507.40  5893546.09   1.235787   0.000014   0.000030   24.484
  471507.91  5893547.22   1.236213   0.000014   0.000030   24.483
  471508.42  5893548.34   1.236637   0.000014   0.000029   24.482
  471508.94  5893549.47   1.237057   0.000014   0.000029   24.481
  471509.45  5893550.60   1.237474   0.000013   0.000029   24.480
  471509.96  5893551.72   1.237889   0.000013   0.000029   24.479
  471510.47  5893552.85   1.238301   0.000013   0.000029   24.478
  471510.99  5893553.98   1.238709   0.000013   0.000028   24.477
  471511.50  5893555.10   1.239115   0.000013   0.000028   24.476
  471512.01  5893556.23   1.239518   0.000013   0.000028   24.475
  471512.53  5893557.36   1.239918   0.000013   0.000028   24.474
  471513.04  5893558.49   1.240315   0.000013   0.000028   24.473
  471513.56  5893559.62   1.240710   0.000013   0.000027   24.473
  471514.07  5893560.75   1.241101   0.000012   0.000027   24.472
  471514.58  5893561.88   1.241489   0.000012   0.000027   24.471
  471515.10  5893563.01   1.241875   0.000012   0.000027   24.470
  471515.61  5893564.14   1.242258   0.000012   0.000027   24.469
  471516.13  5893565.27   1.242637   0.000012   0.000026   24.468
  471516.64  5893566.40   1.243014   0.000012   0.000026   24.467
  471517.16  5893567.53   1.243388   0.000012   0.000026   24.466
  471517.67  5893568.66   1.243759   0.000012   0.000026   24.466
  471518.19  5893569.80   1.244127   0.000012   0.000025   24.465
  471518.70  5893570.93   1.244492   0.000012   0.000025   24.464
  471519.22  5893572.06   1.244854   0.000011   0.000025   24.463
  471519.73  5893573.19   1.245214   0.000011   0.000025   24.462
  471520.25  5893574.33   1.245570   0.000011   0.000025   24.461
  471520.76  5893575.46   1.245923   0.000011   0.000024   24.461
  471521.28  5893576.60   1.246274   0.000011   0.000024   24.460
  471521.80  5893577.73   1.246622   0.000011   0.000024   24.459
  471522.31  5893578.87   1.246966   0.000011   0.000024   24.458
  471522.83  5893580.00   1.247308   0.000011   0.000024   24.458
  471523.35  5893581.14   1.247647   0.000011   0.000023   24.457
  471523.86  5893582.27   1.247983   0.000011   0.000023   24.456
  471524.38  5893583.41   1.248316   0.000010   0.000023   24.455
  471524.90  5893584.55   1.248647   0.000010   0.000023   24.455
  471525.41  5893585.68   1.248974   0.000010   0.000023   24.454
  471525.93  5893586.82   1.249298   0.000010   0.000022   24.453
  471526.45  5893587.96   1.249620   0.000010   0.000022   24.452
  471526.96  5893589.09   1.249939   0.000010   0.000022   24.452
  471527.48  5893590.23   1.250254   0.000010   0.000022   24.451
  471528.00  5893591.37   1.250567   0.000010   0.000022   24.450
  471528.52  5893592.51   1.250877   0.000010   0.000021   24.449
  471529.03  5893593.65   1.251184   0.000010   0.000021   24.449
  471529.55  5893594.79   1.251488   0.000009   0.000021   24.448
  471530.07  5893595.93   1.251789   0.000009   0.000021   24.447
  471530.59  5893597.07   1.252087   0.000009   0.000020   24.447
  471531.11  5893598.21   1.252382   0.000009   0.000020   24.446
  471531.63  5893599.35   1.252675   0.000009   0.000020   24.445
  471532.14  5893600.49   1.252964   0.000009   0.000020   24.445
  471532.66  5893601.63   1.253251   0.000009   0.000020   24.444
  471533.18  5893602.77   1.253535   0.000009   0.000019   24.444
  471533.70  5893603.91   1.253815   0.000009   0.000019   24.443
  471534.22  5893605.05   1.254093   0.000009   0.000019   24.442
  471534.74  5893606.19   1.254368   0.000008   0.000019   24.442
  471535.26  5893607.34   1.254640   0.000008   0.000019   24.441
  471535.78  5893608.48   1.254909   0.000008   0.000018   24.440
  471536.30  5893609.62   1.255176   0.000008   0.000018   24.440
  471536.81  5893610.76   1.255439   0.000008   0.000018   24.439
  471537.33  5893611.91   1.255699   0.000008   0.000018   24.439
  471537.85  5893613.05   1.255957   0.000008   0.000018   24.438
  471538.37  5893614.19   1.256211   0.000008   0.000017   24.438
  471538.89  5893615.34   1.256463   0.000008   0.000017   24.437
  471539.41  5893616.48   1.256712   0.000008   0.000017   24.436
  471539.93  5893617.63   1.256958   0.000008   0.000017   24.436
  471540.45  5893618.77   1.257201   0.000007   0.000017   24.435
  471540.97  5893619.91   1.257441   0.000007   0.000016   24.435
  471541.49  5893621.06   1.257678   0.000007   0.000016   24.434
  471542.01  5893622.20   1.257912   0.000007   0.000016   24.434
  471542.53  5893623.35   1.258143   0.000007   0.000016   24.433
  471543.05  5893624.50   1.258372   0.000007   0.000016   24.433
  471543.57  5893625.64   1.258597   0.000007   0.000015   24.432
  471544.10  5893626.79   1.258820   0.000007   0.000015   24.432
  471544.62  5893627.93   1.259039   0.000007   0.000015   24.431
  471545.14  5893629.08   1.259256   0.000007   0.000015   24.431
  471545.66  5893630.23   1.259470   0.000006   0.000015   24.430
  471546.18  5893631.37   1.259681   0.000006   0.000014   24.430
  471546.70  5893632.52   1.259889   0.000006   0.000014   24.429
  471547.22  5893633.67   1.260094   0.000006   0.000014   24.429
  471547.74  5893634.82   1.260296   0.000006   0.000014   24.428
  471548.26  5893635.96   1.260496   0.000006   0.000014   24.428
  471548.78  5893637.11   1.260692   0.000006   0.000013   24.428
  471549.31  5893638.26   1.260886   0.000006   0.000013   24.427
  471549.83  5893639.41   1.261076   0.000006   0.000013   24.427
  471550.35  5893640.55   1.261264   0.000006   0.000013   24.426
  471550.87  5893641.70   1.261449   0.000006   0.000013   24.426
  471551.39  5893642.85   1.261630   0.000005   0.000012   24.425
  471551.91  5893644.00   1.261809   0.000005   0.000012   24.425
  471552.44  5893645.15   1.261985   0.000005   0.000012   24.425
  471552.96  5893646.30   1.262158   0.000005   0.000012   24.424
  471553.48  5893647.45   1.262329   0.000005   0.000012   24.424
  471554.00  5893648.60   1.262496   0.000005   0.000011   24.424
  471554.52  5893649.75   1.262660   0.000005   0.000011   24.423
  471555.05  5893650.90   1.262822   0.000005   0.000011   24.423
  471555.57  5893652.05   1.262980   0.000005   0.000011   24.422
  471556.09  5893653.20   1.263136   0.000005   0.000011   24.422
  471556.61  5893654.35   1.263289   0.000005   0.000010   24.422
  471557.13  5893655.50   1.263439   0.000004   0.000010   24.421
  471557.66  5893656.65   1.263586   0.000004   0.000010   24.421
  471558.18  5893657.80   1.263730   0.000004   0.000010   24.421
  471558.70  5893658.95   1.263871   0.000004   0.000010   24.421
  471559.22  5893660.10   1.264009   0.000004   0.000009   24.420
  471559.75  5893661.25   1.264144   0.000004   0.000009   24.420
  471560.27  5893662.40   1.264277   0.000004   0.000009   24.420
  471560.79  5893663.55   1.264406   0.000004   0.000009   24.419
  471561.31  5893664.70   1.264533   0.000004   0.000009   24.419
  471561.84  5893665.86   1.264656   0.000004   0.000008   24.419
  471562.36  5893667.01   1.264777   0.000004   0.000008   24.419
  471562.88  5893668.16   1.264895   0.000004   0.000008   24.418
  471563.41  5893669.31   1.265010   0.000003   0.000008   24.418
  471563.93  5893670.46   1.265122   0.000003   0.000008   24.418
  471564.45  5893671.62   1.265231   0.000003   0.000007   24.418
  471564.98  5893672.77   1.265337   0.000003   0.000007   24.417
  471565.50  5893673.92   1.265440   0.000003   0.000007   24.417
  471566.02  5893675.07   1.265541   0.000003   0.000007   24.417
  471566.54  5893676.22   1.265638   0.000003   0.000007   24.417
  471567.07  5893677.38   1.265733   0.000003   0.000006   24.416
  471567.59  5893678.53   1.265825   0.000003   0.000006   24.416
  471568.11  5893679.68   1.265913   0.000003   0.000006   24.416
  471568.64  5893680.83   1.265999   0.000003   0.000006   24.416
  471569.16  5893681.99   1.266082   0.000002   0.000006   24.416
  471569.68  5893683.14   1.266162   0.000002   0.000005   24.415
  471570.21  5893684.29   1.266239   0.000002   0.000005   24.415
  471570.73  5893685.45   1.266313   0.000002   0.000005   24.415
  471571.25  5893686.60   1.266385   0.000002   0.000005   24.415
  471571.78  5893687.75   1.266453   0.000002   0.000005   24.415
  471572.30  5893688.91   1.266518   0.000002   0.000004   24.415
  471572.82  5893690.06   1.266581   0.000002   0.000004   24.415
  471573.35  5893691.21   1.266641   0.000002   0.000004   24.414
  471573.87  5893692.37   1.266697   0.000002   0.000004   24.414
  471574.40  5893693.52   1.266751   0.000002   0.000004   24.414
  471574.92  5893694.67   1.266802   0.000001   0.000003   24.414
  471575.44  5893695.83   1.266850   0.000001   0.000003   24.414
  471575.97  5893696.98   1.266895   0.000001   0.000003   24.414
  471576.49  5893698.13   1.266937   0.000001   0.000003   24.414
  471577.01  5893699.29   1.266977   0.000001   0.000003   24.414
  471577.54  5893700.44   1.267013   0.000001   0.000002   24.414
  471578.06  5893701.59   1.267047   0.000001   0.000002   24.413
  471578.58  5893702.75   1.267077   0.000001   0.000002   24.413
  471579.11  5893703.90   1.267105   0.000001   0.000002   24.413
  471579.63  5893705.06   1.267129   0.000001   0.000002   24.413
  471580.16  5893706.21   1.267151   0.000001   0.000001   24.413
  471580.68  5893707.36   1.267170   0.000001   0.000001   24.413
  471581.20  5893708.52   1.267186   0.000000   0.000001   24.413
  471581.73  5893709.67   1.267199   0.000000   0.000001   24.413
  471582.25  5893710.83   1.267209   0.000000   0.000001   24.413
  471582.77  5893711.98   1.267217   0.000000   0.000000   24.413
  471583.30  5893713.13   1.267220   0.000000   0.000000   24.413
