  468601.00  5893243.50   0.095655   0.000005   0.000000    0.000
  468601.02  5893243.59   0.096644   0.000009   0.000000   15.332
  468601.05  5893243.68   0.098624   0.000017   0.000000   15.332
  468601.08  5893243.78   0.100604   0.000024   0.000000   15.332
  468601.10  5893243.88   0.102584   0.000031   0.000000   15.332
  468601.13  5893243.98   0.104565   0.000037   0.000001   15.332
  468601.16  5893244.08   0.106546   0.000042   0.000001   15.332
  468601.19  5893244.18   0.108528   0.000047   0.000001   15.331
  468601.22  5893244.29   0.110511   0.000051   0.000001   15.331
  468601.25  5893244.40   0.112494   0.000055   0.000001   15.331
  468601.28  5893244.51   0.114477   0.000059   0.000001   15.330
  468601.31  5893244.62   0.116461   0.000062   0.000001   15.330
  468601.34  5893244.73   0.118445   0.000065   0.000001   15.330
  468601.37  5893244.85   0.120430   0.000068   0.000001   15.329
  468601.40  5893244.96   0.122415   0.000070   0.000001   15.329
  468601.43  5893245.08   0.124401   0.000072   0.000002   15.328
  468601.47  5893245.20   0.126387   0.000074   0.000002   15.328
  468601.50  5893245.33   0.128374   0.000076   0.000002   15.327
  468601.53  5893245.45   0.130361   0.000077   0.000002   15.327
  468601.57  5893245.58   0.132349   0.000079   0.000002   15.326
  468601.60  5893245.71   0.134337   0.000080   0.000002   15.325
  468601.64  5893245.84   0.136326   0.000081   0.000002   15.325
  468601.68  5893245.97   0.138315   0.000082   0.000002   15.324
  468601.71  5893246.10   0.140305   0.000083   0.000002   15.324
  468601.75  5893246.24   0.142295   0.000083   0.000002   15.323
  468601.79  5893246.38   0.144286   0.000084   0.000002   15.322
  468601.83  5893246.52   0.146277   0.000085   0.000003   15.321
  468601.87  5893246.66   0.148269   0.000085   0.000003   15.321
  468601.91  5893246.80   0.150261   0.000085   0.000003   15.320
  468601.95  5893246.95   0.152253   0.000086   0.000003   15.319
  468601.99  5893247.10   0.154246   0.000086   0.000003   15.319
  468602.03  5893247.25   0.156240   0.000086   0.000003   15.318
  468602.07  5893247.40   0.158234   0.000086   0.000003   15.317
  468602.11  5893247.55   0.160229   0.000086   0.000003   15.316
  468602.15  5893247.71   0.162224   0.000086   0.000003   15.315
  468602.20  5893247.87   0.164219   0.000086   0.000003   15.315
  468602.24  5893248.03   0.166215   0.000086   0.000003   15.314
  468602.28  5893248.19   0.168212   0.000086   0.000003   15.313
  468602.33  5893248.35   0.170209   0.000086   0.000004   15.312
  468602.37  5893248.52   0.172207   0.000086   0.000004   15.311
  468602.42  5893248.68   0.174205   0.000086   0.000004   15.311
  468602.47  5893248.85   0.176203   0.000086   0.000004   15.310
  468602.51  5893249.02   0.178202   0.000085   0.000004   15.309
  468602.56  5893249.20   0.180201   0.000085   0.000004   15.308
  468602.61  5893249.37   0.182201   0.000085   0.000004   15.307
  468602.66  5893249.55   0.184202   0.000085   0.000004   15.306
  468602.71  5893249.73   0.186203   0.000084   0.000004   15.305
  468602.75  5893249.91   0.188204   0.000084   0.000004   15.304
  468602.80  5893250.09   0.190206   0.000084   0.000004   15.303
  468602.86  5893250.27   0.192209   0.000083   0.000004   15.303
  468602.91  5893250.46   0.194211   0.000083   0.000004   15.302
  468602.96  5893250.65   0.196215   0.000083   0.000005   15.301
  468603.01  5893250.84   0.198219   0.000082   0.000005   15.300
  468603.06  5893251.03   0.200223   0.000082   0.000005   15.299
  468603.12  5893251.22   0.202228   0.000082   0.000005   15.298
  468603.17  5893251.42   0.204233   0.000081   0.000005   15.297
  468603.22  5893251.62   0.206239   0.000081   0.000005   15.296
  468603.28  5893251.82   0.208245   0.000081   0.000005   15.295
  468603.33  5893252.02   0.210252   0.000080   0.000005   15.294
  468603.39  5893252.22   0.212259   0.000080   0.000005   15.293
  468603.44  5893252.43   0.214267   0.000079   0.000005   15.292
  468603.50  5893252.64   0.216275   0.000079   0.000005   15.291
  468603.56  5893252.85   0.218284   0.000079   0.000005   15.290
  468603.62  5893253.06   0.220293   0.000078   0.000005   15.289
  468603.68  5893253.27   0.222303   0.000078   0.000005   15.288
  468603.73  5893253.49   0.224313   0.000077   0.000006   15.287
  468603.79  5893253.70   0.226324   0.000077   0.000006   15.286
  468603.85  5893253.92   0.228335   0.000077   0.000006   15.285
  468603.91  5893254.14   0.230347   0.000076   0.000006   15.284
  468603.97  5893254.37   0.232359   0.000076   0.000006   15.283
  468604.04  5893254.59   0.234372   0.000075   0.000006   15.282
  468604.10  5893254.82   0.236385   0.000075   0.000006   15.281
  468604.16  5893255.05   0.238399   0.000075   0.000006   15.280
  468604.22  5893255.28   0.240413   0.000074   0.000006   15.279
  468604.29  5893255.51   0.242427   0.000074   0.000006   15.278
  468604.35  5893255.75   0.244442   0.000073   0.000006   15.277
  468604.42  5893255.98   0.246458   0.000073   0.000006   15.276
  468604.48  5893256.22   0.248474   0.000072   0.000006   15.275
  468604.55  5893256.46   0.250491   0.000072   0.000006   15.274
  468604.61  5893256.71   0.252508   0.000072   0.000006   15.273
  468604.68  5893256.95   0.254525   0.000071   0.000007   15.272
  468604.75  5893257.20   0.256543   0.000071   0.000007   15.271
  468604.82  5893257.45   0.258562   0.000070   0.000007   15.270
  468604.88  5893257.70   0.260581   0.000070   0.000007   15.269
  468604.95  5893257.95   0.262600   0.000070   0.000007   15.268
  468605.02  5893258.20   0.264620   0.000069   0.000007   15.267
  468605.09  5893258.46   0.266641   0.000069   0.000007   15.266
  468605.16  5893258.72   0.268662   0.000069   0.000007   15.265
  468605.23  5893258.98   0.270683   0.000068   0.000007   15.264
  468605.31  5893259.24   0.272705   0.000068   0.000007   15.263
  468605.38  5893259.50   0.274728   0.000067   0.000007   15.261
  468605.45  5893259.77   0.276751   0.000067   0.000007   15.260
  468605.52  5893260.04   0.278774   0.000067   0.000007   15.259
  468605.60  5893260.31   0.280798   0.000066   0.000007   15.258
  468605.67  5893260.58   0.282822   0.000066   0.000007   15.257
  468605.75  5893260.85   0.284847   0.000066   0.000008   15.256
  468605.82  5893261.13   0.286873   0.000065   0.000008   15.255
  468605.90  5893261.41   0.288898   0.000065   0.000008   15.254
  468605.97  5893261.69   0.290925   0.000064   0.000008   15.253
  468606.05  5893261.97   0.292952   0.000064   0.000008   15.252
  468606.13  5893262.25   0.294979   0.000064   0.000008   15.251
  468606.20  5893262.54   0.297007   0.000063   0.000008   15.250
  468606.28  5893262.82   0.299035   0.000063   0.000008   15.249
  468606.36  5893263.11   0.301064   0.000063   0.000008   15.248
  468606.44  5893263.41   0.303093   0.000062   0.000008   15.246
  468606.52  5893263.70   0.305123   0.000062   0.000008   15.245
  468606.60  5893263.99   0.307153   0.000062   0.000008   15.244
  468606.68  5893264.29   0.309184   0.000061   0.000008   15.243
  468606.76  5893264.59   0.311215   0.000061   0.000008   15.242
  468606.85  5893264.89   0.313247   0.000061   0.000008   15.241
  468606.93  5893265.20   0.315279   0.000060   0.000008   15.240
  468607.01  5893265.50   0.317312   0.000060   0.000009   15.239
  468607.10  5893265.81   0.319345   0.000060   0.000009   15.238
  468607.18  5893266.12   0.321379   0.000059   0.000009   15.237
  468607.26  5893266.43   0.323413   0.000059   0.000009   15.236
  468607.35  5893266.74   0.325448   0.000059   0.000009   15.234
  468607.44  5893267.06   0.327483   0.000058   0.000009   15.233
  468607.52  5893267.37   0.329518   0.000058   0.000009   15.232
  468607.61  5893267.69   0.331554   0.000058   0.000009   15.231
  468607.70  5893268.01   0.333591   0.000058   0.000009   15.230
  468607.78  5893268.34   0.335628   0.000057   0.000009   15.229
  468607.87  5893268.66   0.337666   0.000057   0.000009   15.228
  468607.96  5893268.99   0.339704   0.000057   0.000009   15.227
  468608.05  5893269.32   0.341742   0.000056   0.000009   15.226
  468608.14  5893269.65   0.343781   0.000056   0.000009   15.225
  468608.23  5893269.98   0.345821   0.000056   0.000009   15.223
  468608.32  5893270.31   0.347861   0.000055   0.000009   15.222
  468608.41  5893270.65   0.349902   0.000056   0.000010   15.221
  468608.51  5893270.99   0.351943   0.000056   0.000010   15.220
  468608.60  5893271.33   0.353986   0.000055   0.000010   15.219
  468608.69  5893271.67   0.356027   0.000052   0.000009   15.218
  468608.79  5893272.02   0.358067   0.000049   0.000009   15.217
  468608.88  5893272.36   0.360106   0.000046   0.000008   15.216
  468608.97  5893272.71   0.362143   0.000043   0.000008   15.215
  468609.07  5893273.06   0.364179   0.000041   0.000008   15.214
  468609.17  5893273.42   0.366214   0.000038   0.000007   15.213
  468609.26  5893273.77   0.368248   0.000036   0.000007   15.212
  468609.36  5893274.13   0.370281   0.000033   0.000006   15.212
  468609.46  5893274.48   0.372313   0.000031   0.000006   15.211
  468609.55  5893274.84   0.374343   0.000029   0.000006   15.210
  468609.65  5893275.21   0.376372   0.000026   0.000005   15.210
  468609.75  5893275.57   0.378400   0.000024   0.000005   15.209
  468609.85  5893275.94   0.380426   0.000022   0.000005   15.208
  468609.95  5893276.30   0.382452   0.000020   0.000004   15.208
  468610.05  5893276.67   0.384476   0.000018   0.000004   15.208
  468610.15  5893277.05   0.386499   0.000016   0.000003   15.207
  468610.26  5893277.42   0.388521   0.000014   0.000003   15.207
  468610.36  5893277.80   0.390541   0.000012   0.000003   15.206
  468610.46  5893278.17   0.392561   0.000011   0.000002   15.206
  468610.56  5893278.55   0.394579   0.000009   0.000002   15.206
  468610.67  5893278.94   0.396596   0.000007   0.000002   15.206
  468610.77  5893279.32   0.398612   0.000005   0.000001   15.206
  468610.88  5893279.71   0.400626   0.000004   0.000001   15.206
  468610.98  5893280.09   0.402640   0.000002   0.000000   15.205
  468611.09  5893280.48   0.404652   0.000003   0.000001   15.205
  468611.19  5893280.87   0.406663   0.000005   0.000001   15.205
  468611.30  5893281.27   0.408673   0.000003   0.000001   15.205
  468611.41  5893281.66   0.410681   0.000015   0.000004   15.205
  468611.52  5893282.06   0.412688   0.000027   0.000007   15.206
  468611.62  5893282.46   0.414694   0.000039   0.000009   15.206
  468611.73  5893282.86   0.416699   0.000050   0.000012   15.207
  468611.84  5893283.26   0.418702   0.000062   0.000015   15.208
  468611.95  5893283.67   0.420703   0.000073   0.000018   15.210
  468612.06  5893284.08   0.422704   0.000083   0.000021   15.212
  468612.18  5893284.48   0.424703   0.000094   0.000024   15.214
  468612.29  5893284.89   0.426701   0.000104   0.000027   15.216
  468612.40  5893285.31   0.428697   0.000114   0.000030   15.218
  468612.51  5893285.72   0.430693   0.000124   0.000032   15.221
  468612.63  5893286.14   0.432686   0.000133   0.000035   15.224
  468612.74  5893286.56   0.434679   0.000143   0.000038   15.228
  468612.85  5893286.98   0.436670   0.000152   0.000041   15.231
  468612.97  5893287.40   0.438660   0.000161   0.000044   15.235
  468613.08  5893287.82   0.440648   0.000169   0.000046   15.239
  468613.20  5893288.25   0.442636   0.000178   0.000049   15.243
  468613.32  5893288.68   0.444622   0.000186   0.000052   15.248
  468613.43  5893289.11   0.446606   0.000194   0.000055   15.252
  468613.55  5893289.54   0.448589   0.000202   0.000057   15.257
  468613.67  5893289.97   0.450571   0.000209   0.000060   15.263
  468613.79  5893290.41   0.452552   0.000217   0.000063   15.268
  468613.91  5893290.85   0.454531   0.000224   0.000066   15.274
  468614.03  5893291.29   0.456509   0.000232   0.000068   15.279
  468614.15  5893291.73   0.458485   0.000239   0.000071   15.286
  468614.27  5893292.17   0.460461   0.000245   0.000074   15.292
  468614.39  5893292.62   0.462435   0.000252   0.000076   15.298
  468614.51  5893293.06   0.464407   0.000259   0.000079   15.305
  468614.64  5893293.51   0.466379   0.000265   0.000082   15.312
  468614.76  5893293.96   0.468349   0.000271   0.000084   15.319
  468614.89  5893294.42   0.470317   0.000277   0.000087   15.326
  468615.01  5893294.87   0.472285   0.000283   0.000089   15.334
  468615.13  5893295.33   0.474251   0.000289   0.000092   15.341
  468615.26  5893295.78   0.476215   0.000295   0.000095   15.349
  468615.39  5893296.24   0.478179   0.000301   0.000097   15.357
  468615.51  5893296.71   0.480141   0.000306   0.000100   15.365
  468615.64  5893297.17   0.482102   0.000311   0.000102   15.374
  468615.77  5893297.64   0.484061   0.000317   0.000105   15.382
  468615.90  5893298.10   0.486019   0.000322   0.000107   15.391
  468616.03  5893298.57   0.487976   0.000327   0.000110   15.400
  468616.16  5893299.04   0.489932   0.000331   0.000113   15.409
  468616.29  5893299.52   0.491886   0.000336   0.000115   15.419
  468616.42  5893299.99   0.493839   0.000341   0.000118   15.428
  468616.55  5893300.47   0.495790   0.000345   0.000120   15.438
  468616.68  5893300.95   0.497741   0.000350   0.000123   15.448
  468616.82  5893301.43   0.499690   0.000354   0.000125   15.458
  468616.95  5893301.91   0.501637   0.000359   0.000128   15.468
  468617.08  5893302.40   0.503584   0.000363   0.000130   15.478
  468617.22  5893302.88   0.505529   0.000367   0.000133   15.488
  468617.35  5893303.37   0.507473   0.000371   0.000135   15.499
  468617.49  5893303.86   0.509415   0.000375   0.000137   15.510
  468617.63  5893304.35   0.511356   0.000378   0.000140   15.521
  468617.76  5893304.85   0.513296   0.000382   0.000142   15.532
  468617.90  5893305.34   0.515235   0.000386   0.000145   15.543
  468618.04  5893305.84   0.517172   0.000389   0.000147   15.555
  468618.18  5893306.34   0.519108   0.000393   0.000150   15.566
  468618.32  5893306.84   0.521042   0.000397   0.000152   15.578
  468618.46  5893307.34   0.522975   0.000401   0.000155   15.590
  468618.60  5893307.85   0.524907   0.000403   0.000157   15.602
  468618.74  5893308.35   0.526838   0.000404   0.000159   15.614
  468618.88  5893308.86   0.528769   0.000406   0.000160   15.626
  468619.03  5893309.37   0.530699   0.000407   0.000162   15.638
  468619.17  5893309.88   0.532629   0.000408   0.000164   15.651
  468619.31  5893310.40   0.534558   0.000409   0.000165   15.663
  468619.46  5893310.91   0.536487   0.000410   0.000167   15.676
  468619.60  5893311.43   0.538415   0.000412   0.000169   15.688
  468619.75  5893311.95   0.540342   0.000413   0.000170   15.701
  468619.90  5893312.47   0.542270   0.000414   0.000172   15.714
  468620.04  5893312.99   0.544196   0.000415   0.000174   15.727
  468620.19  5893313.52   0.546122   0.000416   0.000175   15.739
  468620.34  5893314.04   0.548048   0.000417   0.000177   15.752
  468620.49  5893314.57   0.549973   0.000418   0.000179   15.766
  468620.64  5893315.10   0.551898   0.000418   0.000180   15.779
  468620.79  5893315.64   0.553822   0.000419   0.000182   15.792
  468620.94  5893316.17   0.555745   0.000420   0.000184   15.805
  468621.09  5893316.70   0.557668   0.000421   0.000185   15.819
  468621.24  5893317.24   0.559591   0.000422   0.000187   15.832
  468621.40  5893317.78   0.561513   0.000423   0.000188   15.846
  468621.55  5893318.32   0.563435   0.000423   0.000190   15.859
  468621.71  5893318.87   0.565356   0.000424   0.000192   15.873
  468621.86  5893319.41   0.567277   0.000425   0.000193   15.887
  468622.02  5893319.96   0.569197   0.000425   0.000195   15.900
  468622.17  5893320.50   0.571116   0.000426   0.000197   15.914
  468622.33  5893321.05   0.573036   0.000427   0.000198   15.928
  468622.49  5893321.61   0.574954   0.000427   0.000200   15.942
  468622.65  5893322.16   0.576872   0.000428   0.000201   15.956
  468622.80  5893322.72   0.578790   0.000428   0.000203   15.970
  468622.96  5893323.27   0.580707   0.000429   0.000205   15.985
  468623.12  5893323.83   0.582624   0.000429   0.000206   15.999
  468623.29  5893324.39   0.584540   0.000430   0.000208   16.013
  468623.45  5893324.96   0.586456   0.000430   0.000209   16.028
  468623.61  5893325.52   0.588371   0.000431   0.000211   16.042
  468623.77  5893326.09   0.590286   0.000431   0.000212   16.057
  468623.94  5893326.66   0.592200   0.000432   0.000214   16.071
  468624.10  5893327.22   0.594114   0.000432   0.000216   16.086
  468624.27  5893327.80   0.596027   0.000432   0.000217   16.101
  468624.43  5893328.37   0.597940   0.000433   0.000219   16.115
  468624.60  5893328.95   0.599853   0.000433   0.000220   16.130
  468624.77  5893329.52   0.601765   0.000433   0.000222   16.145
  468624.93  5893330.10   0.603676   0.000434   0.000223   16.160
  468625.10  5893330.68   0.605587   0.000434   0.000225   16.175
  468625.27  5893331.26   0.607497   0.000434   0.000227   16.190
  468625.44  5893331.85   0.609407   0.000434   0.000228   16.205
  468625.61  5893332.44   0.611317   0.000435   0.000230   16.220
  468625.78  5893333.02   0.613226   0.000435   0.000231   16.236
  468625.95  5893333.61   0.615134   0.000435   0.000233   16.251
  468626.13  5893334.20   0.617043   0.000435   0.000234   16.266
  468626.30  5893334.80   0.618950   0.000436   0.000236   16.282
  468626.47  5893335.39   0.620857   0.000436   0.000237   16.297
  468626.65  5893335.99   0.622764   0.000436   0.000239   16.312
  468626.82  5893336.59   0.624670   0.000436   0.000241   16.328
  468627.00  5893337.19   0.626576   0.000436   0.000242   16.344
  468627.18  5893337.79   0.628481   0.000436   0.000244   16.359
  468627.35  5893338.39   0.630386   0.000436   0.000245   16.375
  468627.53  5893339.00   0.632290   0.000436   0.000247   16.391
  468627.71  5893339.61   0.634194   0.000436   0.000248   16.407
  468627.89  5893340.22   0.636098   0.000437   0.000250   16.422
  468628.07  5893340.83   0.638001   0.000437   0.000251   16.438
  468628.25  5893341.44   0.639903   0.000437   0.000253   16.454
  468628.43  5893342.05   0.641805   0.000437   0.000254   16.470
  468628.62  5893342.67   0.643707   0.000437   0.000256   16.486
  468628.80  5893343.29   0.645608   0.000437   0.000257   16.502
  468628.98  5893343.91   0.647509   0.000437   0.000259   16.519
  468629.17  5893344.53   0.649409   0.000437   0.000260   16.535
  468629.35  5893345.15   0.651309   0.000437   0.000262   16.551
  468629.54  5893345.78   0.653208   0.000437   0.000264   16.567
  468629.73  5893346.41   0.655110   0.000438   0.000266   16.584
  468629.91  5893347.03   0.657011   0.000437   0.000267   16.600
  468630.10  5893347.67   0.658906   0.000434   0.000267   16.617
  468630.29  5893348.30   0.660794   0.000432   0.000267   16.633
  468630.48  5893348.93   0.662675   0.000430   0.000267   16.649
  468630.67  5893349.57   0.664550   0.000428   0.000267   16.666
  468630.86  5893350.20   0.666417   0.000426   0.000268   16.682
  468631.05  5893350.84   0.668278   0.000424   0.000268   16.698
  468631.24  5893351.48   0.670132   0.000422   0.000268   16.714
  468631.44  5893352.13   0.671979   0.000420   0.000268   16.731
  468631.63  5893352.77   0.673820   0.000418   0.000269   16.747
  468631.83  5893353.42   0.675653   0.000416   0.000269   16.763
  468632.02  5893354.07   0.677480   0.000415   0.000269   16.779
  468632.22  5893354.72   0.679300   0.000413   0.000269   16.795
  468632.41  5893355.37   0.681113   0.000411   0.000270   16.811
  468632.61  5893356.02   0.682920   0.000409   0.000270   16.827
  468632.81  5893356.67   0.684719   0.000408   0.000270   16.843
  468633.01  5893357.33   0.686512   0.000406   0.000271   16.859
  468633.21  5893357.99   0.688298   0.000404   0.000271   16.875
  468633.41  5893358.65   0.690077   0.000403   0.000271   16.891
  468633.61  5893359.31   0.691850   0.000401   0.000271   16.907
  468633.81  5893359.97   0.693615   0.000400   0.000272   16.923
  468634.01  5893360.64   0.695374   0.000398   0.000272   16.939
  468634.22  5893361.30   0.697126   0.000396   0.000273   16.955
  468634.42  5893361.97   0.698871   0.000395   0.000273   16.971
  468634.62  5893362.64   0.700610   0.000394   0.000273   16.986
  468634.83  5893363.31   0.702341   0.000392   0.000274   17.002
  468635.04  5893363.98   0.704066   0.000391   0.000274   17.018
  468635.24  5893364.66   0.705784   0.000389   0.000274   17.034
  468635.45  5893365.33   0.707496   0.000388   0.000275   17.050
  468635.66  5893366.01   0.709200   0.000387   0.000275   17.065
  468635.87  5893366.69   0.710898   0.000385   0.000275   17.081
  468636.08  5893367.37   0.712589   0.000384   0.000276   17.097
  468636.29  5893368.05   0.714273   0.000383   0.000276   17.112
  468636.50  5893368.73   0.715950   0.000382   0.000277   17.128
  468636.71  5893369.42   0.717620   0.000380   0.000277   17.144
  468636.92  5893370.10   0.719284   0.000379   0.000277   17.159
  468637.13  5893370.79   0.720941   0.000378   0.000278   17.175
  468637.34  5893371.48   0.722591   0.000377   0.000278   17.191
  468637.56  5893372.17   0.724235   0.000376   0.000279   17.206
  468637.77  5893372.86   0.725871   0.000375   0.000279   17.222
  468637.99  5893373.56   0.727501   0.000374   0.000280   17.237
  468638.20  5893374.25   0.729124   0.000373   0.000280   17.253
  468638.42  5893374.95   0.730740   0.000372   0.000281   17.269
  468638.64  5893375.65   0.732349   0.000371   0.000281   17.284
  468638.86  5893376.35   0.733952   0.000370   0.000282   17.300
  468639.08  5893377.05   0.735548   0.000369   0.000282   17.315
  468639.30  5893377.75   0.737137   0.000368   0.000282   17.331
  468639.52  5893378.46   0.738719   0.000367   0.000283   17.346
  468639.74  5893379.16   0.740295   0.000366   0.000283   17.362
  468639.96  5893379.87   0.741863   0.000365   0.000284   17.377
  468640.18  5893380.58   0.743425   0.000364   0.000284   17.393
  468640.40  5893381.29   0.744980   0.000363   0.000285   17.408
  468640.62  5893382.00   0.746528   0.000362   0.000285   17.424
  468640.85  5893382.72   0.748070   0.000361   0.000286   17.439
  468641.07  5893383.43   0.749605   0.000361   0.000287   17.455
  468641.30  5893384.15   0.751133   0.000360   0.000287   17.470
  468641.52  5893384.86   0.752654   0.000359   0.000288   17.486
  468641.75  5893385.58   0.754168   0.000358   0.000288   17.501
  468641.98  5893386.30   0.755676   0.000357   0.000289   17.517
  468642.21  5893387.02   0.757176   0.000357   0.000289   17.532
  468642.43  5893387.74   0.758670   0.000356   0.000290   17.548
  468642.66  5893388.47   0.760158   0.000355   0.000290   17.563
  468642.89  5893389.19   0.761638   0.000355   0.000291   17.579
  468643.12  5893389.92   0.763112   0.000354   0.000291   17.594
  468643.36  5893390.65   0.764579   0.000353   0.000292   17.609
  468643.59  5893391.38   0.766039   0.000353   0.000293   17.625
  468643.82  5893392.11   0.767492   0.000352   0.000293   17.640
  468644.05  5893392.84   0.768938   0.000351   0.000294   17.656
  468644.29  5893393.57   0.770378   0.000351   0.000294   17.671
  468644.52  5893394.31   0.771811   0.000350   0.000295   17.687
  468644.76  5893395.05   0.773237   0.000350   0.000296   17.702
  468644.99  5893395.78   0.774657   0.000349   0.000296   17.718
  468645.23  5893396.52   0.776069   0.000349   0.000297   17.733
  468645.46  5893397.26   0.777475   0.000348   0.000297   17.749
  468645.70  5893398.00   0.778874   0.000347   0.000298   17.764
  468645.94  5893398.74   0.780266   0.000347   0.000299   17.780
  468646.18  5893399.49   0.781652   0.000346   0.000299   17.795
  468646.42  5893400.23   0.783031   0.000346   0.000300   17.811
  468646.66  5893400.98   0.784402   0.000346   0.000301   17.826
  468646.90  5893401.73   0.785768   0.000345   0.000301   17.842
  468647.14  5893402.47   0.787126   0.000345   0.000302   17.857
  468647.38  5893403.22   0.788478   0.000344   0.000303   17.873
  468647.62  5893403.98   0.789822   0.000344   0.000303   17.889
  468647.87  5893404.73   0.791160   0.000343   0.000304   17.904
  468648.11  5893405.48   0.792492   0.000343   0.000305   17.920
  468648.35  5893406.24   0.793816   0.000343   0.000305   17.935
  468648.60  5893406.99   0.795134   0.000342   0.000306   17.951
  468648.84  5893407.75   0.796445   0.000342   0.000307   17.966
  468649.09  5893408.51   0.797749   0.000342   0.000307   17.982
  468649.34  5893409.27   0.799046   0.000341   0.000308   17.998
  468649.58  5893410.03   0.800337   0.000341   0.000309   18.013
  468649.83  5893410.79   0.801621   0.000341   0.000310   18.029
  468650.08  5893411.55   0.802898   0.000340   0.000310   18.045
  468650.33  5893412.31   0.804168   0.000340   0.000311   18.060
  468650.58  5893413.08   0.805432   0.000340   0.000312   18.076
  468650.83  5893413.85   0.806688   0.000339   0.000312   18.092
  468651.08  5893414.61   0.807938   0.000339   0.000313   18.107
  468651.33  5893415.38   0.809182   0.000339   0.000314   18.123
  468651.58  5893416.15   0.810418   0.000339   0.000315   18.139
  468651.84  5893416.92   0.811648   0.000339   0.000315   18.154
  468652.09  5893417.69   0.812870   0.000338   0.000316   18.170
  468652.34  5893418.47   0.814087   0.000338   0.000317   18.186
  468652.60  5893419.24   0.815296   0.000338   0.000318   18.202
  468652.85  5893420.02   0.816499   0.000338   0.000318   18.217
  468653.11  5893420.79   0.817694   0.000338   0.000319   18.233
  468653.37  5893421.57   0.818883   0.000337   0.000320   18.249
  468653.62  5893422.35   0.820066   0.000337   0.000321   18.265
  468653.88  5893423.13   0.821241   0.000337   0.000322   18.281
  468654.14  5893423.91   0.822410   0.000337   0.000322   18.297
  468654.40  5893424.69   0.823572   0.000337   0.000323   18.312
  468654.66  5893425.47   0.824727   0.000337   0.000324   18.328
  468654.92  5893426.25   0.825875   0.000337   0.000325   18.344
  468655.18  5893427.04   0.827017   0.000337   0.000326   18.360
  468655.44  5893427.82   0.828152   0.000337   0.000326   18.376
  468655.70  5893428.61   0.829280   0.000336   0.000327   18.392
  468655.96  5893429.40   0.830402   0.000336   0.000328   18.408
  468656.22  5893430.19   0.831516   0.000336   0.000329   18.424
  468656.49  5893430.97   0.832624   0.000336   0.000330   18.440
  468656.75  5893431.76   0.833725   0.000336   0.000331   18.456
  468657.01  5893432.56   0.834820   0.000336   0.000331   18.472
  468657.28  5893433.35   0.835907   0.000336   0.000332   18.488
  468657.54  5893434.14   0.836988   0.000336   0.000333   18.504
  468657.81  5893434.94   0.838062   0.000336   0.000334   18.521
  468658.08  5893435.73   0.839129   0.000336   0.000335   18.537
  468658.34  5893436.53   0.840190   0.000336   0.000336   18.553
  468658.61  5893437.32   0.841244   0.000336   0.000337   18.569
  468658.88  5893438.12   0.842291   0.000336   0.000338   18.585
  468659.15  5893438.92   0.843331   0.000336   0.000338   18.602
  468659.42  5893439.72   0.844364   0.000337   0.000339   18.618
  468659.69  5893440.52   0.845391   0.000337   0.000340   18.634
  468659.96  5893441.32   0.846411   0.000337   0.000341   18.650
  468660.23  5893442.12   0.847424   0.000337   0.000342   18.667
  468660.50  5893442.93   0.848431   0.000337   0.000343   18.683
  468660.77  5893443.73   0.849431   0.000337   0.000344   18.699
  468661.05  5893444.54   0.850424   0.000337   0.000345   18.716
  468661.32  5893445.34   0.851410   0.000337   0.000346   18.732
  468661.59  5893446.15   0.852389   0.000337   0.000347   18.749
  468661.87  5893446.96   0.853362   0.000337   0.000348   18.765
  468662.14  5893447.77   0.854328   0.000338   0.000348   18.782
  468662.42  5893448.57   0.855287   0.000338   0.000349   18.798
  468662.69  5893449.38   0.856240   0.000338   0.000350   18.815
  468662.97  5893450.20   0.857186   0.000338   0.000351   18.831
  468663.25  5893451.01   0.858124   0.000338   0.000352   18.848
  468663.53  5893451.82   0.859057   0.000338   0.000353   18.865
  468663.80  5893452.63   0.859982   0.000339   0.000354   18.881
  468664.08  5893453.45   0.860901   0.000339   0.000355   18.898
  468664.36  5893454.26   0.861813   0.000339   0.000356   18.915
  468664.64  5893455.08   0.862718   0.000339   0.000357   18.931
  468664.92  5893455.89   0.863617   0.000340   0.000358   18.948
  468665.20  5893456.71   0.864508   0.000340   0.000359   18.965
  468665.48  5893457.53   0.865393   0.000340   0.000360   18.982
  468665.77  5893458.35   0.866272   0.000340   0.000361   18.999
  468666.05  5893459.17   0.867143   0.000341   0.000362   19.016
  468666.33  5893459.99   0.868008   0.000341   0.000363   19.032
  468666.61  5893460.81   0.868866   0.000341   0.000364   19.049
  468666.90  5893461.63   0.869717   0.000341   0.000365   19.066
  468667.18  5893462.45   0.870562   0.000342   0.000366   19.083
  468667.47  5893463.28   0.871400   0.000342   0.000367   19.100
  468667.75  5893464.10   0.872231   0.000342   0.000368   19.118
  468668.04  5893464.92   0.873055   0.000343   0.000369   19.135
  468668.33  5893465.75   0.873873   0.000343   0.000370   19.152
  468668.61  5893466.57   0.874684   0.000343   0.000371   19.169
  468668.90  5893467.40   0.875488   0.000344   0.000373   19.186
  468669.19  5893468.23   0.876285   0.000344   0.000374   19.203
  468669.48  5893469.06   0.877076   0.000344   0.000375   19.221
  468669.77  5893469.88   0.877860   0.000345   0.000376   19.238
  468670.06  5893470.71   0.878637   0.000345   0.000377   19.255
  468670.35  5893471.54   0.879407   0.000346   0.000378   19.273
  468670.64  5893472.37   0.880171   0.000346   0.000379   19.290
  468670.93  5893473.20   0.880928   0.000346   0.000380   19.308
  468671.22  5893474.04   0.881678   0.000347   0.000381   19.325
  468671.51  5893474.87   0.882422   0.000347   0.000382   19.343
  468671.80  5893475.70   0.883159   0.000348   0.000383   19.360
  468672.10  5893476.53   0.883889   0.000348   0.000385   19.378
  468672.39  5893477.37   0.884612   0.000348   0.000386   19.395
  468672.69  5893478.20   0.885329   0.000349   0.000387   19.413
  468672.98  5893479.04   0.886039   0.000349   0.000388   19.431
  468673.28  5893479.87   0.886742   0.000350   0.000389   19.448
  468673.57  5893480.71   0.887438   0.000350   0.000390   19.466
  468673.87  5893481.55   0.888128   0.000351   0.000391   19.484
  468674.16  5893482.39   0.888811   0.000351   0.000393   19.502
  468674.46  5893483.22   0.889487   0.000352   0.000394   19.520
  468674.76  5893484.06   0.890157   0.000352   0.000395   19.538
  468675.06  5893484.90   0.890820   0.000353   0.000396   19.556
  468675.35  5893485.74   0.891476   0.000353   0.000397   19.574
  468675.65  5893486.58   0.892125   0.000354   0.000398   19.592
  468675.95  5893487.42   0.892768   0.000354   0.000400   19.610
  468676.25  5893488.26   0.893404   0.000355   0.000401   19.628
  468676.55  5893489.10   0.894033   0.000356   0.000402   19.646
  468676.85  5893489.95   0.894656   0.000356   0.000403   19.664
  468677.16  5893490.79   0.895272   0.000357   0.000404   19.683
  468677.46  5893491.63   0.895881   0.000357   0.000406   19.701
  468677.76  5893492.48   0.896483   0.000358   0.000407   19.719
  468678.06  5893493.32   0.897079   0.000359   0.000408   19.738
  468678.37  5893494.16   0.897668   0.000359   0.000409   19.756
  468678.67  5893495.01   0.898250   0.000360   0.000410   19.775
  468678.97  5893495.86   0.898826   0.000360   0.000412   19.793
  468679.28  5893496.70   0.899394   0.000361   0.000413   19.812
  468679.58  5893497.55   0.899957   0.000362   0.000414   19.830
  468679.89  5893498.39   0.900512   0.000362   0.000415   19.849
  468680.20  5893499.24   0.901061   0.000363   0.000417   19.868
  468680.50  5893500.09   0.901603   0.000364   0.000418   19.886
  468680.81  5893500.94   0.902138   0.000364   0.000419   19.905
  468681.12  5893501.79   0.902667   0.000365   0.000421   19.924
  468681.43  5893502.63   0.903189   0.000366   0.000422   19.943
  468681.73  5893503.48   0.903704   0.000366   0.000423   19.962
  468682.04  5893504.33   0.904212   0.000367   0.000424   19.981
  468682.35  5893505.18   0.904714   0.000368   0.000426   20.000
  468682.66  5893506.03   0.905209   0.000369   0.000427   20.019
  468682.97  5893506.88   0.905698   0.000369   0.000428   20.038
  468683.28  5893507.73   0.906179   0.000370   0.000430   20.057
  468683.59  5893508.59   0.906654   0.000371   0.000431   20.076
  468683.91  5893509.44   0.907123   0.000372   0.000432   20.095
  468684.22  5893510.29   0.907584   0.000372   0.000434   20.115
  468684.53  5893511.14   0.908039   0.000373   0.000435   20.134
  468684.84  5893511.99   0.908487   0.000374   0.000436   20.154
  468685.16  5893512.85   0.908929   0.000375   0.000438   20.173
  468685.47  5893513.70   0.909364   0.000375   0.000439   20.193
  468685.78  5893514.55   0.909792   0.000376   0.000440   20.212
  468686.10  5893515.41   0.910213   0.000377   0.000442   20.232
  468686.41  5893516.26   0.910628   0.000378   0.000443   20.251
  468686.73  5893517.12   0.911036   0.000379   0.000445   20.271
  468687.05  5893517.97   0.911437   0.000380   0.000446   20.291
  468687.36  5893518.83   0.911832   0.000380   0.000447   20.311
  468687.68  5893519.68   0.912220   0.000381   0.000449   20.331
  468688.00  5893520.54   0.912602   0.000382   0.000450   20.351
  468688.31  5893521.39   0.912976   0.000383   0.000452   20.371
  468688.63  5893522.25   0.913344   0.000384   0.000453   20.391
  468688.95  5893523.11   0.913706   0.000385   0.000454   20.411
  468689.27  5893523.96   0.914060   0.000386   0.000456   20.431
  468689.59  5893524.82   0.914408   0.000387   0.000457   20.451
  468689.91  5893525.67   0.914749   0.000388   0.000459   20.471
  468690.23  5893526.53   0.915084   0.000389   0.000460   20.492
  468690.55  5893527.39   0.915412   0.000390   0.000462   20.512
  468690.87  5893528.25   0.915733   0.000391   0.000463   20.532
  468691.19  5893529.10   0.916048   0.000392   0.000465   20.553
  468691.52  5893529.96   0.916356   0.000393   0.000466   20.573
  468691.84  5893530.82   0.916657   0.000394   0.000468   20.594
  468692.16  5893531.68   0.916951   0.000395   0.000469   20.615
  468692.48  5893532.54   0.917239   0.000396   0.000471   20.635
  468692.81  5893533.39   0.917521   0.000397   0.000472   20.656
  468693.13  5893534.25   0.917795   0.000398   0.000474   20.677
  468693.46  5893535.11   0.918063   0.000399   0.000475   20.698
  468693.78  5893535.97   0.918324   0.000400   0.000477   20.719
  468694.11  5893536.83   0.918579   0.000401   0.000478   20.740
  468694.43  5893537.69   0.918827   0.000402   0.000480   20.761
  468694.76  5893538.55   0.919068   0.000403   0.000481   20.782
  468695.08  5893539.41   0.919303   0.000404   0.000483   20.803
  468695.41  5893540.27   0.919530   0.000405   0.000484   20.825
  468695.74  5893541.13   0.919752   0.000406   0.000486   20.846
  468696.07  5893541.99   0.919966   0.000407   0.000488   20.867
  468696.39  5893542.85   0.920174   0.000408   0.000489   20.889
  468696.72  5893543.70   0.920376   0.000410   0.000491   20.910
  468697.05  5893544.56   0.920570   0.000411   0.000492   20.932
  468697.38  5893545.42   0.920758   0.000412   0.000494   20.954
  468697.71  5893546.28   0.920940   0.000413   0.000495   20.975
  468698.04  5893547.14   0.921115   0.000414   0.000497   20.997
  468698.37  5893548.00   0.921283   0.000415   0.000499   21.019
  468698.70  5893548.86   0.921444   0.000417   0.000500   21.041
  468699.03  5893549.72   0.921599   0.000418   0.000502   21.063
  468699.36  5893550.58   0.921747   0.000419   0.000504   21.085
  468699.70  5893551.44   0.921889   0.000420   0.000505   21.107
  468700.03  5893552.30   0.922023   0.000422   0.000507   21.129
  468700.36  5893553.16   0.922152   0.000423   0.000509   21.152
  468700.69  5893554.02   0.922273   0.000424   0.000510   21.174
  468701.03  5893554.88   0.922388   0.000425   0.000512   21.197
  468701.36  5893555.74   0.922497   0.000427   0.000514   21.219
  468701.70  5893556.60   0.922598   0.000428   0.000515   21.242
  468702.03  5893557.46   0.922693   0.000429   0.000517   21.264
  468702.37  5893558.32   0.922782   0.000431   0.000519   21.287
  468702.70  5893559.18   0.922864   0.000432   0.000520   21.310
  468703.04  5893560.04   0.922939   0.000433   0.000522   21.333
  468703.37  5893560.90   0.923007   0.000435   0.000524   21.355
  468703.71  5893561.76   0.923069   0.000436   0.000526   21.378
  468704.05  5893562.62   0.923125   0.000438   0.000527   21.401
  468704.38  5893563.48   0.923173   0.000439   0.000529   21.425
  468704.72  5893564.34   0.923215   0.000440   0.000531   21.448
  468705.06  5893565.20   0.923251   0.000442   0.000533   21.471
  468705.40  5893566.06   0.923280   0.000443   0.000534   21.495
  468705.74  5893566.92   0.923302   0.000445   0.000536   21.518
  468706.07  5893567.78   0.923317   0.000446   0.000538   21.541
  468706.41  5893568.63   0.923326   0.000448   0.000540   21.565
  468706.75  5893569.49   0.923329   0.000449   0.000542   21.589
  468707.09  5893570.35   0.923325   0.000451   0.000543   21.613
  468707.43  5893571.21   0.923314   0.000452   0.000545   21.636
  468707.77  5893572.07   0.923296   0.000454   0.000547   21.660
  468708.12  5893572.93   0.923272   0.000455   0.000549   21.684
  468708.46  5893573.78   0.923242   0.000457   0.000551   21.708
  468708.80  5893574.64   0.923205   0.000458   0.000553   21.733
  468709.14  5893575.50   0.923161   0.000460   0.000554   21.757
  468709.48  5893576.36   0.923110   0.000462   0.000556   21.781
  468709.83  5893577.21   0.923053   0.000463   0.000558   21.806
  468710.17  5893578.07   0.922990   0.000465   0.000560   21.830
  468710.51  5893578.93   0.922919   0.000466   0.000562   21.855
  468710.86  5893579.78   0.922843   0.000468   0.000564   21.879
  468711.20  5893580.64   0.922759   0.000470   0.000566   21.904
  468711.55  5893581.49   0.922669   0.000471   0.000568   21.929
  468711.89  5893582.35   0.922573   0.000473   0.000570   21.954
  468712.24  5893583.21   0.922470   0.000475   0.000572   21.979
  468712.58  5893584.06   0.922360   0.000477   0.000573   22.004
  468712.93  5893584.92   0.922244   0.000478   0.000575   22.029
  468713.27  5893585.77   0.922121   0.000480   0.000577   22.054
  468713.62  5893586.63   0.921991   0.000483   0.000580   22.080
  468713.97  5893587.48   0.921853   0.000485   0.000583   22.105
  468714.32  5893588.33   0.921709   0.000486   0.000583   22.131
  468714.66  5893589.19   0.921561   0.000484   0.000581   22.157
  468715.01  5893590.04   0.921412   0.000483   0.000579   22.182
  468715.36  5893590.89   0.921260   0.000481   0.000577   22.208
  468715.71  5893591.75   0.921106   0.000480   0.000576   22.233
  468716.06  5893592.60   0.920949   0.000478   0.000574   22.258
  468716.41  5893593.45   0.920789   0.000477   0.000572   22.284
  468716.76  5893594.30   0.920628   0.000475   0.000570   22.309
  468717.11  5893595.15   0.920464   0.000474   0.000568   22.334
  468717.46  5893596.00   0.920297   0.000473   0.000566   22.359
  468717.81  5893596.86   0.920128   0.000471   0.000564   22.384
  468718.16  5893597.71   0.919957   0.000470   0.000562   22.409
  468718.51  5893598.56   0.919783   0.000468   0.000560   22.433
  468718.86  5893599.41   0.919606   0.000467   0.000558   22.458
  468719.21  5893600.26   0.919427   0.000465   0.000556   22.483
  468719.56  5893601.11   0.919246   0.000464   0.000555   22.507
  468719.91  5893601.95   0.919062   0.000463   0.000553   22.532
  468720.27  5893602.80   0.918876   0.000461   0.000551   22.556
  468720.62  5893603.65   0.918687   0.000460   0.000549   22.580
  468720.97  5893604.50   0.918496   0.000458   0.000547   22.604
  468721.33  5893605.35   0.918303   0.000457   0.000545   22.629
  468721.68  5893606.19   0.918107   0.000456   0.000543   22.653
  468722.03  5893607.04   0.917908   0.000454   0.000541   22.677
  468722.39  5893607.89   0.917707   0.000453   0.000539   22.700
  468722.74  5893608.73   0.917504   0.000452   0.000538   22.724
  468723.10  5893609.58   0.917298   0.000450   0.000536   22.748
  468723.45  5893610.43   0.917089   0.000449   0.000534   22.772
  468723.81  5893611.27   0.916879   0.000447   0.000532   22.795
  468724.16  5893612.12   0.916665   0.000446   0.000530   22.819
  468724.52  5893612.96   0.916449   0.000445   0.000528   22.842
  468724.87  5893613.81   0.916231   0.000443   0.000526   22.866
  468725.23  5893614.65   0.916010   0.000442   0.000525   22.889
  468725.59  5893615.49   0.915787   0.000441   0.000523   22.912
  468725.94  5893616.34   0.915561   0.000439   0.000521   22.935
  468726.30  5893617.18   0.915333   0.000438   0.000519   22.958
  468726.66  5893618.02   0.915102   0.000437   0.000517   22.981
  468727.02  5893618.86   0.914869   0.000435   0.000515   23.004
  468727.37  5893619.71   0.914633   0.000434   0.000513   23.027
  468727.73  5893620.55   0.914395   0.000433   0.000512   23.050
  468728.09  5893621.39   0.914155   0.000431   0.000510   23.072
  468728.45  5893622.23   0.913911   0.000430   0.000508   23.095
  468728.81  5893623.07   0.913666   0.000429   0.000506   23.117
  468729.17  5893623.91   0.913417   0.000427   0.000504   23.140
  468729.53  5893624.75   0.913167   0.000426   0.000502   23.162
  468729.89  5893625.59   0.912914   0.000425   0.000501   23.184
  468730.25  5893626.43   0.912658   0.000423   0.000499   23.207
  468730.61  5893627.27   0.912400   0.000422   0.000497   23.229
  468730.97  5893628.10   0.912139   0.000421   0.000495   23.251
  468731.33  5893628.94   0.911876   0.000420   0.000493   23.273
  468731.69  5893629.78   0.911610   0.000418   0.000492   23.295
  468732.05  5893630.62   0.911342   0.000417   0.000490   23.317
  468732.41  5893631.45   0.911071   0.000416   0.000488   23.338
  468732.77  5893632.29   0.910798   0.000414   0.000486   23.360
  468733.13  5893633.13   0.910522   0.000413   0.000484   23.382
  468733.49  5893633.96   0.910244   0.000412   0.000482   23.403
  468733.85  5893634.80   0.909963   0.000410   0.000481   23.425
  468734.22  5893635.63   0.909680   0.000409   0.000479   23.446
  468734.58  5893636.47   0.909394   0.000408   0.000477   23.467
  468734.94  5893637.30   0.909106   0.000407   0.000475   23.489
  468735.30  5893638.13   0.908815   0.000405   0.000473   23.510
  468735.67  5893638.97   0.908521   0.000404   0.000472   23.531
  468736.03  5893639.80   0.908225   0.000403   0.000470   23.552
  468736.39  5893640.63   0.907927   0.000402   0.000468   23.573
  468736.76  5893641.46   0.907626   0.000400   0.000466   23.594
  468737.12  5893642.29   0.907323   0.000399   0.000465   23.615
  468737.48  5893643.13   0.907017   0.000398   0.000463   23.635
  468737.85  5893643.96   0.906708   0.000397   0.000461   23.656
  468738.21  5893644.79   0.906397   0.000395   0.000459   23.677
  468738.57  5893645.62   0.906083   0.000394   0.000457   23.697
  468738.94  5893646.45   0.905767   0.000393   0.000456   23.718
  468739.30  5893647.27   0.905448   0.000392   0.000454   23.738
  468739.67  5893648.10   0.905127   0.000390   0.000452   23.758
  468740.03  5893648.93   0.904803   0.000389   0.000450   23.779
  468740.40  5893649.76   0.904477   0.000388   0.000449   23.799
  468740.76  5893650.59   0.904148   0.000387   0.000447   23.819
  468741.13  5893651.41   0.903817   0.000385   0.000445   23.839
  468741.49  5893652.24   0.903483   0.000384   0.000443   23.859
  468741.86  5893653.07   0.903146   0.000383   0.000442   23.879
  468742.23  5893653.89   0.902807   0.000382   0.000440   23.899
  468742.59  5893654.72   0.902465   0.000380   0.000438   23.918
  468742.96  5893655.54   0.902121   0.000379   0.000436   23.938
  468743.32  5893656.36   0.901775   0.000378   0.000435   23.958
  468743.69  5893657.19   0.901425   0.000377   0.000433   23.977
  468744.06  5893658.01   0.901073   0.000375   0.000431   23.997
  468744.42  5893658.84   0.900719   0.000374   0.000429   24.016
  468744.79  5893659.66   0.900362   0.000373   0.000428   24.035
  468745.16  5893660.48   0.900003   0.000372   0.000426   24.054
  468745.52  5893661.30   0.899641   0.000371   0.000424   24.074
  468745.89  5893662.12   0.899276   0.000369   0.000422   24.093
  468746.26  5893662.94   0.898909   0.000368   0.000421   24.112
  468746.63  5893663.76   0.898539   0.000367   0.000419   24.131
  468746.99  5893664.58   0.898167   0.000366   0.000417   24.150
  468747.36  5893665.40   0.897792   0.000365   0.000416   24.168
  468747.73  5893666.22   0.897414   0.000363   0.000414   24.187
  468748.10  5893667.04   0.897034   0.000362   0.000412   24.206
  468748.47  5893667.86   0.896652   0.000361   0.000410   24.224
  468748.83  5893668.67   0.896267   0.000360   0.000409   24.243
  468749.20  5893669.49   0.895879   0.000359   0.000407   24.262
  468749.57  5893670.31   0.895489   0.000357   0.000405   24.280
  468749.94  5893671.12   0.895096   0.000356   0.000403   24.298
  468750.31  5893671.94   0.894700   0.000355   0.000402   24.317
  468750.68  5893672.75   0.894302   0.000354   0.000400   24.335
  468751.04  5893673.57   0.893902   0.000353   0.000398   24.353
  468751.41  5893674.38   0.893499   0.000351   0.000397   24.371
  468751.78  5893675.20   0.893093   0.000350   0.000395   24.389
  468752.15  5893676.01   0.892685   0.000349   0.000393   24.407
  468752.52  5893676.82   0.892274   0.000348   0.000392   24.425
  468752.89  5893677.63   0.891860   0.000347   0.000390   24.442
  468753.26  5893678.45   0.891444   0.000345   0.000388   24.460
  468753.63  5893679.26   0.891025   0.000344   0.000386   24.478
  468754.00  5893680.07   0.890604   0.000343   0.000385   24.495
  468754.37  5893680.88   0.890180   0.000342   0.000383   24.513
  468754.74  5893681.69   0.889754   0.000341   0.000381   24.530
  468755.11  5893682.50   0.889325   0.000339   0.000380   24.548
  468755.47  5893683.31   0.888893   0.000338   0.000378   24.565
  468755.84  5893684.11   0.888459   0.000337   0.000376   24.582
  468756.21  5893684.92   0.888022   0.000336   0.000375   24.599
  468756.58  5893685.73   0.887583   0.000335   0.000373   24.616
  468756.95  5893686.53   0.887141   0.000334   0.000371   24.633
  468757.32  5893687.34   0.886696   0.000332   0.000370   24.650
  468757.69  5893688.15   0.886249   0.000331   0.000368   24.667
  468758.06  5893688.95   0.885799   0.000330   0.000366   24.684
  468758.43  5893689.76   0.885347   0.000329   0.000365   24.701
  468758.80  5893690.56   0.884892   0.000328   0.000363   24.718
  468759.17  5893691.36   0.884434   0.000326   0.000361   24.734
  468759.54  5893692.17   0.883974   0.000325   0.000359   24.751
  468759.91  5893692.97   0.883511   0.000324   0.000358   24.767
  468760.28  5893693.77   0.883046   0.000323   0.000356   24.784
  468760.66  5893694.57   0.882578   0.000322   0.000354   24.800
  468761.03  5893695.37   0.882107   0.000321   0.000353   24.816
  468761.40  5893696.17   0.881634   0.000319   0.000351   24.832
  468761.77  5893696.97   0.881158   0.000318   0.000349   24.848
  468762.14  5893697.77   0.880680   0.000317   0.000348   24.865
  468762.51  5893698.57   0.880199   0.000316   0.000346   24.881
  468762.88  5893699.37   0.879715   0.000315   0.000344   24.896
  468763.25  5893700.17   0.879229   0.000314   0.000343   24.912
  468763.62  5893700.96   0.878740   0.000312   0.000341   24.928
  468763.99  5893701.76   0.878249   0.000311   0.000339   24.944
  468764.36  5893702.56   0.877754   0.000310   0.000338   24.960
  468764.73  5893703.35   0.877258   0.000309   0.000336   24.975
  468765.10  5893704.15   0.876758   0.000308   0.000335   24.991
  468765.47  5893704.94   0.876256   0.000307   0.000333   25.006
  468765.84  5893705.74   0.875752   0.000305   0.000331   25.022
  468766.21  5893706.53   0.875245   0.000304   0.000330   25.037
  468766.58  5893707.32   0.874735   0.000303   0.000328   25.052
  468766.95  5893708.11   0.874222   0.000302   0.000326   25.067
  468767.32  5893708.90   0.873707   0.000301   0.000325   25.082
  468767.69  5893709.70   0.873190   0.000300   0.000323   25.097
  468768.06  5893710.49   0.872669   0.000298   0.000321   25.112
  468768.43  5893711.28   0.872146   0.000297   0.000320   25.127
  468768.81  5893712.07   0.871621   0.000296   0.000318   25.142
  468769.18  5893712.85   0.871093   0.000295   0.000316   25.157
  468769.55  5893713.64   0.870562   0.000294   0.000315   25.172
  468769.92  5893714.43   0.870028   0.000293   0.000313   25.186
  468770.29  5893715.22   0.869492   0.000291   0.000311   25.201
  468770.66  5893716.00   0.868953   0.000290   0.000310   25.215
  468771.03  5893716.79   0.868412   0.000289   0.000308   25.230
  468771.40  5893717.57   0.867868   0.000288   0.000307   25.244
  468771.77  5893718.36   0.867322   0.000287   0.000305   25.259
  468772.14  5893719.14   0.866772   0.000285   0.000303   25.273
  468772.51  5893719.93   0.866220   0.000284   0.000302   25.287
  468772.88  5893720.71   0.865666   0.000283   0.000300   25.301
  468773.25  5893721.49   0.865109   0.000282   0.000298   25.315
  468773.62  5893722.27   0.864549   0.000281   0.000297   25.329
  468773.99  5893723.05   0.863987   0.000280   0.000295   25.343
  468774.36  5893723.83   0.863421   0.000278   0.000294   25.357
  468774.73  5893724.61   0.862854   0.000277   0.000292   25.371
  468775.10  5893725.39   0.862283   0.000276   0.000290   25.384
  468775.47  5893726.17   0.861710   0.000275   0.000289   25.398
  468775.84  5893726.95   0.861135   0.000273   0.000286   25.412
  468776.21  5893727.73   0.860557   0.000271   0.000284   25.425
  468776.58  5893728.51   0.859976   0.000271   0.000284   25.438
  468776.95  5893729.28   0.859392   0.000273   0.000285   25.452
  468777.31  5893730.06   0.858805   0.000275   0.000286   25.465
  468777.68  5893730.83   0.858215   0.000276   0.000288   25.479
  468778.05  5893731.61   0.857622   0.000278   0.000289   25.492
  468778.42  5893732.38   0.857025   0.000280   0.000290   25.506
  468778.79  5893733.15   0.856426   0.000281   0.000292   25.520
  468779.16  5893733.93   0.855823   0.000283   0.000293   25.533
  468779.53  5893734.70   0.855217   0.000285   0.000295   25.547
  468779.90  5893735.47   0.854608   0.000286   0.000296   25.561
  468780.27  5893736.24   0.853996   0.000288   0.000297   25.575
  468780.64  5893737.01   0.853380   0.000290   0.000299   25.589
  468781.00  5893737.78   0.852762   0.000292   0.000300   25.604
  468781.37  5893738.55   0.852140   0.000294   0.000301   25.618
  468781.74  5893739.32   0.851516   0.000295   0.000303   25.632
  468782.11  5893740.08   0.850888   0.000297   0.000304   25.647
  468782.48  5893740.85   0.850257   0.000299   0.000306   25.661
  468782.85  5893741.62   0.849622   0.000301   0.000307   25.676
  468783.22  5893742.38   0.848985   0.000302   0.000308   25.690
  468783.58  5893743.15   0.848344   0.000304   0.000310   25.705
  468783.95  5893743.91   0.847701   0.000306   0.000311   25.720
  468784.32  5893744.67   0.847054   0.000308   0.000313   25.735
  468784.69  5893745.44   0.846404   0.000310   0.000314   25.750
  468785.05  5893746.20   0.845751   0.000312   0.000315   25.765
  468785.42  5893746.96   0.845095   0.000314   0.000317   25.780
  468785.79  5893747.72   0.844435   0.000316   0.000318   25.795
  468786.16  5893748.48   0.843773   0.000317   0.000320   25.810
  468786.52  5893749.24   0.843107   0.000319   0.000321   25.826
  468786.89  5893750.00   0.842439   0.000321   0.000322   25.841
  468787.26  5893750.75   0.841767   0.000323   0.000324   25.856
  468787.63  5893751.51   0.841092   0.000325   0.000325   25.872
  468787.99  5893752.27   0.840413   0.000327   0.000327   25.888
  468788.36  5893753.02   0.839732   0.000329   0.000328   25.903
  468788.73  5893753.78   0.839048   0.000331   0.000330   25.919
  468789.09  5893754.53   0.838360   0.000333   0.000331   25.935
  468789.46  5893755.29   0.837669   0.000335   0.000333   25.951
  468789.83  5893756.04   0.836976   0.000337   0.000334   25.967
  468790.19  5893756.79   0.836279   0.000340   0.000336   25.984
  468790.56  5893757.54   0.835575   0.000343   0.000339   26.000
  468790.93  5893758.29   0.834868   0.000343   0.000338   26.016
  468791.29  5893759.04   0.834165   0.000342   0.000337   26.033
  468791.66  5893759.79   0.833467   0.000341   0.000335   26.049
  468792.03  5893760.54   0.832773   0.000340   0.000333   26.065
  468792.39  5893761.29   0.832084   0.000339   0.000332   26.082
  468792.76  5893762.04   0.831399   0.000337   0.000330   26.098
  468793.12  5893762.78   0.830719   0.000336   0.000328   26.114
  468793.49  5893763.53   0.830043   0.000335   0.000326   26.130
  468793.85  5893764.27   0.829371   0.000334   0.000325   26.146
  468794.22  5893765.02   0.828704   0.000332   0.000323   26.162
  468794.59  5893765.76   0.828041   0.000331   0.000321   26.177
  468794.95  5893766.50   0.827382   0.000330   0.000319   26.193
  468795.32  5893767.24   0.826728   0.000329   0.000318   26.209
  468795.68  5893767.99   0.826078   0.000327   0.000316   26.224
  468796.05  5893768.73   0.825433   0.000326   0.000314   26.240
  468796.41  5893769.47   0.824792   0.000325   0.000312   26.255
  468796.78  5893770.21   0.824156   0.000323   0.000310   26.270
  468797.14  5893770.94   0.823524   0.000322   0.000309   26.286
  468797.51  5893771.68   0.822896   0.000320   0.000307   26.301
  468797.87  5893772.42   0.822273   0.000319   0.000305   26.316
  468798.24  5893773.16   0.821654   0.000318   0.000303   26.331
  468798.60  5893773.89   0.821039   0.000316   0.000301   26.346
  468798.96  5893774.63   0.820430   0.000314   0.000299   26.361
  468799.33  5893775.36   0.819825   0.000313   0.000298   26.376
  468799.69  5893776.10   0.819223   0.000313   0.000297   26.390
  468800.06  5893776.83   0.818623   0.000312   0.000296   26.405
  468800.42  5893777.56   0.818026   0.000311   0.000295   26.420
  468800.79  5893778.29   0.817432   0.000311   0.000294   26.434
  468801.15  5893779.03   0.816841   0.000310   0.000293   26.449
  468801.51  5893779.76   0.816252   0.000309   0.000291   26.463
  468801.88  5893780.49   0.815665   0.000309   0.000290   26.478
  468802.24  5893781.22   0.815082   0.000308   0.000289   26.492
  468802.60  5893781.95   0.814501   0.000307   0.000288   26.507
  468802.97  5893782.68   0.813922   0.000306   0.000287   26.521
  468803.33  5893783.40   0.813347   0.000306   0.000286   26.535
  468803.69  5893784.13   0.812774   0.000305   0.000285   26.549
  468804.06  5893784.86   0.812203   0.000304   0.000284   26.564
  468804.42  5893785.58   0.811635   0.000303   0.000283   26.578
  468804.78  5893786.31   0.811070   0.000303   0.000282   26.592
  468805.15  5893787.03   0.810508   0.000302   0.000281   26.606
  468805.51  5893787.76   0.809948   0.000301   0.000279   26.620
  468805.87  5893788.48   0.809391   0.000300   0.000278   26.634
  468806.24  5893789.21   0.808836   0.000300   0.000277   26.648
  468806.60  5893789.93   0.808285   0.000299   0.000276   26.662
  468806.96  5893790.65   0.807735   0.000298   0.000275   26.676
  468807.32  5893791.37   0.807189   0.000297   0.000274   26.689
  468807.69  5893792.09   0.806645   0.000296   0.000273   26.703
  468808.05  5893792.81   0.806103   0.000296   0.000272   26.717
  468808.41  5893793.53   0.805565   0.000295   0.000270   26.731
  468808.77  5893794.25   0.805029   0.000294   0.000269   26.744
  468809.14  5893794.97   0.804495   0.000293   0.000268   26.758
  468809.50  5893795.69   0.803965   0.000292   0.000267   26.771
  468809.86  5893796.41   0.803437   0.000291   0.000266   26.785
  468810.22  5893797.12   0.802911   0.000290   0.000265   26.798
  468810.59  5893797.84   0.802388   0.000290   0.000264   26.811
  468810.95  5893798.55   0.801868   0.000289   0.000263   26.825
  468811.31  5893799.27   0.801351   0.000288   0.000261   26.838
  468811.67  5893799.98   0.800836   0.000287   0.000260   26.851
  468812.03  5893800.70   0.800323   0.000286   0.000259   26.864
  468812.39  5893801.41   0.799814   0.000285   0.000258   26.878
  468812.76  5893802.13   0.799307   0.000284   0.000257   26.891
  468813.12  5893802.84   0.798802   0.000283   0.000256   26.904
  468813.48  5893803.55   0.798301   0.000282   0.000254   26.917
  468813.84  5893804.26   0.797802   0.000281   0.000253   26.930
  468814.20  5893804.97   0.797305   0.000280   0.000252   26.942
  468814.56  5893805.68   0.796811   0.000280   0.000251   26.955
  468814.92  5893806.39   0.796320   0.000279   0.000250   26.968
  468815.29  5893807.10   0.795832   0.000278   0.000249   26.981
  468815.65  5893807.81   0.795346   0.000277   0.000247   26.993
  468816.01  5893808.52   0.794862   0.000276   0.000246   27.006
  468816.37  5893809.23   0.794382   0.000275   0.000245   27.018
  468816.73  5893809.93   0.793904   0.000274   0.000244   27.031
  468817.09  5893810.64   0.793428   0.000273   0.000243   27.043
  468817.45  5893811.35   0.792955   0.000272   0.000242   27.056
  468817.81  5893812.05   0.792485   0.000271   0.000240   27.068
  468818.17  5893812.76   0.792018   0.000270   0.000239   27.080
  468818.53  5893813.46   0.791553   0.000269   0.000238   27.093
  468818.89  5893814.17   0.791090   0.000268   0.000237   27.105
  468819.25  5893814.87   0.790631   0.000267   0.000236   27.117
  468819.61  5893815.58   0.790174   0.000266   0.000234   27.129
  468819.98  5893816.28   0.789719   0.000264   0.000233   27.141
  468820.34  5893816.98   0.789268   0.000263   0.000232   27.153
  468820.70  5893817.68   0.788818   0.000262   0.000231   27.165
  468821.06  5893818.39   0.788372   0.000261   0.000230   27.177
  468821.42  5893819.09   0.787928   0.000260   0.000228   27.189
  468821.78  5893819.79   0.787487   0.000259   0.000227   27.200
  468822.14  5893820.49   0.787048   0.000258   0.000226   27.212
  468822.50  5893821.19   0.786612   0.000257   0.000225   27.224
  468822.86  5893821.89   0.786178   0.000256   0.000224   27.235
  468823.22  5893822.58   0.785748   0.000255   0.000222   27.247
  468823.58  5893823.28   0.785319   0.000254   0.000221   27.258
  468823.94  5893823.98   0.784894   0.000252   0.000220   27.270
  468824.30  5893824.68   0.784471   0.000251   0.000219   27.281
  468824.65  5893825.38   0.784051   0.000250   0.000217   27.292
  468825.01  5893826.07   0.783633   0.000249   0.000216   27.304
  468825.37  5893826.77   0.783218   0.000248   0.000215   27.315
  468825.73  5893827.46   0.782805   0.000247   0.000214   27.326
  468826.09  5893828.16   0.782395   0.000246   0.000213   27.337
  468826.45  5893828.85   0.781988   0.000244   0.000211   27.348
  468826.81  5893829.55   0.781583   0.000243   0.000210   27.359
  468827.17  5893830.24   0.781181   0.000242   0.000209   27.370
  468827.53  5893830.93   0.780782   0.000241   0.000208   27.381
  468827.89  5893831.63   0.780385   0.000240   0.000206   27.391
  468828.25  5893832.32   0.779991   0.000238   0.000205   27.402
  468828.61  5893833.01   0.779599   0.000237   0.000204   27.413
  468828.97  5893833.70   0.779210   0.000236   0.000203   27.423
  468829.32  5893834.40   0.778824   0.000235   0.000201   27.434
  468829.68  5893835.09   0.778440   0.000234   0.000200   27.444
  468830.04  5893835.78   0.778059   0.000232   0.000199   27.455
  468830.40  5893836.47   0.777681   0.000231   0.000198   27.465
  468830.76  5893837.16   0.777305   0.000230   0.000196   27.475
  468831.12  5893837.85   0.776931   0.000229   0.000195   27.486
  468831.48  5893838.54   0.776561   0.000227   0.000194   27.496
  468831.84  5893839.22   0.776192   0.000226   0.000193   27.506
  468832.19  5893839.91   0.775827   0.000225   0.000191   27.516
  468832.55  5893840.60   0.775464   0.000223   0.000190   27.526
  468832.91  5893841.29   0.775104   0.000222   0.000189   27.536
  468833.27  5893841.98   0.774746   0.000221   0.000187   27.546
  468833.63  5893842.66   0.774391   0.000220   0.000186   27.556
  468833.99  5893843.35   0.774039   0.000218   0.000185   27.565
  468834.34  5893844.03   0.773689   0.000217   0.000184   27.575
  468834.70  5893844.72   0.773341   0.000216   0.000182   27.585
  468835.06  5893845.41   0.772997   0.000214   0.000181   27.594
  468835.42  5893846.09   0.772655   0.000213   0.000180   27.604
  468835.78  5893846.77   0.772315   0.000212   0.000179   27.613
  468836.13  5893847.46   0.771978   0.000210   0.000177   27.622
  468836.49  5893848.14   0.771644   0.000209   0.000176   27.632
  468836.85  5893848.83   0.771313   0.000208   0.000175   27.641
  468837.21  5893849.51   0.770983   0.000206   0.000173   27.650
  468837.57  5893850.19   0.770657   0.000205   0.000172   27.659
  468837.92  5893850.87   0.770333   0.000204   0.000171   27.668
  468838.28  5893851.56   0.770012   0.000202   0.000170   27.677
  468838.64  5893852.24   0.769693   0.000201   0.000168   27.686
  468839.00  5893852.92   0.769377   0.000199   0.000167   27.695
  468839.35  5893853.60   0.769064   0.000198   0.000166   27.704
  468839.71  5893854.28   0.768753   0.000197   0.000164   27.713
  468840.07  5893854.96   0.768445   0.000195   0.000163   27.721
  468840.43  5893855.64   0.768139   0.000194   0.000162   27.730
  468840.78  5893856.32   0.767836   0.000192   0.000160   27.738
  468841.14  5893857.00   0.767535   0.000191   0.000159   27.747
  468841.50  5893857.68   0.767238   0.000190   0.000158   27.755
  468841.86  5893858.36   0.766942   0.000188   0.000156   27.764
  468842.21  5893859.04   0.766650   0.000187   0.000155   27.772
  468842.57  5893859.72   0.766360   0.000185   0.000154   27.780
  468842.93  5893860.39   0.766072   0.000184   0.000153   27.788
  468843.29  5893861.07   0.765787   0.000182   0.000151   27.796
  468843.64  5893861.75   0.765505   0.000181   0.000150   27.804
  468844.00  5893862.42   0.765225   0.000179   0.000149   27.812
  468844.36  5893863.10   0.764948   0.000178   0.000147   27.820
  468844.71  5893863.78   0.764673   0.000176   0.000146   27.828
  468845.07  5893864.45   0.764402   0.000175   0.000145   27.836
  468845.43  5893865.13   0.764132   0.000173   0.000143   27.843
  468845.78  5893865.81   0.763865   0.000172   0.000142   27.851
  468846.14  5893866.48   0.763601   0.000171   0.000141   27.858
  468846.50  5893867.16   0.763340   0.000169   0.000139   27.866
  468846.86  5893867.83   0.763081   0.000168   0.000138   27.873
  468847.21  5893868.50   0.762824   0.000166   0.000137   27.881
  468847.57  5893869.18   0.762570   0.000164   0.000135   27.888
  468847.93  5893869.85   0.762319   0.000163   0.000134   27.895
  468848.28  5893870.53   0.762071   0.000161   0.000133   27.902
  468848.64  5893871.20   0.761825   0.000160   0.000131   27.909
  468849.00  5893871.87   0.761581   0.000158   0.000130   27.916
  468849.35  5893872.54   0.761340   0.000157   0.000129   27.923
  468849.71  5893873.22   0.761102   0.000155   0.000127   27.930
  468850.07  5893873.89   0.760866   0.000154   0.000126   27.937
  468850.42  5893874.56   0.760633   0.000152   0.000125   27.943
  468850.78  5893875.23   0.760403   0.000151   0.000123   27.950
  468851.13  5893875.91   0.760175   0.000149   0.000122   27.957
  468851.49  5893876.58   0.759949   0.000148   0.000120   27.963
  468851.85  5893877.25   0.759727   0.000146   0.000119   27.969
  468852.20  5893877.92   0.759506   0.000144   0.000118   27.976
  468852.56  5893878.59   0.759289   0.000143   0.000116   27.982
  468852.92  5893879.26   0.759074   0.000141   0.000115   27.988
  468853.27  5893879.93   0.758861   0.000140   0.000114   27.994
  468853.63  5893880.60   0.758652   0.000138   0.000112   28.001
  468853.99  5893881.27   0.758444   0.000136   0.000111   28.007
  468854.34  5893881.94   0.758240   0.000135   0.000110   28.012
  468854.70  5893882.61   0.758037   0.000133   0.000108   28.018
  468855.05  5893883.28   0.757838   0.000132   0.000107   28.024
  468855.41  5893883.95   0.757641   0.000130   0.000106   28.030
  468855.77  5893884.61   0.757447   0.000128   0.000104   28.035
  468856.12  5893885.28   0.757255   0.000127   0.000103   28.041
  468856.48  5893885.95   0.757066   0.000125   0.000101   28.047
  468856.83  5893886.62   0.756879   0.000124   0.000100   28.052
  468857.19  5893887.29   0.756695   0.000122   0.000099   28.057
  468857.55  5893887.95   0.756514   0.000120   0.000097   28.063
  468857.90  5893888.62   0.756335   0.000119   0.000096   28.068
  468858.26  5893889.29   0.756158   0.000117   0.000095   28.073
  468858.61  5893889.96   0.755985   0.000115   0.000093   28.078
  468858.97  5893890.62   0.755814   0.000114   0.000092   28.083
  468859.32  5893891.29   0.755645   0.000112   0.000091   28.088
  468859.68  5893891.96   0.755479   0.000110   0.000089   28.093
  468860.04  5893892.62   0.755316   0.000109   0.000088   28.098
  468860.39  5893893.29   0.755155   0.000107   0.000086   28.102
  468860.75  5893893.96   0.754997   0.000105   0.000085   28.107
  468861.10  5893894.62   0.754841   0.000104   0.000084   28.112
  468861.46  5893895.29   0.754688   0.000102   0.000082   28.116
  468861.81  5893895.95   0.754537   0.000100   0.000081   28.120
  468862.17  5893896.62   0.754389   0.000099   0.000080   28.125
  468862.53  5893897.28   0.754244   0.000097   0.000078   28.129
  468862.88  5893897.95   0.754101   0.000095   0.000077   28.133
  468863.24  5893898.61   0.753961   0.000094   0.000075   28.137
  468863.59  5893899.28   0.753823   0.000092   0.000074   28.141
  468863.95  5893899.94   0.753688   0.000090   0.000073   28.145
  468864.30  5893900.61   0.753556   0.000089   0.000071   28.149
  468864.66  5893901.27   0.753426   0.000087   0.000070   28.153
  468865.02  5893901.94   0.753299   0.000085   0.000068   28.157
  468865.37  5893902.60   0.753174   0.000084   0.000067   28.161
  468865.73  5893903.26   0.753052   0.000082   0.000066   28.164
  468866.08  5893903.93   0.752932   0.000080   0.000064   28.168
  468866.44  5893904.59   0.752815   0.000079   0.000063   28.171
  468866.79  5893905.25   0.752701   0.000077   0.000062   28.175
  468867.15  5893905.92   0.752589   0.000075   0.000060   28.178
  468867.50  5893906.58   0.752480   0.000073   0.000059   28.181
  468867.86  5893907.24   0.752373   0.000072   0.000057   28.184
  468868.21  5893907.91   0.752269   0.000070   0.000056   28.187
  468868.57  5893908.57   0.752167   0.000068   0.000055   28.190
  468868.92  5893909.23   0.752068   0.000066   0.000053   28.193
  468869.28  5893909.90   0.751972   0.000065   0.000052   28.196
  468869.64  5893910.56   0.751878   0.000063   0.000050   28.199
  468869.99  5893911.22   0.751787   0.000061   0.000049   28.202
  468870.35  5893911.88   0.751698   0.000060   0.000048   28.204
  468870.70  5893912.55   0.751612   0.000058   0.000046   28.207
  468871.06  5893913.21   0.751528   0.000056   0.000045   28.209
  468871.41  5893913.87   0.751447   0.000054   0.000043   28.212
  468871.77  5893914.53   0.751369   0.000053   0.000042   28.214
  468872.12  5893915.20   0.751293   0.000051   0.000041   28.216
  468872.48  5893915.86   0.751220   0.000049   0.000039   28.219
  468872.83  5893916.52   0.751149   0.000047   0.000038   28.221
  468873.19  5893917.18   0.751081   0.000046   0.000036   28.223
  468873.54  5893917.84   0.751015   0.000044   0.000035   28.225
  468873.90  5893918.50   0.750952   0.000042   0.000034   28.227
  468874.25  5893919.17   0.750892   0.000040   0.000032   28.228
  468874.61  5893919.83   0.750834   0.000039   0.000031   28.230
  468874.96  5893920.49   0.750779   0.000037   0.000029   28.232
  468875.32  5893921.15   0.750726   0.000035   0.000028   28.233
  468875.67  5893921.81   0.750676   0.000033   0.000027   28.235
  468876.03  5893922.47   0.750628   0.000032   0.000025   28.236
  468876.38  5893923.13   0.750583   0.000030   0.000024   28.238
  468876.74  5893923.80   0.750541   0.000028   0.000022   28.239
  468877.09  5893924.46   0.750501   0.000026   0.000021   28.240
  468877.45  5893925.12   0.750464   0.000025   0.000020   28.241
  468877.80  5893925.78   0.750429   0.000023   0.000018   28.242
  468878.16  5893926.44   0.750397   0.000021   0.000017   28.243
  468878.51  5893927.10   0.750367   0.000019   0.000015   28.244
  468878.87  5893927.76   0.750340   0.000018   0.000014   28.245
  468879.23  5893928.42   0.750316   0.000016   0.000013   28.246
  468879.58  5893929.08   0.750294   0.000014   0.000011   28.247
  468879.94  5893929.75   0.750275   0.000012   0.000010   28.247
  468880.29  5893930.41   0.750258   0.000011   0.000008   28.248
  468880.65  5893931.07   0.750244   0.000009   0.000007   28.248
  468881.00  5893931.73   0.750232   0.000007   0.000006   28.249
  468881.36  5893932.39   0.750223   0.000005   0.000004   28.249
  468881.71  5893933.05   0.750217   0.000003   0.000002   28.249
  468882.07  5893933.71   0.750214   0.000002   0.000001   28.249
