  470151.01  5896243.51   0.863081   0.000002   0.000002    0.000
  470151.35  5896244.30   0.864515   0.000004   0.000004   23.708
  470151.70  5896245.09   0.867377   0.000007   0.000008   23.707
  470152.05  5896245.89   0.870225   0.000011   0.000012   23.707
  470152.40  5896246.68   0.873060   0.000014   0.000016   23.707
  470152.75  5896247.48   0.875880   0.000018   0.000019   23.706
  470153.11  5896248.29   0.878687   0.000021   0.000023   23.705
  470153.46  5896249.09   0.881480   0.000025   0.000027   23.704
  470153.81  5896249.90   0.884259   0.000028   0.000031   23.703
  470154.17  5896250.71   0.887024   0.000031   0.000035   23.701
  470154.53  5896251.53   0.889775   0.000034   0.000038   23.700
  470154.89  5896252.34   0.892513   0.000037   0.000042   23.698
  470155.24  5896253.16   0.895237   0.000041   0.000046   23.696
  470155.60  5896253.98   0.897947   0.000044   0.000050   23.694
  470155.97  5896254.81   0.900643   0.000047   0.000054   23.692
  470156.33  5896255.63   0.903325   0.000050   0.000057   23.689
  470156.69  5896256.46   0.905993   0.000053   0.000061   23.687
  470157.06  5896257.29   0.908648   0.000055   0.000065   23.684
  470157.42  5896258.12   0.911289   0.000058   0.000068   23.681
  470157.79  5896258.96   0.913916   0.000061   0.000072   23.678
  470158.16  5896259.80   0.916529   0.000064   0.000076   23.675
  470158.52  5896260.64   0.919128   0.000067   0.000080   23.671
  470158.89  5896261.48   0.921714   0.000069   0.000083   23.668
  470159.26  5896262.33   0.924286   0.000072   0.000087   23.664
  470159.64  5896263.17   0.926843   0.000075   0.000091   23.660
  470160.01  5896264.03   0.929387   0.000077   0.000094   23.656
  470160.38  5896264.88   0.931918   0.000080   0.000098   23.652
  470160.76  5896265.73   0.934434   0.000082   0.000102   23.648
  470161.13  5896266.59   0.936937   0.000085   0.000105   23.644
  470161.51  5896267.45   0.939426   0.000087   0.000109   23.639
  470161.88  5896268.31   0.941901   0.000090   0.000113   23.634
  470162.26  5896269.17   0.944362   0.000092   0.000116   23.630
  470162.64  5896270.04   0.946809   0.000095   0.000120   23.625
  470163.02  5896270.91   0.949243   0.000097   0.000123   23.620
  470163.40  5896271.78   0.951662   0.000099   0.000127   23.614
  470163.78  5896272.65   0.954068   0.000102   0.000131   23.609
  470164.17  5896273.53   0.956460   0.000104   0.000134   23.603
  470164.55  5896274.41   0.958839   0.000106   0.000138   23.598
  470164.93  5896275.29   0.961203   0.000108   0.000142   23.592
  470165.32  5896276.17   0.963554   0.000111   0.000145   23.586
  470165.70  5896277.05   0.965891   0.000113   0.000149   23.580
  470166.09  5896277.94   0.968214   0.000115   0.000152   23.573
  470166.48  5896278.83   0.970523   0.000117   0.000156   23.567
  470166.87  5896279.72   0.972819   0.000119   0.000159   23.561
  470167.26  5896280.61   0.975100   0.000121   0.000163   23.554
  470167.65  5896281.51   0.977368   0.000123   0.000167   23.547
  470168.04  5896282.40   0.979622   0.000125   0.000170   23.540
  470168.43  5896283.30   0.981862   0.000127   0.000174   23.533
  470168.82  5896284.20   0.984089   0.000130   0.000177   23.526
  470169.21  5896285.11   0.986302   0.000132   0.000181   23.519
  470169.61  5896286.01   0.988500   0.000134   0.000185   23.511
  470170.00  5896286.92   0.990685   0.000136   0.000188   23.504
  470170.40  5896287.83   0.992857   0.000137   0.000192   23.496
  470170.79  5896288.74   0.995014   0.000139   0.000195   23.488
  470171.19  5896289.65   0.997158   0.000141   0.000199   23.480
  470171.59  5896290.57   0.999288   0.000143   0.000202   23.472
  470171.99  5896291.49   1.001404   0.000145   0.000206   23.464
  470172.39  5896292.41   1.003506   0.000147   0.000209   23.456
  470172.79  5896293.33   1.005595   0.000149   0.000213   23.447
  470173.19  5896294.25   1.007669   0.000151   0.000217   23.439
  470173.59  5896295.18   1.009730   0.000153   0.000220   23.430
  470173.99  5896296.11   1.011777   0.000154   0.000224   23.421
  470174.39  5896297.03   1.013811   0.000156   0.000227   23.412
  470174.80  5896297.97   1.015830   0.000158   0.000231   23.403
  470175.20  5896298.90   1.017836   0.000160   0.000234   23.394
  470175.60  5896299.83   1.019828   0.000162   0.000238   23.385
  470176.01  5896300.77   1.021806   0.000164   0.000241   23.375
  470176.41  5896301.71   1.023771   0.000165   0.000245   23.366
  470176.82  5896302.65   1.025721   0.000167   0.000249   23.356
  470177.23  5896303.59   1.027658   0.000169   0.000252   23.346
  470177.63  5896304.54   1.029581   0.000171   0.000256   23.336
  470178.04  5896305.48   1.031491   0.000172   0.000259   23.326
  470178.45  5896306.43   1.033386   0.000174   0.000263   23.316
  470178.86  5896307.38   1.035268   0.000176   0.000266   23.306
  470179.27  5896308.33   1.037136   0.000177   0.000270   23.295
  470179.68  5896309.29   1.038990   0.000179   0.000273   23.285
  470180.09  5896310.24   1.040830   0.000181   0.000277   23.274
  470180.50  5896311.20   1.042657   0.000183   0.000281   23.263
  470180.91  5896312.16   1.044470   0.000185   0.000286   23.252
  470181.33  5896313.12   1.046270   0.000187   0.000290   23.241
  470181.74  5896314.08   1.048056   0.000190   0.000295   23.230
  470182.15  5896315.05   1.049828   0.000192   0.000299   23.218
  470182.57  5896316.01   1.051587   0.000194   0.000303   23.207
  470182.98  5896316.98   1.053332   0.000196   0.000308   23.195
  470183.40  5896317.95   1.055064   0.000198   0.000312   23.183
  470183.81  5896318.92   1.056782   0.000200   0.000317   23.171
  470184.23  5896319.89   1.058486   0.000203   0.000321   23.159
  470184.65  5896320.87   1.060177   0.000205   0.000325   23.147
  470185.06  5896321.84   1.061854   0.000207   0.000330   23.135
  470185.48  5896322.82   1.063518   0.000209   0.000334   23.122
  470185.90  5896323.80   1.065168   0.000211   0.000339   23.109
  470186.32  5896324.78   1.066804   0.000213   0.000343   23.096
  470186.73  5896325.76   1.068427   0.000215   0.000347   23.083
  470187.15  5896326.74   1.070037   0.000217   0.000352   23.070
  470187.57  5896327.73   1.071632   0.000219   0.000356   23.057
  470187.99  5896328.72   1.073215   0.000221   0.000361   23.043
  470188.41  5896329.70   1.074783   0.000223   0.000365   23.030
  470188.83  5896330.69   1.076338   0.000225   0.000369   23.016
  470189.25  5896331.69   1.077880   0.000228   0.000374   23.002
  470189.67  5896332.68   1.079408   0.000230   0.000378   22.988
  470190.10  5896333.67   1.080922   0.000232   0.000383   22.974
  470190.52  5896334.67   1.082423   0.000234   0.000387   22.960
  470190.94  5896335.67   1.083910   0.000236   0.000392   22.945
  470191.36  5896336.67   1.085384   0.000238   0.000396   22.930
  470191.79  5896337.67   1.086844   0.000240   0.000400   22.916
  470192.21  5896338.67   1.088290   0.000242   0.000405   22.901
  470192.63  5896339.67   1.089723   0.000244   0.000409   22.886
  470193.06  5896340.68   1.091143   0.000246   0.000414   22.870
  470193.48  5896341.68   1.092549   0.000248   0.000418   22.855
  470193.91  5896342.69   1.093941   0.000250   0.000423   22.840
  470194.33  5896343.70   1.095320   0.000252   0.000427   22.824
  470194.75  5896344.71   1.096685   0.000254   0.000432   22.808
  470195.18  5896345.72   1.098037   0.000256   0.000436   22.792
  470195.61  5896346.73   1.099375   0.000258   0.000441   22.776
  470196.03  5896347.75   1.100700   0.000260   0.000445   22.760
  470196.46  5896348.76   1.102011   0.000262   0.000450   22.743
  470196.88  5896349.78   1.103309   0.000264   0.000454   22.727
  470197.31  5896350.80   1.104593   0.000266   0.000459   22.710
  470197.74  5896351.82   1.105864   0.000268   0.000463   22.693
  470198.16  5896352.84   1.107121   0.000270   0.000468   22.676
  470198.59  5896353.86   1.108364   0.000272   0.000472   22.659
  470199.02  5896354.89   1.109595   0.000274   0.000477   22.642
  470199.44  5896355.91   1.110811   0.000276   0.000482   22.625
  470199.87  5896356.94   1.112014   0.000278   0.000486   22.607
  470200.30  5896357.96   1.113204   0.000280   0.000491   22.589
  470200.72  5896358.99   1.114380   0.000282   0.000495   22.571
  470201.15  5896360.02   1.115543   0.000284   0.000500   22.553
  470201.58  5896361.05   1.116692   0.000286   0.000504   22.535
  470202.01  5896362.08   1.117827   0.000288   0.000509   22.517
  470202.44  5896363.12   1.118950   0.000290   0.000514   22.499
  470202.86  5896364.15   1.120058   0.000292   0.000518   22.480
  470203.29  5896365.19   1.121154   0.000294   0.000523   22.461
  470203.72  5896366.22   1.122235   0.000296   0.000528   22.442
  470204.15  5896367.26   1.123304   0.000298   0.000532   22.423
  470204.58  5896368.30   1.124358   0.000300   0.000537   22.404
  470205.01  5896369.34   1.125400   0.000302   0.000542   22.385
  470205.43  5896370.38   1.126428   0.000304   0.000546   22.365
  470205.86  5896371.43   1.127442   0.000306   0.000551   22.346
  470206.29  5896372.47   1.128443   0.000309   0.000556   22.326
  470206.72  5896373.51   1.129431   0.000311   0.000560   22.306
  470207.15  5896374.56   1.130405   0.000313   0.000565   22.286
  470207.58  5896375.61   1.131365   0.000315   0.000570   22.265
  470208.00  5896376.65   1.132313   0.000317   0.000575   22.245
  470208.43  5896377.70   1.133246   0.000319   0.000579   22.224
  470208.86  5896378.75   1.134167   0.000321   0.000584   22.204
  470209.29  5896379.80   1.135074   0.000323   0.000589   22.183
  470209.72  5896380.85   1.135967   0.000325   0.000594   22.162
  470210.15  5896381.91   1.136847   0.000327   0.000598   22.141
  470210.57  5896382.96   1.137714   0.000329   0.000603   22.119
  470211.00  5896384.01   1.138567   0.000332   0.000608   22.098
  470211.43  5896385.07   1.139407   0.000334   0.000613   22.076
  470211.86  5896386.13   1.140233   0.000336   0.000618   22.054
  470212.29  5896387.18   1.141046   0.000338   0.000622   22.033
  470212.71  5896388.24   1.141846   0.000340   0.000627   22.010
  470213.14  5896389.30   1.142632   0.000342   0.000632   21.988
  470213.57  5896390.36   1.143405   0.000345   0.000637   21.966
  470214.00  5896391.42   1.144164   0.000347   0.000642   21.943
  470214.42  5896392.48   1.144911   0.000349   0.000647   21.920
  470214.85  5896393.55   1.145643   0.000351   0.000652   21.898
  470215.28  5896394.61   1.146363   0.000353   0.000657   21.875
  470215.71  5896395.67   1.147069   0.000356   0.000662   21.851
  470216.13  5896396.74   1.147761   0.000358   0.000667   21.828
  470216.56  5896397.81   1.148440   0.000360   0.000672   21.804
  470216.98  5896398.87   1.149106   0.000362   0.000677   21.781
  470217.41  5896399.94   1.149759   0.000365   0.000682   21.757
  470217.84  5896401.01   1.150398   0.000367   0.000687   21.733
  470218.26  5896402.08   1.151024   0.000369   0.000692   21.709
  470218.69  5896403.15   1.151636   0.000371   0.000697   21.684
  470219.11  5896404.22   1.152235   0.000374   0.000702   21.660
  470219.54  5896405.29   1.152821   0.000376   0.000707   21.635
  470219.96  5896406.36   1.153394   0.000378   0.000712   21.610
  470220.39  5896407.43   1.153953   0.000381   0.000717   21.585
  470220.81  5896408.51   1.154499   0.000383   0.000722   21.560
  470221.23  5896409.58   1.155031   0.000385   0.000727   21.535
  470221.66  5896410.66   1.155551   0.000388   0.000732   21.509
  470222.08  5896411.73   1.156057   0.000390   0.000737   21.484
  470222.50  5896412.81   1.156549   0.000393   0.000742   21.458
  470222.93  5896413.88   1.157029   0.000395   0.000748   21.432
  470223.35  5896414.96   1.157495   0.000397   0.000753   21.406
  470223.77  5896416.04   1.157948   0.000400   0.000758   21.379
  470224.19  5896417.12   1.158387   0.000402   0.000763   21.353
  470224.61  5896418.20   1.158813   0.000405   0.000769   21.326
  470225.04  5896419.28   1.159226   0.000407   0.000774   21.299
  470225.46  5896420.36   1.159626   0.000410   0.000779   21.272
  470225.88  5896421.44   1.160013   0.000412   0.000784   21.245
  470226.30  5896422.52   1.160386   0.000415   0.000790   21.218
  470226.72  5896423.60   1.160746   0.000417   0.000795   21.190
  470227.14  5896424.69   1.161093   0.000420   0.000800   21.162
  470227.55  5896425.77   1.161426   0.000422   0.000806   21.134
  470227.97  5896426.85   1.161746   0.000425   0.000811   21.106
  470228.39  5896427.94   1.162054   0.000428   0.000816   21.078
  470228.81  5896429.02   1.162347   0.000430   0.000822   21.049
  470229.22  5896430.11   1.162628   0.000433   0.000827   21.021
  470229.64  5896431.19   1.162896   0.000435   0.000833   20.992
  470230.06  5896432.28   1.163150   0.000438   0.000838   20.963
  470230.47  5896433.36   1.163391   0.000441   0.000844   20.934
  470230.89  5896434.45   1.163619   0.000443   0.000849   20.904
  470231.30  5896435.54   1.163833   0.000446   0.000855   20.875
  470231.72  5896436.63   1.164035   0.000449   0.000860   20.845
  470232.13  5896437.71   1.164223   0.000452   0.000866   20.815
  470232.54  5896438.80   1.164398   0.000454   0.000871   20.785
  470232.96  5896439.89   1.164560   0.000460   0.000882   20.755
  470233.37  5896440.98   1.164714   0.000465   0.000893   20.724
  470233.78  5896442.07   1.164855   0.000463   0.000888   20.693
  470234.19  5896443.16   1.164973   0.000455   0.000874   20.662
  470234.60  5896444.25   1.165067   0.000448   0.000859   20.632
  470235.01  5896445.34   1.165137   0.000440   0.000845   20.602
  470235.42  5896446.43   1.165184   0.000432   0.000830   20.572
  470235.83  5896447.52   1.165208   0.000425   0.000816   20.543
  470236.24  5896448.62   1.165208   0.000417   0.000801   20.515
  470236.65  5896449.71   1.165184   0.000410   0.000787   20.487
  470237.05  5896450.80   1.165137   0.000403   0.000773   20.460
  470237.46  5896451.89   1.165066   0.000395   0.000759   20.433
  470237.87  5896452.98   1.164972   0.000388   0.000744   20.407
  470238.27  5896454.07   1.164854   0.000380   0.000730   20.381
  470238.68  5896455.17   1.164712   0.000373   0.000716   20.355
  470239.08  5896456.26   1.164547   0.000366   0.000702   20.330
  470239.49  5896457.35   1.164358   0.000359   0.000688   20.306
  470239.89  5896458.44   1.164145   0.000351   0.000674   20.282
  470240.29  5896459.53   1.163909   0.000344   0.000659   20.259
  470240.70  5896460.63   1.163649   0.000337   0.000645   20.236
  470241.10  5896461.72   1.163366   0.000330   0.000631   20.213
  470241.50  5896462.81   1.163058   0.000323   0.000617   20.191
  470241.90  5896463.90   1.162727   0.000316   0.000603   20.170
  470242.30  5896464.99   1.162372   0.000308   0.000589   20.149
  470242.70  5896466.08   1.161994   0.000301   0.000575   20.128
  470243.10  5896467.17   1.161592   0.000294   0.000562   20.108
  470243.50  5896468.27   1.161166   0.000287   0.000548   20.088
  470243.90  5896469.36   1.160716   0.000280   0.000534   20.069
  470244.29  5896470.45   1.160242   0.000273   0.000520   20.051
  470244.69  5896471.54   1.159745   0.000266   0.000506   20.033
  470245.09  5896472.63   1.159224   0.000259   0.000492   20.015
  470245.49  5896473.71   1.158679   0.000252   0.000478   19.998
  470245.88  5896474.80   1.158110   0.000245   0.000465   19.981
  470246.28  5896475.89   1.157517   0.000238   0.000451   19.965
  470246.67  5896476.98   1.156901   0.000231   0.000437   19.949
  470247.07  5896478.07   1.156261   0.000224   0.000423   19.934
  470247.46  5896479.15   1.155597   0.000217   0.000409   19.919
  470247.85  5896480.24   1.154909   0.000210   0.000396   19.904
  470248.25  5896481.33   1.154197   0.000203   0.000382   19.891
  470248.64  5896482.41   1.153461   0.000196   0.000368   19.877
  470249.03  5896483.49   1.152701   0.000189   0.000354   19.864
  470249.42  5896484.58   1.151918   0.000182   0.000341   19.852
  470249.81  5896485.66   1.151111   0.000174   0.000327   19.840
  470250.20  5896486.74   1.150279   0.000167   0.000313   19.828
  470250.59  5896487.83   1.149424   0.000160   0.000299   19.817
  470250.98  5896488.91   1.148545   0.000153   0.000286   19.807
  470251.37  5896489.99   1.147642   0.000146   0.000272   19.797
  470251.76  5896491.07   1.146715   0.000139   0.000258   19.787
  470252.15  5896492.15   1.145764   0.000132   0.000245   19.778
  470252.53  5896493.22   1.144789   0.000125   0.000231   19.769
  470252.92  5896494.30   1.143791   0.000117   0.000217   19.761
  470253.31  5896495.38   1.142768   0.000110   0.000203   19.753
  470253.69  5896496.45   1.141721   0.000103   0.000190   19.746
  470254.08  5896497.53   1.140651   0.000096   0.000176   19.739
  470254.46  5896498.60   1.139556   0.000088   0.000162   19.733
  470254.85  5896499.67   1.138438   0.000081   0.000148   19.727
  470255.23  5896500.74   1.137296   0.000074   0.000135   19.722
  470255.62  5896501.81   1.136129   0.000066   0.000121   19.717
  470256.00  5896502.88   1.134939   0.000059   0.000107   19.713
  470256.38  5896503.95   1.133725   0.000051   0.000093   19.709
  470256.76  5896505.02   1.132487   0.000044   0.000080   19.706
  470257.14  5896506.08   1.131224   0.000036   0.000066   19.703
  470257.53  5896507.15   1.129938   0.000029   0.000052   19.701
  470257.91  5896508.21   1.128628   0.000021   0.000038   19.699
  470258.29  5896509.27   1.127294   0.000014   0.000024   19.697
  470258.67  5896510.33   1.125936   0.000006   0.000010   19.697
  470259.05  5896511.39   1.124554   0.000003   0.000006   19.696
  470259.42  5896512.45   1.123142   0.000012   0.000022   19.696
  470259.80  5896513.51   1.121705   0.000018   0.000031   19.697
  470260.18  5896514.56   1.120258   0.000020   0.000035   19.698
  470260.56  5896515.62   1.118800   0.000022   0.000040   19.700
  470260.93  5896516.67   1.117331   0.000025   0.000044   19.701
  470261.31  5896517.72   1.115851   0.000027   0.000048   19.703
  470261.69  5896518.77   1.114360   0.000030   0.000052   19.704
  470262.06  5896519.82   1.112859   0.000032   0.000056   19.706
  470262.44  5896520.86   1.111347   0.000035   0.000060   19.708
  470262.81  5896521.91   1.109824   0.000037   0.000065   19.711
  470263.19  5896522.95   1.108290   0.000040   0.000069   19.713
  470263.56  5896524.00   1.106746   0.000042   0.000073   19.715
  470263.93  5896525.04   1.105191   0.000045   0.000077   19.718
  470264.31  5896526.08   1.103624   0.000047   0.000082   19.721
  470264.68  5896527.12   1.102047   0.000050   0.000086   19.724
  470265.05  5896528.15   1.100460   0.000053   0.000090   19.727
  470265.42  5896529.19   1.098861   0.000055   0.000094   19.730
  470265.79  5896530.22   1.097252   0.000058   0.000099   19.734
  470266.16  5896531.25   1.095632   0.000061   0.000103   19.738
  470266.53  5896532.28   1.094001   0.000063   0.000107   19.741
  470266.90  5896533.31   1.092359   0.000066   0.000111   19.745
  470267.27  5896534.34   1.090707   0.000069   0.000116   19.750
  470267.64  5896535.36   1.089043   0.000072   0.000120   19.754
  470268.01  5896536.39   1.087369   0.000074   0.000124   19.758
  470268.37  5896537.41   1.085684   0.000077   0.000129   19.763
  470268.74  5896538.43   1.083989   0.000080   0.000133   19.768
  470269.11  5896539.45   1.082282   0.000083   0.000137   19.773
  470269.47  5896540.47   1.080565   0.000086   0.000142   19.778
  470269.84  5896541.49   1.078837   0.000089   0.000146   19.783
  470270.20  5896542.50   1.077098   0.000092   0.000151   19.789
  470270.57  5896543.51   1.075349   0.000095   0.000155   19.794
  470270.93  5896544.52   1.073588   0.000098   0.000159   19.800
  470271.29  5896545.53   1.071817   0.000101   0.000164   19.806
  470271.66  5896546.54   1.070035   0.000104   0.000168   19.812
  470272.02  5896547.55   1.068242   0.000107   0.000173   19.819
  470272.38  5896548.55   1.066439   0.000110   0.000177   19.825
  470272.74  5896549.55   1.064624   0.000113   0.000182   19.832
  470273.10  5896550.55   1.062799   0.000116   0.000186   19.839
  470273.47  5896551.55   1.060963   0.000120   0.000191   19.846
  470273.83  5896552.55   1.059117   0.000123   0.000195   19.853
  470274.18  5896553.54   1.057259   0.000126   0.000200   19.861
  470274.54  5896554.54   1.055391   0.000130   0.000204   19.868
  470274.90  5896555.53   1.053512   0.000133   0.000209   19.876
  470275.26  5896556.52   1.051622   0.000136   0.000213   19.884
  470275.62  5896557.51   1.049722   0.000140   0.000218   19.892
  470275.97  5896558.49   1.047811   0.000143   0.000222   19.901
  470276.33  5896559.48   1.045889   0.000147   0.000227   19.909
  470276.69  5896560.46   1.043956   0.000150   0.000231   19.918
  470277.04  5896561.44   1.042012   0.000154   0.000236   19.927
  470277.40  5896562.42   1.040058   0.000157   0.000241   19.936
  470277.75  5896563.40   1.038093   0.000161   0.000245   19.946
  470278.11  5896564.37   1.036117   0.000165   0.000250   19.955
  470278.46  5896565.34   1.034130   0.000168   0.000255   19.965
  470278.81  5896566.31   1.032133   0.000172   0.000259   19.975
  470279.16  5896567.28   1.030124   0.000176   0.000264   19.985
  470279.52  5896568.25   1.028106   0.000180   0.000269   19.996
  470279.87  5896569.22   1.026076   0.000184   0.000274   20.006
  470280.22  5896570.18   1.024036   0.000188   0.000278   20.017
  470280.57  5896571.14   1.021984   0.000192   0.000283   20.028
  470280.92  5896572.10   1.019922   0.000196   0.000288   20.039
  470281.27  5896573.06   1.017850   0.000200   0.000293   20.051
  470281.62  5896574.01   1.015766   0.000204   0.000297   20.062
  470281.97  5896574.96   1.013672   0.000208   0.000302   20.074
  470282.31  5896575.92   1.011567   0.000212   0.000307   20.086
  470282.66  5896576.86   1.009452   0.000217   0.000312   20.099
  470283.01  5896577.81   1.007325   0.000221   0.000317   20.111
  470283.35  5896578.76   1.005188   0.000225   0.000322   20.124
  470283.70  5896579.70   1.003041   0.000230   0.000327   20.137
  470284.04  5896580.64   1.000882   0.000234   0.000332   20.150
  470284.39  5896581.58   0.998713   0.000239   0.000337   20.164
  470284.73  5896582.51   0.996533   0.000243   0.000342   20.177
  470285.08  5896583.45   0.994342   0.000248   0.000347   20.191
  470285.42  5896584.38   0.992141   0.000253   0.000352   20.205
  470285.76  5896585.31   0.989929   0.000257   0.000357   20.220
  470286.10  5896586.24   0.987706   0.000262   0.000362   20.234
  470286.45  5896587.16   0.985472   0.000267   0.000367   20.249
  470286.79  5896588.09   0.983228   0.000272   0.000372   20.264
  470287.13  5896589.01   0.980973   0.000277   0.000377   20.279
  470287.47  5896589.93   0.978707   0.000282   0.000382   20.295
  470287.81  5896590.84   0.976431   0.000287   0.000388   20.311
  470288.15  5896591.76   0.974144   0.000293   0.000393   20.327
  470288.48  5896592.67   0.971846   0.000298   0.000398   20.343
  470288.82  5896593.58   0.969538   0.000303   0.000403   20.360
  470289.16  5896594.49   0.967219   0.000309   0.000408   20.377
  470289.49  5896595.39   0.964889   0.000314   0.000414   20.394
  470289.83  5896596.30   0.962548   0.000320   0.000419   20.411
  470290.17  5896597.20   0.960197   0.000326   0.000424   20.429
  470290.50  5896598.10   0.957836   0.000331   0.000430   20.447
  470290.84  5896598.99   0.955463   0.000337   0.000435   20.465
  470291.17  5896599.89   0.953080   0.000343   0.000441   20.483
  470291.50  5896600.78   0.950686   0.000349   0.000446   20.502
  470291.84  5896601.67   0.948282   0.000355   0.000452   20.521
  470292.17  5896602.56   0.945867   0.000361   0.000457   20.540
  470292.50  5896603.44   0.943441   0.000367   0.000463   20.560
  470292.83  5896604.32   0.941004   0.000374   0.000468   20.580
  470293.16  5896605.20   0.938557   0.000380   0.000474   20.600
  470293.49  5896606.08   0.936100   0.000387   0.000479   20.620
  470293.82  5896606.95   0.933631   0.000393   0.000485   20.641
  470294.15  5896607.83   0.931152   0.000400   0.000491   20.662
  470294.48  5896608.70   0.928663   0.000407   0.000496   20.684
  470294.81  5896609.56   0.926163   0.000414   0.000502   20.705
  470295.13  5896610.43   0.923652   0.000421   0.000508   20.727
  470295.46  5896611.29   0.921131   0.000428   0.000514   20.749
  470295.79  5896612.15   0.918599   0.000435   0.000519   20.772
  470296.11  5896613.01   0.916056   0.000443   0.000525   20.795
  470296.44  5896613.86   0.913503   0.000450   0.000531   20.818
  470296.76  5896614.72   0.910939   0.000458   0.000537   20.842
  470297.09  5896615.57   0.908365   0.000465   0.000543   20.866
  470297.41  5896616.41   0.905780   0.000473   0.000549   20.890
  470297.73  5896617.26   0.903184   0.000481   0.000555   20.914
  470298.06  5896618.10   0.900578   0.000489   0.000561   20.939
  470298.38  5896618.94   0.897962   0.000497   0.000567   20.965
  470298.70  5896619.78   0.895334   0.000506   0.000573   20.990
  470299.02  5896620.61   0.892697   0.000514   0.000580   21.016
  470299.34  5896621.44   0.890048   0.000523   0.000586   21.042
  470299.66  5896622.27   0.887389   0.000532   0.000592   21.069
  470299.98  5896623.10   0.884720   0.000541   0.000598   21.096
  470300.30  5896623.92   0.882040   0.000550   0.000605   21.123
  470300.61  5896624.75   0.879350   0.000559   0.000611   21.151
  470300.93  5896625.56   0.876649   0.000567   0.000616   21.179
  470301.25  5896626.38   0.873934   0.000575   0.000621   21.208
  470301.56  5896627.19   0.871208   0.000587   0.000630   21.237
  470301.88  5896628.00   0.868479   0.000603   0.000643   21.266
  470302.19  5896628.81   0.865748   0.000619   0.000656   21.296
  470302.51  5896629.62   0.863014   0.000635   0.000669   21.327
  470302.82  5896630.42   0.860277   0.000652   0.000682   21.358
  470303.14  5896631.22   0.857538   0.000669   0.000696   21.390
  470303.45  5896632.02   0.854795   0.000686   0.000709   21.423
  470303.76  5896632.81   0.852050   0.000703   0.000722   21.457
  470304.07  5896633.60   0.849303   0.000721   0.000735   21.491
  470304.38  5896634.39   0.846553   0.000739   0.000749   21.526
  470304.69  5896635.18   0.843800   0.000757   0.000762   21.562
  470305.00  5896635.96   0.841044   0.000776   0.000776   21.598
  470305.31  5896636.74   0.838286   0.000794   0.000789   21.636
  470305.62  5896637.52   0.835525   0.000813   0.000803   21.674
  470305.93  5896638.29   0.832762   0.000833   0.000817   21.713
  470306.24  5896639.07   0.829996   0.000852   0.000830   21.753
  470306.55  5896639.84   0.827228   0.000872   0.000844   21.793
  470306.85  5896640.60   0.824457   0.000893   0.000859   21.835
  470307.16  5896641.37   0.821681   0.000915   0.000874   21.877
  470307.47  5896642.13   0.818902   0.000934   0.000886   21.920
  470307.77  5896642.89   0.816127   0.000952   0.000897   21.964
  470308.08  5896643.64   0.813356   0.000970   0.000907   22.008
  470308.38  5896644.39   0.810589   0.000988   0.000918   22.053
  470308.69  5896645.14   0.807825   0.001007   0.000929   22.099
  470308.99  5896645.89   0.805066   0.001026   0.000940   22.146
  470309.29  5896646.63   0.802311   0.001045   0.000951   22.193
  470309.60  5896647.38   0.799560   0.001064   0.000962   22.241
  470309.90  5896648.11   0.796813   0.001084   0.000973   22.290
  470310.20  5896648.85   0.794069   0.001104   0.000984   22.339
  470310.51  5896649.58   0.791330   0.001124   0.000995   22.390
  470310.81  5896650.31   0.788595   0.001144   0.001006   22.441
  470311.11  5896651.04   0.785865   0.001165   0.001018   22.492
  470311.41  5896651.76   0.783138   0.001186   0.001029   22.545
  470311.71  5896652.49   0.780415   0.001208   0.001040   22.598
  470312.01  5896653.21   0.777697   0.001229   0.001051   22.652
  470312.31  5896653.92   0.774983   0.001251   0.001063   22.707
  470312.61  5896654.63   0.772273   0.001274   0.001074   22.762
  470312.91  5896655.35   0.769567   0.001296   0.001086   22.819
  470313.21  5896656.05   0.766866   0.001319   0.001097   22.876
  470313.50  5896656.76   0.764168   0.001342   0.001109   22.934
  470313.80  5896657.46   0.761476   0.001366   0.001120   22.993
  470314.10  5896658.16   0.758787   0.001390   0.001132   23.052
  470314.40  5896658.86   0.756103   0.001414   0.001144   23.113
  470314.69  5896659.55   0.753423   0.001439   0.001155   23.174
  470314.99  5896660.24   0.750748   0.001464   0.001167   23.236
  470315.29  5896660.93   0.748077   0.001489   0.001179   23.299
  470315.58  5896661.62   0.745411   0.001515   0.001191   23.363
  470315.88  5896662.30   0.742749   0.001541   0.001202   23.428
  470316.17  5896662.98   0.740092   0.001568   0.001214   23.493
  470316.47  5896663.66   0.737439   0.001595   0.001226   23.560
  470316.76  5896664.33   0.734791   0.001622   0.001238   23.627
  470317.06  5896665.00   0.732147   0.001650   0.001250   23.695
  470317.35  5896665.67   0.729508   0.001678   0.001263   23.764
  470317.65  5896666.34   0.726874   0.001706   0.001275   23.835
  470317.94  5896667.00   0.724245   0.001735   0.001287   23.906
  470318.24  5896667.66   0.721620   0.001764   0.001299   23.978
  470318.53  5896668.32   0.719000   0.001794   0.001311   24.051
  470318.82  5896668.97   0.716385   0.001824   0.001324   24.124
  470319.12  5896669.63   0.713775   0.001855   0.001336   24.199
  470319.41  5896670.27   0.711170   0.001886   0.001349   24.275
  470319.70  5896670.92   0.708569   0.001917   0.001361   24.352
  470319.99  5896671.57   0.705974   0.001949   0.001374   24.430
  470320.29  5896672.21   0.703383   0.001981   0.001386   24.509
  470320.58  5896672.84   0.700798   0.002014   0.001399   24.589
  470320.87  5896673.48   0.698217   0.002047   0.001412   24.669
  470321.16  5896674.11   0.695642   0.002081   0.001424   24.751
  470321.45  5896674.74   0.693072   0.002115   0.001437   24.834
  470321.75  5896675.37   0.690507   0.002150   0.001450   24.918
  470322.04  5896676.00   0.687947   0.002185   0.001463   25.003
  470322.33  5896676.62   0.685393   0.002221   0.001476   25.089
  470322.62  5896677.24   0.682844   0.002257   0.001489   25.177
  470322.91  5896677.85   0.680300   0.002294   0.001502   25.265
  470323.20  5896678.47   0.677762   0.002332   0.001515   25.354
  470323.49  5896679.08   0.675229   0.002369   0.001528   25.445
  470323.78  5896679.69   0.672701   0.002408   0.001541   25.537
  470324.07  5896680.29   0.670179   0.002447   0.001554   25.629
  470324.36  5896680.89   0.667663   0.002486   0.001567   25.723
  470324.65  5896681.49   0.665152   0.002526   0.001581   25.819
  470324.94  5896682.09   0.662647   0.002567   0.001594   25.915
  470325.23  5896682.69   0.660148   0.002608   0.001608   26.012
  470325.52  5896683.28   0.657654   0.002650   0.001621   26.111
  470325.81  5896683.87   0.655166   0.002693   0.001635   26.211
  470326.10  5896684.45   0.652684   0.002736   0.001648   26.312
  470326.39  5896685.04   0.650208   0.002779   0.001662   26.414
  470326.68  5896685.62   0.647738   0.002824   0.001675   26.518
  470326.97  5896686.19   0.645274   0.002869   0.001689   26.623
  470327.26  5896686.77   0.642816   0.002914   0.001703   26.729
  470327.55  5896687.34   0.640364   0.002960   0.001717   26.836
  470327.84  5896687.91   0.637919   0.003007   0.001731   26.945
  470328.13  5896688.48   0.635479   0.003055   0.001745   27.054
  470328.42  5896689.04   0.633046   0.003103   0.001759   27.166
  470328.71  5896689.60   0.630619   0.003152   0.001773   27.278
  470329.00  5896690.16   0.628199   0.003201   0.001787   27.392
  470329.29  5896690.72   0.625785   0.003252   0.001801   27.507
  470329.58  5896691.27   0.623378   0.003302   0.001815   27.624
  470329.87  5896691.82   0.620977   0.003354   0.001829   27.742
  470330.16  5896692.37   0.618583   0.003407   0.001843   27.861
  470330.45  5896692.92   0.616196   0.003460   0.001858   27.982
  470330.74  5896693.46   0.613815   0.003514   0.001872   28.104
  470331.03  5896694.00   0.611441   0.003568   0.001887   28.228
  470331.32  5896694.54   0.609074   0.003624   0.001901   28.353
  470331.61  5896695.07   0.606714   0.003680   0.001916   28.479
  470331.90  5896695.60   0.604362   0.003737   0.001930   28.607
  470332.19  5896696.13   0.602016   0.003795   0.001945   28.736
  470332.48  5896696.66   0.599677   0.003853   0.001960   28.867
  470332.77  5896697.18   0.597346   0.003912   0.001974   29.000
  470333.06  5896697.70   0.595022   0.003973   0.001989   29.134
  470333.35  5896698.22   0.592706   0.004034   0.002004   29.269
  470333.64  5896698.73   0.590397   0.004095   0.002019   29.406
  470333.93  5896699.25   0.588095   0.004158   0.002034   29.545
  470334.22  5896699.76   0.585801   0.004222   0.002049   29.685
  470334.51  5896700.26   0.583515   0.004286   0.002064   29.826
  470334.80  5896700.77   0.581237   0.004351   0.002079   29.970
  470335.09  5896701.27   0.578967   0.004417   0.002094   30.115
  470335.38  5896701.77   0.576704   0.004484   0.002109   30.261
  470335.67  5896702.27   0.574450   0.004552   0.002124   30.409
  470335.97  5896702.76   0.572203   0.004621   0.002140   30.559
  470336.26  5896703.25   0.569965   0.004691   0.002155   30.711
  470336.55  5896703.74   0.567735   0.004761   0.002170   30.864
  470336.84  5896704.22   0.565514   0.004833   0.002186   31.019
  470337.13  5896704.71   0.563301   0.004905   0.002201   31.175
  470337.43  5896705.19   0.561097   0.004979   0.002217   31.334
  470337.72  5896705.67   0.558901   0.005053   0.002232   31.494
  470338.01  5896706.14   0.556714   0.005128   0.002248   31.655
  470338.30  5896706.61   0.554536   0.005205   0.002263   31.819
  470338.60  5896707.08   0.552366   0.005282   0.002279   31.984
  470338.89  5896707.55   0.550206   0.005360   0.002295   32.151
  470339.18  5896708.01   0.548055   0.005439   0.002311   32.320
  470339.48  5896708.47   0.545913   0.005520   0.002326   32.491
  470339.77  5896708.93   0.543781   0.005601   0.002342   32.664
  470340.07  5896709.39   0.541658   0.005683   0.002358   32.838
  470340.36  5896709.84   0.539544   0.005766   0.002374   33.015
  470340.66  5896710.29   0.537440   0.005851   0.002390   33.193
  470340.95  5896710.74   0.535346   0.005936   0.002406   33.373
  470341.25  5896711.19   0.533262   0.006022   0.002422   33.555
  470341.54  5896711.63   0.531187   0.006110   0.002438   33.739
  470341.84  5896712.07   0.529123   0.006198   0.002454   33.925
  470342.13  5896712.51   0.527069   0.006287   0.002470   34.113
  470342.43  5896712.94   0.525025   0.006378   0.002486   34.303
  470342.73  5896713.37   0.522992   0.006469   0.002502   34.495
  470343.02  5896713.80   0.520969   0.006562   0.002519   34.689
  470343.32  5896714.23   0.518957   0.006656   0.002535   34.885
  470343.62  5896714.65   0.516955   0.006750   0.002551   35.083
  470343.92  5896715.07   0.514965   0.006846   0.002567   35.282
  470344.22  5896715.49   0.512985   0.006943   0.002584   35.484
  470344.51  5896715.91   0.511016   0.007040   0.002600   35.689
  470344.81  5896716.32   0.509059   0.007139   0.002616   35.895
  470345.11  5896716.73   0.507113   0.007239   0.002633   36.103
  470345.41  5896717.14   0.505179   0.007340   0.002649   36.313
  470345.71  5896717.54   0.503256   0.007442   0.002666   36.526
  470346.01  5896717.95   0.501345   0.007545   0.002682   36.740
  470346.31  5896718.35   0.499446   0.007649   0.002698   36.957
  470346.62  5896718.74   0.497559   0.007754   0.002715   37.176
  470346.92  5896719.14   0.495684   0.007860   0.002731   37.397
  470347.22  5896719.53   0.493821   0.007967   0.002748   37.620
  470347.52  5896719.92   0.491971   0.008076   0.002764   37.846
  470347.82  5896720.31   0.490133   0.008185   0.002781   38.073
  470348.13  5896720.69   0.488308   0.008295   0.002797   38.303
  470348.43  5896721.07   0.486496   0.008406   0.002814   38.535
  470348.73  5896721.45   0.484697   0.008518   0.002830   38.769
  470349.04  5896721.82   0.482911   0.008631   0.002846   39.006
  470349.34  5896722.20   0.481138   0.008745   0.002863   39.245
  470349.65  5896722.57   0.479379   0.008860   0.002879   39.486
  470349.96  5896722.94   0.477633   0.008975   0.002896   39.729
  470350.26  5896723.30   0.475901   0.009092   0.002912   39.975
  470350.57  5896723.66   0.474183   0.009210   0.002929   40.223
  470350.88  5896724.03   0.472479   0.009333   0.002946   40.473
  470351.18  5896724.38   0.470787   0.009457   0.002964   40.726
  470351.49  5896724.74   0.469110   0.009568   0.002978   40.981
  470351.80  5896725.09   0.467450   0.009668   0.002988   41.238
  470352.11  5896725.44   0.465808   0.009769   0.002998   41.497
  470352.42  5896725.79   0.464184   0.009871   0.003008   41.758
  470352.73  5896726.13   0.462577   0.009972   0.003018   42.020
  470353.04  5896726.47   0.460988   0.010073   0.003027   42.285
  470353.35  5896726.81   0.459417   0.010175   0.003037   42.551
  470353.66  5896727.15   0.457864   0.010276   0.003047   42.818
  470353.98  5896727.48   0.456330   0.010377   0.003056   43.088
  470354.29  5896727.81   0.454813   0.010479   0.003065   43.359
  470354.60  5896728.14   0.453315   0.010580   0.003075   43.632
  470354.92  5896728.47   0.451835   0.010681   0.003084   43.907
  470355.23  5896728.79   0.450374   0.010782   0.003093   44.184
  470355.54  5896729.11   0.448932   0.010882   0.003102   44.462
  470355.86  5896729.43   0.447508   0.010982   0.003110   44.742
  470356.18  5896729.75   0.446103   0.011082   0.003119   45.023
  470356.49  5896730.06   0.444716   0.011182   0.003127   45.307
  470356.81  5896730.37   0.443349   0.011281   0.003136   45.592
  470357.13  5896730.68   0.442001   0.011380   0.003144   45.878
  470357.45  5896730.98   0.440672   0.011478   0.003152   46.166
  470357.77  5896731.29   0.439362   0.011575   0.003160   46.456
  470358.08  5896731.59   0.438072   0.011672   0.003168   46.748
  470358.40  5896731.89   0.436801   0.011769   0.003175   47.041
  470358.73  5896732.18   0.435549   0.011864   0.003183   47.335
  470359.05  5896732.47   0.434317   0.011959   0.003190   47.631
  470359.37  5896732.76   0.433105   0.012053   0.003198   47.929
  470359.69  5896733.05   0.431912   0.012147   0.003205   48.228
  470360.01  5896733.34   0.430740   0.012239   0.003211   48.528
  470360.34  5896733.62   0.429587   0.012331   0.003218   48.830
  470360.66  5896733.90   0.428454   0.012421   0.003225   49.134
  470360.99  5896734.18   0.427341   0.012510   0.003231   49.439
  470361.31  5896734.46   0.426248   0.012599   0.003237   49.745
  470361.64  5896734.73   0.425176   0.012686   0.003243   50.053
  470361.97  5896735.00   0.424123   0.012772   0.003249   50.362
  470362.29  5896735.27   0.423091   0.012856   0.003255   50.672
  470362.62  5896735.53   0.422079   0.012940   0.003260   50.984
  470362.95  5896735.80   0.421088   0.013022   0.003265   51.297
  470363.28  5896736.06   0.420117   0.013102   0.003270   51.611
  470363.61  5896736.32   0.419167   0.013181   0.003275   51.926
  470363.94  5896736.57   0.418238   0.013259   0.003280   52.243
  470364.27  5896736.83   0.417329   0.013335   0.003285   52.561
  470364.61  5896737.08   0.416441   0.013410   0.003289   52.880
  470364.94  5896737.33   0.415573   0.013482   0.003293   53.200
  470365.27  5896737.58   0.414727   0.013553   0.003297   53.521
  470365.61  5896737.82   0.413901   0.013623   0.003300   53.843
  470365.94  5896738.06   0.413096   0.013690   0.003304   54.166
  470366.28  5896738.30   0.412312   0.013756   0.003307   54.490
  470366.62  5896738.54   0.411550   0.013820   0.003310   54.815
  470366.95  5896738.77   0.410808   0.013882   0.003313   55.141
  470367.29  5896739.01   0.410087   0.013941   0.003316   55.467
  470367.63  5896739.24   0.409387   0.013999   0.003318   55.795
  470367.97  5896739.47   0.408709   0.014055   0.003320   56.123
  470368.31  5896739.69   0.408052   0.014109   0.003322   56.452
  470368.65  5896739.91   0.407415   0.014160   0.003324   56.782
  470368.99  5896740.14   0.406800   0.014209   0.003325   57.113
  470369.34  5896740.35   0.406207   0.014257   0.003327   57.444
  470369.68  5896740.57   0.405634   0.014301   0.003328   57.776
  470370.02  5896740.79   0.405083   0.014341   0.003328   58.108
  470370.37  5896741.00   0.404552   0.014378   0.003328   58.441
  470370.71  5896741.21   0.404043   0.014422   0.003330   58.774
  470371.06  5896741.41   0.403556   0.014469   0.003332   59.108
  470371.41  5896741.62   0.403092   0.014514   0.003335   59.443
  470371.76  5896741.82   0.402651   0.014556   0.003337   59.778
  470372.11  5896742.02   0.402232   0.014596   0.003340   60.114
  470372.46  5896742.22   0.401837   0.014633   0.003341   60.450
  470372.81  5896742.42   0.401464   0.014667   0.003343   60.787
  470373.16  5896742.61   0.401114   0.014698   0.003344   61.124
  470373.51  5896742.80   0.400787   0.014727   0.003345   61.462
  470373.86  5896742.99   0.400483   0.014753   0.003346   61.800
  470374.22  5896743.18   0.400202   0.014776   0.003347   62.139
  470374.57  5896743.36   0.399944   0.014796   0.003347   62.478
  470374.93  5896743.55   0.399709   0.014814   0.003347   62.817
  470375.28  5896743.73   0.399496   0.014828   0.003347   63.156
  470375.64  5896743.90   0.399307   0.014840   0.003346   63.495
  470376.00  5896744.08   0.399141   0.014849   0.003346   63.835
  470376.36  5896744.25   0.398997   0.014855   0.003344   64.174
  470376.72  5896744.43   0.398876   0.014858   0.003343   64.514
  470377.08  5896744.60   0.398779   0.014858   0.003342   64.854
  470377.44  5896744.76   0.398704   0.014856   0.003340   65.193
  470377.80  5896744.93   0.398652   0.014850   0.003338   65.532
  470378.17  5896745.09   0.398622   0.014842   0.003335   65.872
  470378.53  5896745.25   0.398616   0.014830   0.003333   66.211
  470378.90  5896745.41   0.398632   0.014816   0.003330   66.549
  470379.27  5896745.57   0.398671   0.014799   0.003326   66.888
  470379.63  5896745.72   0.398733   0.014779   0.003323   67.226
  470380.00  5896745.87   0.398817   0.014757   0.003319   67.563
  470380.37  5896746.02   0.398924   0.014731   0.003315   67.901
  470380.74  5896746.17   0.399054   0.014703   0.003311   68.237
  470381.11  5896746.32   0.399206   0.014672   0.003307   68.573
  470381.49  5896746.46   0.399380   0.014638   0.003302   68.909
  470381.86  5896746.60   0.399577   0.014602   0.003297   69.244
  470382.23  5896746.74   0.399796   0.014561   0.003291   69.578
  470382.61  5896746.88   0.400036   0.014518   0.003286   69.912
  470382.99  5896747.01   0.400299   0.014476   0.003281   70.245
  470383.36  5896747.15   0.400585   0.014435   0.003276   70.577
  470383.74  5896747.28   0.400895   0.014391   0.003271   70.908
  470384.12  5896747.41   0.401228   0.014344   0.003266   71.238
  470384.50  5896747.53   0.401585   0.014295   0.003260   71.568
  470384.88  5896747.66   0.401965   0.014243   0.003254   71.897
  470385.27  5896747.78   0.402369   0.014188   0.003248   72.225
  470385.65  5896747.90   0.402795   0.014131   0.003242   72.552
  470386.04  5896748.02   0.403245   0.014071   0.003236   72.878
  470386.42  5896748.14   0.403718   0.014008   0.003229   73.203
  470386.81  5896748.25   0.404214   0.013944   0.003222   73.527
  470387.20  5896748.37   0.404732   0.013877   0.003215   73.850
  470387.59  5896748.48   0.405274   0.013807   0.003207   74.172
  470387.98  5896748.58   0.405838   0.013736   0.003199   74.493
  470388.37  5896748.69   0.406425   0.013662   0.003191   74.812
  470388.76  5896748.80   0.407034   0.013586   0.003183   75.130
  470389.16  5896748.90   0.407666   0.013516   0.003177   75.447
  470389.55  5896749.00   0.408320   0.013444   0.003170   75.763
  470389.95  5896749.10   0.408997   0.013345   0.003157   76.078
  470390.35  5896749.19   0.409695   0.013228   0.003140   76.390
  470390.75  5896749.29   0.410415   0.013110   0.003123   76.701
  470391.15  5896749.38   0.411155   0.012990   0.003106   77.009
  470391.55  5896749.47   0.411916   0.012869   0.003088   77.315
  470391.95  5896749.56   0.412698   0.012747   0.003070   77.619
  470392.36  5896749.64   0.413500   0.012624   0.003052   77.920
  470392.76  5896749.73   0.414322   0.012499   0.003034   78.219
  470393.17  5896749.81   0.415164   0.012374   0.003016   78.516
  470393.58  5896749.89   0.416026   0.012248   0.002998   78.810
  470393.98  5896749.97   0.416908   0.012121   0.002979   79.102
  470394.39  5896750.05   0.417808   0.011993   0.002961   79.392
  470394.81  5896750.12   0.418729   0.011864   0.002942   79.679
  470395.22  5896750.20   0.419668   0.011735   0.002923   79.964
  470395.63  5896750.27   0.420625   0.011605   0.002904   80.246
  470396.05  5896750.34   0.421602   0.011475   0.002885   80.525
  470396.46  5896750.40   0.422597   0.011345   0.002865   80.803
  470396.88  5896750.47   0.423610   0.011214   0.002846   81.077
  470397.30  5896750.53   0.424641   0.011083   0.002826   81.349
  470397.72  5896750.60   0.425690   0.010952   0.002807   81.619
  470398.14  5896750.66   0.426756   0.010820   0.002787   81.886
  470398.57  5896750.71   0.427840   0.010689   0.002767   82.151
  470398.99  5896750.77   0.428941   0.010557   0.002747   82.413
  470399.42  5896750.82   0.430059   0.010426   0.002727   82.672
  470399.85  5896750.88   0.431194   0.010294   0.002707   82.929
  470400.27  5896750.93   0.432345   0.010163   0.002687   83.183
  470400.70  5896750.98   0.433513   0.010032   0.002666   83.435
  470401.14  5896751.03   0.434698   0.009901   0.002646   83.684
  470401.57  5896751.07   0.435898   0.009770   0.002625   83.931
  470402.00  5896751.12   0.437114   0.009640   0.002605   84.175
  470402.44  5896751.16   0.438346   0.009510   0.002584   84.416
  470402.88  5896751.20   0.439594   0.009381   0.002564   84.655
  470403.31  5896751.24   0.440856   0.009252   0.002543   84.892
  470403.75  5896751.28   0.442134   0.009123   0.002522   85.125
  470404.20  5896751.31   0.443427   0.008995   0.002501   85.356
  470404.64  5896751.35   0.444735   0.008868   0.002480   85.585
  470405.08  5896751.38   0.446057   0.008741   0.002460   85.811
  470405.53  5896751.41   0.447394   0.008615   0.002439   86.034
  470405.98  5896751.44   0.448745   0.008490   0.002418   86.255
  470406.42  5896751.47   0.450110   0.008365   0.002397   86.473
  470406.87  5896751.49   0.451489   0.008241   0.002376   86.689
  470407.33  5896751.52   0.452882   0.008118   0.002355   86.902
  470407.78  5896751.54   0.454289   0.007995   0.002334   87.113
  470408.23  5896751.56   0.455709   0.007874   0.002312   87.321
  470408.69  5896751.58   0.457142   0.007753   0.002291   87.527
  470409.15  5896751.60   0.458588   0.007633   0.002270   87.730
  470409.61  5896751.62   0.460048   0.007514   0.002249   87.930
  470410.07  5896751.63   0.461520   0.007401   0.002229   88.128
  470410.53  5896751.64   0.463006   0.007289   0.002210   88.324
  470410.99  5896751.66   0.464504   0.007163   0.002186   88.518
  470411.46  5896751.67   0.466013   0.007029   0.002159   88.708
  470411.92  5896751.68   0.467531   0.006897   0.002132   88.896
  470412.39  5896751.68   0.469060   0.006766   0.002105   89.081
  470412.86  5896751.69   0.470599   0.006636   0.002078   89.262
  470413.33  5896751.69   0.472147   0.006508   0.002052   89.441
  470413.81  5896751.70   0.473705   0.006381   0.002025   89.617
  470414.28  5896751.70   0.475272   0.006256   0.001998   89.791
  470414.76  5896751.70   0.476848   0.006132   0.001972   89.961
  470415.23  5896751.70   0.478434   0.006009   0.001945   90.128
  470415.71  5896751.70   0.480028   0.005888   0.001919   90.293
  470416.19  5896751.69   0.481630   0.005768   0.001892   90.455
  470416.68  5896751.69   0.483241   0.005650   0.001866   90.614
  470417.16  5896751.68   0.484861   0.005533   0.001840   90.771
  470417.65  5896751.67   0.486488   0.005418   0.001813   90.924
  470418.13  5896751.66   0.488124   0.005304   0.001787   91.075
  470418.62  5896751.65   0.489767   0.005192   0.001761   91.224
  470419.11  5896751.64   0.491418   0.005080   0.001735   91.370
  470419.60  5896751.63   0.493077   0.004971   0.001709   91.513
  470420.10  5896751.61   0.494744   0.004862   0.001683   91.653
  470420.59  5896751.60   0.496417   0.004755   0.001657   91.791
  470421.09  5896751.58   0.498098   0.004650   0.001631   91.926
  470421.59  5896751.56   0.499786   0.004546   0.001606   92.059
  470422.09  5896751.55   0.501481   0.004443   0.001580   92.189
  470422.59  5896751.52   0.503182   0.004341   0.001555   92.317
  470423.10  5896751.50   0.504890   0.004241   0.001529   92.442
  470423.60  5896751.48   0.506605   0.004143   0.001504   92.564
  470424.11  5896751.46   0.508327   0.004045   0.001478   92.685
  470424.62  5896751.43   0.510054   0.003949   0.001453   92.803
  470425.13  5896751.41   0.511788   0.003854   0.001428   92.918
  470425.64  5896751.38   0.513528   0.003761   0.001403   93.031
  470426.15  5896751.35   0.515275   0.003668   0.001377   93.142
  470426.67  5896751.32   0.517027   0.003577   0.001352   93.250
  470427.18  5896751.29   0.518785   0.003488   0.001328   93.356
  470427.70  5896751.26   0.520548   0.003399   0.001303   93.460
  470428.22  5896751.23   0.522318   0.003312   0.001278   93.561
  470428.75  5896751.19   0.524092   0.003226   0.001253   93.660
  470429.27  5896751.16   0.525873   0.003141   0.001229   93.757
  470429.79  5896751.12   0.527658   0.003058   0.001204   93.852
  470430.32  5896751.09   0.529449   0.002975   0.001179   93.944
  470430.85  5896751.05   0.531246   0.002894   0.001155   94.034
  470431.38  5896751.01   0.533047   0.002814   0.001131   94.122
  470431.91  5896750.97   0.534853   0.002735   0.001107   94.208
  470432.45  5896750.93   0.536665   0.002657   0.001082   94.292
  470432.98  5896750.89   0.538481   0.002581   0.001058   94.374
  470433.52  5896750.85   0.540302   0.002505   0.001034   94.453
  470434.06  5896750.81   0.542128   0.002431   0.001010   94.531
  470434.60  5896750.76   0.543958   0.002357   0.000986   94.606
  470435.15  5896750.72   0.545793   0.002285   0.000963   94.680
  470435.69  5896750.67   0.547633   0.002214   0.000939   94.751
  470436.24  5896750.63   0.549477   0.002144   0.000915   94.821
  470436.79  5896750.58   0.551326   0.002074   0.000892   94.888
  470437.34  5896750.53   0.553179   0.002006   0.000868   94.954
  470437.89  5896750.48   0.555036   0.001939   0.000845   95.017
  470438.44  5896750.44   0.556898   0.001873   0.000821   95.079
  470439.00  5896750.39   0.558764   0.001808   0.000798   95.139
  470439.56  5896750.33   0.560634   0.001744   0.000775   95.197
  470440.11  5896750.28   0.562508   0.001680   0.000752   95.253
  470440.68  5896750.23   0.564386   0.001618   0.000729   95.307
  470441.24  5896750.18   0.566268   0.001557   0.000706   95.359
  470441.80  5896750.13   0.568154   0.001496   0.000683   95.410
  470442.37  5896750.07   0.570045   0.001437   0.000660   95.458
  470442.94  5896750.02   0.571939   0.001378   0.000637   95.505
  470443.51  5896749.96   0.573836   0.001320   0.000615   95.551
  470444.08  5896749.90   0.575738   0.001263   0.000592   95.594
  470444.65  5896749.85   0.577644   0.001207   0.000570   95.636
  470445.23  5896749.79   0.579553   0.001152   0.000547   95.676
  470445.81  5896749.73   0.581466   0.001098   0.000525   95.714
  470446.39  5896749.67   0.583382   0.001044   0.000503   95.750
  470446.97  5896749.62   0.585303   0.000992   0.000480   95.785
  470447.55  5896749.56   0.587227   0.000940   0.000458   95.819
  470448.14  5896749.50   0.589154   0.000889   0.000436   95.850
  470448.72  5896749.44   0.591085   0.000838   0.000414   95.880
  470449.31  5896749.38   0.593020   0.000789   0.000392   95.909
  470449.90  5896749.31   0.594958   0.000740   0.000370   95.935
  470450.50  5896749.25   0.596900   0.000692   0.000349   95.961
  470451.09  5896749.19   0.598845   0.000644   0.000327   95.984
  470451.69  5896749.13   0.600794   0.000598   0.000305   96.006
  470452.29  5896749.06   0.602746   0.000552   0.000284   96.027
  470452.89  5896749.00   0.604702   0.000507   0.000262   96.046
  470453.49  5896748.94   0.606661   0.000462   0.000241   96.064
  470454.09  5896748.87   0.608623   0.000419   0.000219   96.080
  470454.70  5896748.81   0.610589   0.000375   0.000198   96.094
  470455.31  5896748.74   0.612558   0.000333   0.000177   96.107
  470455.92  5896748.68   0.614531   0.000291   0.000156   96.119
  470456.53  5896748.61   0.616507   0.000250   0.000134   96.129
  470457.14  5896748.54   0.618486   0.000210   0.000113   96.138
  470457.76  5896748.48   0.620469   0.000170   0.000092   96.146
  470458.38  5896748.41   0.622455   0.000131   0.000072   96.152
  470459.00  5896748.34   0.624445   0.000092   0.000051   96.156
  470459.62  5896748.28   0.626437   0.000054   0.000030   96.160
  470460.24  5896748.21   0.628433   0.000017   0.000009   96.162
  470460.87  5896748.14   0.630434   0.000020   0.000011   96.162
  470461.50  5896748.08   0.632438   0.000057   0.000032   96.161
  470462.13  5896748.01   0.634443   0.000093   0.000053   96.159
  470462.76  5896747.94   0.636449   0.000130   0.000074   96.156
  470463.39  5896747.87   0.638458   0.000166   0.000096   96.151
  470464.03  5896747.80   0.640467   0.000201   0.000117   96.145
  470464.66  5896747.73   0.642479   0.000236   0.000138   96.138
  470465.30  5896747.66   0.644492   0.000270   0.000159   96.129
  470465.95  5896747.60   0.646506   0.000303   0.000179   96.119
  470466.59  5896747.53   0.648522   0.000337   0.000200   96.108
  470467.24  5896747.46   0.650539   0.000369   0.000221   96.095
  470467.88  5896747.39   0.652558   0.000401   0.000242   96.082
  470468.53  5896747.32   0.654579   0.000433   0.000262   96.067
  470469.19  5896747.25   0.656601   0.000464   0.000283   96.050
  470469.84  5896747.18   0.658625   0.000494   0.000303   96.033
  470470.50  5896747.11   0.660650   0.000524   0.000324   96.014
  470471.15  5896747.04   0.662677   0.000554   0.000344   95.994
  470471.81  5896746.97   0.664706   0.000583   0.000364   95.973
  470472.48  5896746.91   0.666736   0.000612   0.000385   95.951
  470473.14  5896746.84   0.668768   0.000640   0.000405   95.928
  470473.81  5896746.77   0.670802   0.000668   0.000425   95.903
  470474.47  5896746.70   0.672838   0.000695   0.000445   95.878
  470475.14  5896746.63   0.674875   0.000722   0.000465   95.851
  470475.82  5896746.56   0.676914   0.000748   0.000485   95.823
  470476.49  5896746.49   0.678954   0.000774   0.000505   95.794
  470477.17  5896746.42   0.680997   0.000800   0.000525   95.764
  470477.85  5896746.36   0.683041   0.000825   0.000544   95.733
  470478.53  5896746.29   0.685087   0.000850   0.000564   95.700
  470479.21  5896746.22   0.687135   0.000874   0.000584   95.667
  470479.90  5896746.15   0.689185   0.000898   0.000603   95.633
  470480.58  5896746.09   0.691237   0.000922   0.000623   95.597
  470481.27  5896746.02   0.693291   0.000945   0.000642   95.561
  470481.96  5896745.95   0.695346   0.000968   0.000662   95.523
  470482.66  5896745.89   0.697404   0.000990   0.000681   95.484
  470483.35  5896745.82   0.699464   0.001013   0.000701   95.445
  470484.05  5896745.75   0.701526   0.001034   0.000720   95.404
  470484.75  5896745.69   0.703590   0.001056   0.000739   95.363
  470485.45  5896745.62   0.705656   0.001077   0.000758   95.320
  470486.15  5896745.56   0.707724   0.001097   0.000777   95.277
  470486.86  5896745.49   0.709794   0.001118   0.000796   95.232
  470487.57  5896745.43   0.711866   0.001138   0.000815   95.187
  470488.28  5896745.36   0.713941   0.001158   0.000835   95.140
  470488.99  5896745.30   0.716019   0.001178   0.000854   95.093
  470489.70  5896745.24   0.718099   0.001196   0.000872   95.045
  470490.42  5896745.18   0.720180   0.001212   0.000889   94.995
  470491.14  5896745.11   0.722262   0.001229   0.000906   94.945
  470491.86  5896745.05   0.724345   0.001245   0.000924   94.895
  470492.58  5896744.99   0.726428   0.001260   0.000941   94.843
  470493.31  5896744.93   0.728513   0.001276   0.000958   94.790
  470494.03  5896744.87   0.730599   0.001291   0.000975   94.737
  470494.76  5896744.81   0.732685   0.001306   0.000992   94.683
  470495.49  5896744.75   0.734773   0.001321   0.001009   94.628
  470496.23  5896744.69   0.736862   0.001335   0.001025   94.573
  470496.96  5896744.63   0.738952   0.001350   0.001042   94.516
  470497.70  5896744.58   0.741043   0.001364   0.001059   94.459
  470498.44  5896744.52   0.743136   0.001377   0.001076   94.401
  470499.18  5896744.46   0.745229   0.001391   0.001092   94.343
  470499.93  5896744.41   0.747324   0.001404   0.001109   94.283
  470500.67  5896744.35   0.749421   0.001417   0.001126   94.223
  470501.42  5896744.30   0.751519   0.001430   0.001142   94.162
  470502.17  5896744.24   0.753618   0.001443   0.001159   94.101
  470502.93  5896744.19   0.755718   0.001455   0.001175   94.038
  470503.68  5896744.14   0.757820   0.001467   0.001192   93.975
  470504.44  5896744.09   0.759924   0.001479   0.001208   93.912
  470505.20  5896744.04   0.762029   0.001491   0.001225   93.847
  470505.96  5896743.99   0.764136   0.001503   0.001241   93.782
  470506.72  5896743.94   0.766244   0.001514   0.001257   93.716
  470507.49  5896743.89   0.768354   0.001525   0.001274   93.650
  470508.26  5896743.84   0.770466   0.001536   0.001290   93.583
  470509.03  5896743.79   0.772580   0.001547   0.001306   93.515
  470509.80  5896743.74   0.774695   0.001558   0.001322   93.446
  470510.57  5896743.70   0.776812   0.001568   0.001338   93.377
  470511.35  5896743.65   0.778931   0.001578   0.001354   93.307
  470512.13  5896743.61   0.781052   0.001588   0.001370   93.237
  470512.91  5896743.57   0.783175   0.001598   0.001386   93.166
  470513.69  5896743.52   0.785300   0.001608   0.001402   93.094
  470514.48  5896743.48   0.787427   0.001617   0.001418   93.022
  470515.26  5896743.44   0.789556   0.001627   0.001434   92.949
  470516.05  5896743.40   0.791688   0.001636   0.001450   92.875
  470516.85  5896743.36   0.793821   0.001646   0.001467   92.801
  470517.64  5896743.33   0.795958   0.001657   0.001484   92.726
  470518.44  5896743.29   0.798098   0.001662   0.001497   92.651
  470519.23  5896743.25   0.800236   0.001664   0.001507   92.575
  470520.03  5896743.22   0.802374   0.001666   0.001516   92.498
  470520.84  5896743.18   0.804512   0.001667   0.001526   92.422
  470521.64  5896743.15   0.806649   0.001669   0.001536   92.345
  470522.45  5896743.12   0.808785   0.001670   0.001545   92.268
  470523.26  5896743.09   0.810921   0.001672   0.001555   92.190
  470524.07  5896743.06   0.813057   0.001673   0.001564   92.113
  470524.88  5896743.03   0.815192   0.001675   0.001574   92.035
  470525.70  5896743.00   0.817326   0.001676   0.001583   91.956
  470526.52  5896742.98   0.819460   0.001677   0.001593   91.878
  470527.34  5896742.95   0.821594   0.001679   0.001603   91.799
  470528.16  5896742.92   0.823727   0.001680   0.001612   91.720
  470528.98  5896742.90   0.825860   0.001681   0.001622   91.641
  470529.81  5896742.88   0.827993   0.001682   0.001631   91.561
  470530.64  5896742.86   0.830126   0.001683   0.001641   91.482
  470531.47  5896742.84   0.832258   0.001684   0.001650   91.401
  470532.30  5896742.82   0.834390   0.001686   0.001660   91.321
  470533.14  5896742.80   0.836522   0.001688   0.001670   91.241
  470533.98  5896742.78   0.838653   0.001690   0.001681   91.160
  470534.82  5896742.77   0.840784   0.001688   0.001688   91.078
  470535.66  5896742.75   0.842916   0.001684   0.001692   90.997
  470536.50  5896742.74   0.845049   0.001680   0.001696   90.916
  470537.35  5896742.73   0.847183   0.001676   0.001701   90.834
  470538.20  5896742.72   0.849319   0.001671   0.001705   90.753
  470539.05  5896742.71   0.851455   0.001667   0.001709   90.672
  470539.90  5896742.70   0.853592   0.001663   0.001714   90.590
  470540.75  5896742.69   0.855731   0.001659   0.001718   90.509
  470541.61  5896742.68   0.857870   0.001655   0.001722   90.428
  470542.47  5896742.68   0.860011   0.001651   0.001726   90.346
  470543.33  5896742.67   0.862153   0.001646   0.001731   90.265
  470544.19  5896742.67   0.864296   0.001642   0.001735   90.184
  470545.06  5896742.67   0.866440   0.001638   0.001739   90.102
  470545.93  5896742.67   0.868586   0.001634   0.001743   90.021
  470546.80  5896742.67   0.870732   0.001630   0.001748   89.940
  470547.67  5896742.67   0.872880   0.001626   0.001752   89.858
  470548.54  5896742.68   0.875029   0.001622   0.001756   89.777
  470549.42  5896742.68   0.877179   0.001618   0.001761   89.696
  470550.30  5896742.69   0.879331   0.001614   0.001765   89.614
  470551.18  5896742.69   0.881484   0.001609   0.001768   89.533
  470552.06  5896742.70   0.883640   0.001603   0.001770   89.452
  470552.94  5896742.71   0.885797   0.001602   0.001778   89.371
  470553.83  5896742.72   0.887952   0.001603   0.001788   89.289
  470554.72  5896742.73   0.890104   0.001604   0.001798   89.208
  470555.61  5896742.75   0.892253   0.001606   0.001808   89.126
  470556.50  5896742.76   0.894401   0.001607   0.001818   89.044
  470557.40  5896742.78   0.896546   0.001608   0.001828   88.962
  470558.30  5896742.80   0.898688   0.001609   0.001838   88.879
  470559.20  5896742.82   0.900828   0.001610   0.001848   88.796
  470560.10  5896742.84   0.902966   0.001611   0.001858   88.713
  470561.00  5896742.86   0.905102   0.001612   0.001868   88.630
  470561.91  5896742.88   0.907235   0.001613   0.001878   88.546
  470562.81  5896742.90   0.909366   0.001614   0.001888   88.462
  470563.72  5896742.93   0.911495   0.001615   0.001898   88.378
  470564.64  5896742.96   0.913622   0.001616   0.001908   88.294
  470565.55  5896742.99   0.915747   0.001617   0.001918   88.209
  470566.47  5896743.02   0.917869   0.001618   0.001928   88.125
  470567.39  5896743.05   0.919990   0.001619   0.001938   88.039
  470568.31  5896743.08   0.922108   0.001620   0.001948   87.954
  470569.23  5896743.12   0.924225   0.001621   0.001958   87.869
  470570.15  5896743.15   0.926339   0.001621   0.001968   87.783
  470571.08  5896743.19   0.928452   0.001622   0.001978   87.697
  470572.01  5896743.23   0.930562   0.001623   0.001988   87.610
  470572.94  5896743.27   0.932671   0.001624   0.001998   87.524
  470573.87  5896743.31   0.934778   0.001625   0.002008   87.437
  470574.81  5896743.35   0.936883   0.001625   0.002018   87.350
  470575.74  5896743.40   0.938986   0.001626   0.002028   87.263
  470576.68  5896743.44   0.941088   0.001627   0.002038   87.175
  470577.62  5896743.49   0.943188   0.001628   0.002048   87.088
  470578.57  5896743.54   0.945286   0.001628   0.002058   87.000
  470579.51  5896743.59   0.947383   0.001629   0.002068   86.911
  470580.46  5896743.64   0.949478   0.001630   0.002078   86.823
  470581.41  5896743.70   0.951571   0.001630   0.002088   86.734
  470582.36  5896743.75   0.953663   0.001631   0.002098   86.645
  470583.31  5896743.81   0.955753   0.001631   0.002108   86.556
  470584.27  5896743.87   0.957842   0.001632   0.002118   86.467
  470585.22  5896743.93   0.959929   0.001633   0.002128   86.377
  470586.18  5896743.99   0.962015   0.001633   0.002138   86.288
  470587.14  5896744.06   0.964100   0.001634   0.002148   86.198
  470588.11  5896744.12   0.966183   0.001634   0.002158   86.107
  470589.07  5896744.19   0.968265   0.001635   0.002168   86.017
  470590.04  5896744.26   0.970345   0.001635   0.002178   85.926
  470591.01  5896744.33   0.972425   0.001636   0.002188   85.835
  470591.98  5896744.40   0.974503   0.001636   0.002198   85.744
  470592.95  5896744.48   0.976580   0.001637   0.002208   85.653
  470593.93  5896744.55   0.978656   0.001637   0.002218   85.561
  470594.90  5896744.63   0.980730   0.001638   0.002228   85.469
  470595.88  5896744.71   0.982804   0.001638   0.002238   85.377
  470596.86  5896744.79   0.984877   0.001638   0.002248   85.285
  470597.84  5896744.87   0.986948   0.001639   0.002258   85.193
  470598.83  5896744.96   0.989019   0.001639   0.002268   85.100
  470599.81  5896745.04   0.991088   0.001640   0.002278   85.007
  470600.80  5896745.13   0.993157   0.001640   0.002288   84.914
  470601.79  5896745.22   0.995225   0.001640   0.002297   84.821
  470602.78  5896745.31   0.997292   0.001641   0.002307   84.727
  470603.78  5896745.40   0.999358   0.001641   0.002317   84.633
  470604.77  5896745.50   1.001424   0.001641   0.002327   84.540
  470605.77  5896745.60   1.003488   0.001641   0.002337   84.445
  470606.77  5896745.70   1.005553   0.001642   0.002347   84.351
  470607.77  5896745.80   1.007616   0.001642   0.002357   84.256
  470608.78  5896745.90   1.009679   0.001642   0.002367   84.162
  470609.78  5896746.00   1.011741   0.001642   0.002377   84.067
  470610.79  5896746.11   1.013802   0.001642   0.002387   83.971
  470611.80  5896746.22   1.015863   0.001643   0.002397   83.876
  470612.81  5896746.33   1.017924   0.001643   0.002407   83.780
  470613.82  5896746.44   1.019984   0.001643   0.002417   83.685
  470614.84  5896746.55   1.022044   0.001643   0.002427   83.589
  470615.85  5896746.67   1.024103   0.001643   0.002437   83.492
  470616.87  5896746.79   1.026162   0.001643   0.002447   83.396
  470617.89  5896746.91   1.028221   0.001643   0.002457   83.299
  470618.91  5896747.03   1.030279   0.001644   0.002467   83.203
  470619.94  5896747.15   1.032337   0.001644   0.002477   83.105
  470620.96  5896747.28   1.034395   0.001644   0.002487   83.008
  470621.99  5896747.41   1.036453   0.001644   0.002497   82.911
  470623.02  5896747.54   1.038510   0.001644   0.002507   82.813
  470624.05  5896747.67   1.040568   0.001647   0.002521   82.715
  470625.08  5896747.80   1.042627   0.001650   0.002536   82.617
  470626.12  5896747.94   1.044686   0.001644   0.002537   82.519
  470627.16  5896748.08   1.046742   0.001632   0.002529   82.420
  470628.19  5896748.22   1.048794   0.001621   0.002521   82.322
  470629.23  5896748.36   1.050843   0.001609   0.002513   82.225
  470630.28  5896748.50   1.052889   0.001598   0.002505   82.128
  470631.32  5896748.65   1.054931   0.001587   0.002497   82.032
  470632.37  5896748.80   1.056969   0.001576   0.002490   81.936
  470633.41  5896748.95   1.059004   0.001565   0.002482   81.840
  470634.46  5896749.10   1.061036   0.001554   0.002474   81.745
  470635.51  5896749.25   1.063063   0.001543   0.002467   81.651
  470636.56  5896749.41   1.065088   0.001533   0.002459   81.557
  470637.62  5896749.57   1.067108   0.001522   0.002452   81.463
  470638.68  5896749.73   1.069125   0.001512   0.002444   81.370
  470639.73  5896749.89   1.071138   0.001502   0.002437   81.278
  470640.79  5896750.05   1.073148   0.001492   0.002430   81.185
  470641.85  5896750.22   1.075154   0.001482   0.002422   81.094
  470642.92  5896750.39   1.077156   0.001472   0.002415   81.002
  470643.98  5896750.56   1.079154   0.001462   0.002408   80.912
  470645.05  5896750.73   1.081148   0.001452   0.002401   80.821
  470646.12  5896750.91   1.083139   0.001443   0.002393   80.731
  470647.19  5896751.08   1.085125   0.001433   0.002386   80.642
  470648.26  5896751.26   1.087108   0.001424   0.002379   80.553
  470649.33  5896751.44   1.089087   0.001414   0.002372   80.464
  470650.40  5896751.62   1.091062   0.001405   0.002365   80.376
  470651.48  5896751.81   1.093033   0.001396   0.002358   80.288
  470652.56  5896751.99   1.095000   0.001387   0.002351   80.200
  470653.64  5896752.18   1.096963   0.001378   0.002345   80.113
  470654.72  5896752.37   1.098922   0.001369   0.002338   80.027
  470655.80  5896752.56   1.100877   0.001360   0.002331   79.941
  470656.89  5896752.76   1.102828   0.001351   0.002324   79.855
  470657.97  5896752.95   1.104775   0.001343   0.002318   79.770
  470659.06  5896753.15   1.106718   0.001334   0.002311   79.685
  470660.15  5896753.35   1.108656   0.001326   0.002304   79.600
  470661.24  5896753.55   1.110591   0.001317   0.002298   79.516
  470662.33  5896753.76   1.112521   0.001309   0.002291   79.432
  470663.43  5896753.96   1.114447   0.001301   0.002285   79.348
  470664.53  5896754.17   1.116369   0.001293   0.002279   79.265
  470665.62  5896754.38   1.118286   0.001285   0.002272   79.183
  470666.72  5896754.59   1.120200   0.001277   0.002266   79.100
  470667.82  5896754.81   1.122109   0.001269   0.002259   79.018
  470668.92  5896755.02   1.124014   0.001261   0.002253   78.937
  470670.03  5896755.24   1.125914   0.001253   0.002247   78.856
  470671.13  5896755.46   1.127810   0.001246   0.002241   78.775
  470672.24  5896755.68   1.129702   0.001238   0.002235   78.694
  470673.35  5896755.90   1.131590   0.001231   0.002229   78.614
  470674.46  5896756.13   1.133473   0.001223   0.002222   78.534
  470675.57  5896756.36   1.135352   0.001216   0.002216   78.455
  470676.68  5896756.58   1.137226   0.001209   0.002210   78.376
  470677.80  5896756.81   1.139096   0.001201   0.002204   78.297
  470678.91  5896757.05   1.140961   0.001194   0.002199   78.219
  470680.03  5896757.28   1.142822   0.001187   0.002193   78.141
  470681.15  5896757.52   1.144679   0.001180   0.002187   78.063
  470682.27  5896757.76   1.146531   0.001173   0.002181   77.985
  470683.39  5896758.00   1.148378   0.001166   0.002175   77.908
  470684.52  5896758.24   1.150221   0.001160   0.002169   77.832
  470685.64  5896758.48   1.152059   0.001153   0.002164   77.755
  470686.77  5896758.73   1.153893   0.001146   0.002158   77.679
  470687.90  5896758.98   1.155722   0.001139   0.002152   77.603
  470689.02  5896759.23   1.157547   0.001133   0.002147   77.528
  470690.16  5896759.48   1.159367   0.001126   0.002141   77.453
  470691.29  5896759.73   1.161182   0.001120   0.002136   77.378
  470692.42  5896759.99   1.162993   0.001114   0.002130   77.303
  470693.56  5896760.25   1.164799   0.001107   0.002125   77.229
  470694.69  5896760.50   1.166601   0.001101   0.002119   77.155
  470695.83  5896760.77   1.168397   0.001095   0.002114   77.082
  470696.97  5896761.03   1.170189   0.001089   0.002109   77.008
  470698.11  5896761.29   1.171977   0.001083   0.002103   76.935
  470699.25  5896761.56   1.173759   0.001077   0.002098   76.863
  470700.40  5896761.83   1.175537   0.001071   0.002093   76.790
  470701.54  5896762.10   1.177310   0.001065   0.002087   76.718
  470702.69  5896762.37   1.179078   0.001059   0.002082   76.646
  470703.84  5896762.64   1.180842   0.001053   0.002077   76.575
  470704.98  5896762.92   1.182601   0.001048   0.002072   76.504
  470706.14  5896763.20   1.184354   0.001042   0.002067   76.433
  470707.29  5896763.48   1.186103   0.001036   0.002062   76.362
  470708.44  5896763.76   1.187848   0.001031   0.002057   76.291
  470709.59  5896764.04   1.189587   0.001025   0.002052   76.221
  470710.75  5896764.33   1.191322   0.001020   0.002047   76.151
  470711.91  5896764.61   1.193051   0.001014   0.002042   76.082
  470713.07  5896764.90   1.194776   0.001009   0.002037   76.012
  470714.23  5896765.19   1.196496   0.001004   0.002032   75.943
  470715.39  5896765.49   1.198210   0.000998   0.002027   75.875
  470716.55  5896765.78   1.199920   0.000993   0.002022   75.806
  470717.71  5896766.07   1.201625   0.000988   0.002018   75.738
  470718.88  5896766.37   1.203325   0.000983   0.002013   75.670
  470720.05  5896766.67   1.205021   0.000978   0.002008   75.602
  470721.21  5896766.97   1.206711   0.000973   0.002003   75.534
  470722.38  5896767.28   1.208396   0.000968   0.001999   75.467
  470723.55  5896767.58   1.210076   0.000963   0.001994   75.400
  470724.72  5896767.89   1.211751   0.000958   0.001989   75.333
  470725.90  5896768.20   1.213421   0.000953   0.001985   75.267
  470727.07  5896768.51   1.215086   0.000948   0.001980   75.201
  470728.25  5896768.82   1.216746   0.000944   0.001976   75.135
  470729.42  5896769.13   1.218401   0.000939   0.001971   75.069
  470730.60  5896769.45   1.220051   0.000934   0.001967   75.003
  470731.78  5896769.76   1.221695   0.000930   0.001962   74.938
  470732.96  5896770.08   1.223335   0.000925   0.001958   74.873
  470734.14  5896770.40   1.224970   0.000921   0.001954   74.808
  470735.32  5896770.73   1.226599   0.000916   0.001949   74.743
  470736.51  5896771.05   1.228224   0.000912   0.001945   74.679
  470737.69  5896771.38   1.229843   0.000907   0.001941   74.615
  470738.88  5896771.71   1.231457   0.000903   0.001936   74.551
  470740.06  5896772.03   1.233066   0.000899   0.001932   74.487
  470741.25  5896772.37   1.234669   0.000894   0.001928   74.424
  470742.44  5896772.70   1.236268   0.000890   0.001924   74.360
  470743.63  5896773.03   1.237861   0.000886   0.001920   74.297
  470744.83  5896773.37   1.239450   0.000882   0.001916   74.235
  470746.02  5896773.71   1.241033   0.000878   0.001911   74.172
  470747.21  5896774.05   1.242610   0.000873   0.001907   74.110
  470748.41  5896774.39   1.244183   0.000869   0.001903   74.047
  470749.61  5896774.73   1.245750   0.000865   0.001899   73.985
  470750.80  5896775.08   1.247312   0.000861   0.001895   73.924
  470752.00  5896775.43   1.248869   0.000857   0.001891   73.862
  470753.20  5896775.77   1.250421   0.000854   0.001887   73.801
  470754.40  5896776.13   1.251967   0.000850   0.001883   73.740
  470755.61  5896776.48   1.253508   0.000846   0.001880   73.679
  470756.81  5896776.83   1.255044   0.000842   0.001876   73.618
  470758.01  5896777.19   1.256574   0.000838   0.001872   73.557
  470759.22  5896777.54   1.258099   0.000835   0.001868   73.497
  470760.43  5896777.90   1.259619   0.000831   0.001864   73.437
  470761.63  5896778.26   1.261134   0.000827   0.001860   73.377
  470762.84  5896778.63   1.262643   0.000824   0.001857   73.317
  470764.05  5896778.99   1.264147   0.000820   0.001853   73.257
  470765.26  5896779.35   1.265645   0.000816   0.001849   73.198
  470766.48  5896779.72   1.267138   0.000813   0.001846   73.139
  470767.69  5896780.09   1.268626   0.000809   0.001842   73.080
  470768.90  5896780.46   1.270109   0.000806   0.001838   73.021
  470770.12  5896780.83   1.271586   0.000802   0.001835   72.962
  470771.33  5896781.21   1.273057   0.000799   0.001831   72.904
  470772.55  5896781.58   1.274524   0.000796   0.001828   72.846
  470773.77  5896781.96   1.275985   0.000792   0.001824   72.788
  470774.99  5896782.34   1.277440   0.000789   0.001821   72.730
  470776.21  5896782.72   1.278890   0.000786   0.001817   72.672
  470777.43  5896783.10   1.280335   0.000782   0.001814   72.614
  470778.65  5896783.49   1.281774   0.000779   0.001810   72.557
  470779.87  5896783.87   1.283208   0.000776   0.001807   72.500
  470781.10  5896784.26   1.284636   0.000773   0.001803   72.443
  470782.32  5896784.65   1.286059   0.000770   0.001800   72.386
  470783.55  5896785.04   1.287476   0.000766   0.001797   72.329
  470784.78  5896785.43   1.288888   0.000763   0.001793   72.273
  470786.00  5896785.83   1.290295   0.000760   0.001790   72.216
  470787.23  5896786.22   1.291696   0.000757   0.001787   72.160
  470788.46  5896786.62   1.293091   0.000754   0.001784   72.104
  470789.69  5896787.02   1.294481   0.000751   0.001780   72.048
  470790.93  5896787.42   1.295866   0.000748   0.001777   71.992
  470792.16  5896787.82   1.297245   0.000745   0.001774   71.937
  470793.39  5896788.22   1.298618   0.000743   0.001771   71.881
  470794.63  5896788.63   1.299986   0.000740   0.001768   71.826
  470795.86  5896789.04   1.301349   0.000737   0.001765   71.771
  470797.10  5896789.44   1.302706   0.000734   0.001762   71.716
  470798.34  5896789.85   1.304057   0.000732   0.001761   71.661
  470799.57  5896790.27   1.305404   0.000730   0.001760   71.607
  470800.81  5896790.68   1.306746   0.000726   0.001752   71.552
  470802.05  5896791.09   1.308079   0.000719   0.001740   71.498
  470803.29  5896791.51   1.309405   0.000713   0.001728   71.444
  470804.53  5896791.93   1.310724   0.000707   0.001717   71.390
  470805.78  5896792.35   1.312034   0.000700   0.001705   71.337
  470807.02  5896792.77   1.313337   0.000694   0.001693   71.285
  470808.26  5896793.19   1.314632   0.000688   0.001681   71.232
  470809.51  5896793.62   1.315919   0.000682   0.001669   71.180
  470810.76  5896794.04   1.317198   0.000676   0.001658   71.129
  470812.00  5896794.47   1.318470   0.000670   0.001646   71.078
  470813.25  5896794.90   1.319734   0.000664   0.001634   71.028
  470814.50  5896795.33   1.320989   0.000658   0.001623   70.977
  470815.75  5896795.76   1.322237   0.000652   0.001611   70.928
  470817.00  5896796.19   1.323477   0.000646   0.001600   70.878
  470818.25  5896796.63   1.324709   0.000640   0.001588   70.829
  470819.50  5896797.07   1.325933   0.000634   0.001577   70.781
  470820.75  5896797.50   1.327149   0.000628   0.001565   70.732
  470822.00  5896797.94   1.328357   0.000623   0.001554   70.685
  470823.26  5896798.38   1.329557   0.000617   0.001542   70.637
  470824.51  5896798.82   1.330749   0.000611   0.001531   70.590
  470825.77  5896799.27   1.331932   0.000606   0.001520   70.544
  470827.02  5896799.71   1.333108   0.000600   0.001509   70.497
  470828.28  5896800.16   1.334275   0.000595   0.001497   70.452
  470829.54  5896800.61   1.335435   0.000589   0.001486   70.406
  470830.80  5896801.06   1.336586   0.000584   0.001475   70.361
  470832.06  5896801.51   1.337729   0.000578   0.001464   70.316
  470833.31  5896801.96   1.338864   0.000573   0.001453   70.272
  470834.58  5896802.41   1.339991   0.000568   0.001441   70.228
  470835.84  5896802.87   1.341109   0.000562   0.001430   70.185
  470837.10  5896803.32   1.342219   0.000557   0.001419   70.141
  470838.36  5896803.78   1.343321   0.000552   0.001408   70.098
  470839.62  5896804.24   1.344415   0.000547   0.001397   70.056
  470840.89  5896804.70   1.345500   0.000541   0.001386   70.014
  470842.15  5896805.16   1.346577   0.000536   0.001375   69.972
  470843.42  5896805.62   1.347646   0.000531   0.001364   69.931
  470844.68  5896806.08   1.348706   0.000526   0.001354   69.890
  470845.95  5896806.55   1.349758   0.000521   0.001343   69.849
  470847.22  5896807.01   1.350801   0.000516   0.001332   69.809
  470848.49  5896807.48   1.351837   0.000511   0.001321   69.769
  470849.75  5896807.95   1.352863   0.000506   0.001310   69.729
  470851.02  5896808.42   1.353882   0.000501   0.001300   69.690
  470852.29  5896808.89   1.354892   0.000496   0.001289   69.651
  470853.56  5896809.36   1.355893   0.000492   0.001278   69.613
  470854.84  5896809.84   1.356886   0.000487   0.001267   69.574
  470856.11  5896810.31   1.357870   0.000482   0.001257   69.537
  470857.38  5896810.79   1.358846   0.000477   0.001246   69.499
  470858.65  5896811.26   1.359814   0.000472   0.001236   69.462
  470859.93  5896811.74   1.360772   0.000468   0.001225   69.425
  470861.20  5896812.22   1.361723   0.000463   0.001214   69.389
  470862.47  5896812.70   1.362665   0.000458   0.001204   69.352
  470863.75  5896813.18   1.363598   0.000454   0.001193   69.317
  470865.03  5896813.67   1.364522   0.000449   0.001183   69.281
  470866.30  5896814.15   1.365438   0.000445   0.001172   69.246
  470867.58  5896814.63   1.366346   0.000440   0.001162   69.211
  470868.86  5896815.12   1.367244   0.000436   0.001152   69.177
  470870.13  5896815.61   1.368134   0.000431   0.001141   69.143
  470871.41  5896816.09   1.369016   0.000427   0.001131   69.109
  470872.69  5896816.58   1.369888   0.000422   0.001120   69.075
  470873.97  5896817.07   1.370752   0.000418   0.001110   69.042
  470875.25  5896817.56   1.371608   0.000413   0.001100   69.010
  470876.53  5896818.06   1.372454   0.000409   0.001090   68.977
  470877.81  5896818.55   1.373292   0.000405   0.001079   68.945
  470879.10  5896819.04   1.374121   0.000400   0.001069   68.913
  470880.38  5896819.54   1.374942   0.000396   0.001059   68.882
  470881.66  5896820.04   1.375754   0.000392   0.001049   68.850
  470882.94  5896820.53   1.376556   0.000387   0.001038   68.819
  470884.23  5896821.03   1.377351   0.000383   0.001028   68.789
  470885.51  5896821.53   1.378136   0.000379   0.001018   68.759
  470886.80  5896822.03   1.378912   0.000375   0.001008   68.729
  470888.08  5896822.53   1.379680   0.000371   0.000998   68.699
  470889.37  5896823.03   1.380439   0.000367   0.000988   68.670
  470890.65  5896823.54   1.381189   0.000362   0.000978   68.641
  470891.94  5896824.04   1.381930   0.000358   0.000968   68.612
  470893.23  5896824.55   1.382662   0.000354   0.000958   68.584
  470894.51  5896825.05   1.383386   0.000350   0.000948   68.556
  470895.80  5896825.56   1.384100   0.000346   0.000938   68.528
  470897.09  5896826.06   1.384806   0.000342   0.000928   68.501
  470898.38  5896826.57   1.385503   0.000338   0.000918   68.473
  470899.67  5896827.08   1.386191   0.000334   0.000908   68.447
  470900.96  5896827.59   1.386870   0.000330   0.000898   68.420
  470902.25  5896828.10   1.387540   0.000326   0.000888   68.394
  470903.54  5896828.61   1.388201   0.000322   0.000878   68.368
  470904.83  5896829.13   1.388853   0.000318   0.000868   68.342
  470906.12  5896829.64   1.389496   0.000314   0.000858   68.317
  470907.41  5896830.15   1.390130   0.000310   0.000848   68.292
  470908.70  5896830.67   1.390755   0.000307   0.000839   68.267
  470909.99  5896831.18   1.391372   0.000303   0.000829   68.243
  470911.28  5896831.70   1.391979   0.000299   0.000819   68.219
  470912.58  5896832.22   1.392577   0.000295   0.000809   68.195
  470913.87  5896832.74   1.393166   0.000291   0.000799   68.171
  470915.16  5896833.25   1.393746   0.000287   0.000790   68.148
  470916.46  5896833.77   1.394318   0.000284   0.000780   68.125
  470917.75  5896834.29   1.394880   0.000280   0.000770   68.102
  470919.05  5896834.82   1.395433   0.000276   0.000760   68.080
  470920.34  5896835.34   1.395977   0.000272   0.000751   68.058
  470921.64  5896835.86   1.396512   0.000269   0.000741   68.036
  470922.93  5896836.38   1.397038   0.000265   0.000731   68.015
  470924.23  5896836.91   1.397554   0.000261   0.000722   67.993
  470925.52  5896837.43   1.398062   0.000258   0.000712   67.972
  470926.82  5896837.95   1.398561   0.000254   0.000702   67.952
  470928.11  5896838.48   1.399050   0.000250   0.000693   67.931
  470929.41  5896839.01   1.399531   0.000247   0.000683   67.911
  470930.71  5896839.53   1.400002   0.000243   0.000674   67.892
  470932.00  5896840.06   1.400464   0.000239   0.000664   67.872
  470933.30  5896840.59   1.400917   0.000236   0.000655   67.853
  470934.60  5896841.12   1.401361   0.000232   0.000645   67.834
  470935.90  5896841.65   1.401796   0.000229   0.000635   67.815
  470937.20  5896842.18   1.402222   0.000225   0.000626   67.797
  470938.49  5896842.71   1.402638   0.000222   0.000616   67.779
  470939.79  5896843.24   1.403046   0.000218   0.000607   67.761
  470941.09  5896843.77   1.403444   0.000214   0.000597   67.744
  470942.39  5896844.30   1.403833   0.000211   0.000588   67.726
  470943.69  5896844.83   1.404211   0.000208   0.000579   67.709
  470944.99  5896845.37   1.404581   0.000204   0.000569   67.693
  470946.29  5896845.90   1.404943   0.000200   0.000558   67.676
  470947.59  5896846.43   1.405300   0.000196   0.000548   67.660
  470948.89  5896846.97   1.405649   0.000192   0.000537   67.644
  470950.19  5896847.50   1.405992   0.000188   0.000527   67.629
  470951.49  5896848.04   1.406328   0.000185   0.000516   67.614
  470952.79  5896848.58   1.406658   0.000181   0.000506   67.599
  470954.09  5896849.11   1.406980   0.000177   0.000496   67.584
  470955.39  5896849.65   1.407297   0.000173   0.000485   67.570
  470956.69  5896850.19   1.407606   0.000169   0.000475   67.556
  470957.99  5896850.72   1.407909   0.000166   0.000464   67.542
  470959.29  5896851.26   1.408205   0.000162   0.000454   67.529
  470960.59  5896851.80   1.408495   0.000158   0.000443   67.516
  470961.89  5896852.34   1.408777   0.000154   0.000433   67.503
  470963.20  5896852.88   1.409054   0.000150   0.000422   67.491
  470964.50  5896853.42   1.409323   0.000147   0.000412   67.479
  470965.80  5896853.96   1.409586   0.000143   0.000402   67.467
  470967.10  5896854.50   1.409842   0.000139   0.000391   67.455
  470968.40  5896855.04   1.410091   0.000135   0.000381   67.444
  470969.71  5896855.58   1.410334   0.000132   0.000370   67.433
  470971.01  5896856.12   1.410569   0.000128   0.000360   67.422
  470972.31  5896856.67   1.410798   0.000124   0.000350   67.412
  470973.61  5896857.21   1.411021   0.000121   0.000339   67.402
  470974.92  5896857.75   1.411237   0.000117   0.000329   67.392
  470976.22  5896858.29   1.411445   0.000113   0.000319   67.383
  470977.52  5896858.84   1.411648   0.000109   0.000308   67.374
  470978.83  5896859.38   1.411843   0.000105   0.000297   67.365
  470980.13  5896859.92   1.412031   0.000101   0.000286   67.356
  470981.43  5896860.47   1.412211   0.000098   0.000277   67.348
  470982.73  5896861.01   1.412388   0.000096   0.000270   67.340
  470984.04  5896861.55   1.412560   0.000093   0.000264   67.332
  470985.34  5896862.10   1.412727   0.000091   0.000257   67.325
  470986.65  5896862.64   1.412891   0.000089   0.000250   67.317
  470987.95  5896863.19   1.413050   0.000086   0.000243   67.310
  470989.25  5896863.73   1.413205   0.000084   0.000236   67.303
  470990.56  5896864.28   1.413355   0.000081   0.000230   67.297
  470991.86  5896864.83   1.413501   0.000079   0.000223   67.290
  470993.16  5896865.37   1.413643   0.000076   0.000216   67.284
  470994.47  5896865.92   1.413780   0.000074   0.000209   67.277
  470995.77  5896866.46   1.413913   0.000072   0.000203   67.271
  470997.08  5896867.01   1.414042   0.000069   0.000196   67.266
  470998.38  5896867.56   1.414166   0.000067   0.000189   67.260
  470999.68  5896868.10   1.414286   0.000064   0.000182   67.255
  471000.99  5896868.65   1.414402   0.000062   0.000176   67.249
  471002.29  5896869.20   1.414513   0.000060   0.000169   67.244
  471003.60  5896869.74   1.414620   0.000057   0.000162   67.239
  471004.90  5896870.29   1.414722   0.000055   0.000155   67.235
  471006.21  5896870.84   1.414821   0.000052   0.000148   67.230
  471007.51  5896871.39   1.414914   0.000050   0.000142   67.226
  471008.82  5896871.94   1.415004   0.000048   0.000135   67.222
  471010.12  5896872.48   1.415089   0.000045   0.000128   67.218
  471011.43  5896873.03   1.415170   0.000043   0.000121   67.215
  471012.73  5896873.58   1.415246   0.000040   0.000115   67.211
  471014.03  5896874.13   1.415318   0.000038   0.000108   67.208
  471015.34  5896874.68   1.415386   0.000036   0.000101   67.205
  471016.64  5896875.22   1.415449   0.000033   0.000094   67.202
  471017.95  5896875.77   1.415508   0.000031   0.000088   67.199
  471019.25  5896876.32   1.415563   0.000029   0.000081   67.197
  471020.56  5896876.87   1.415613   0.000026   0.000074   67.194
  471021.86  5896877.42   1.415659   0.000024   0.000067   67.192
  471023.17  5896877.97   1.415700   0.000021   0.000061   67.190
  471024.47  5896878.52   1.415738   0.000019   0.000054   67.188
  471025.78  5896879.07   1.415770   0.000017   0.000047   67.187
  471027.08  5896879.61   1.415799   0.000014   0.000040   67.186
  471028.39  5896880.16   1.415823   0.000012   0.000034   67.184
  471029.69  5896880.71   1.415842   0.000010   0.000027   67.183
  471031.00  5896881.26   1.415858   0.000007   0.000020   67.183
  471032.30  5896881.81   1.415869   0.000004   0.000012   67.182
  471033.61  5896882.36   1.415873   0.000002   0.000007   67.182
