  473741.01  5895683.49   2.608813   0.000001   0.000007    0.000
  473741.31  5895686.08   2.609520   0.000001   0.000014    6.469
  473741.60  5895688.67   2.610937   0.000003   0.000028    6.468
  473741.90  5895691.27   2.612362   0.000004   0.000042    6.468
  473742.19  5895693.87   2.613795   0.000006   0.000056    6.467
  473742.48  5895696.46   2.615234   0.000007   0.000070    6.466
  473742.78  5895699.06   2.616682   0.000009   0.000084    6.465
  473743.07  5895701.66   2.618137   0.000010   0.000097    6.464
  473743.37  5895704.27   2.619599   0.000011   0.000111    6.463
  473743.66  5895706.87   2.621069   0.000013   0.000125    6.461
  473743.96  5895709.47   2.622546   0.000014   0.000139    6.459
  473744.25  5895712.08   2.624030   0.000016   0.000153    6.457
  473744.55  5895714.69   2.625523   0.000017   0.000167    6.454
  473744.84  5895717.30   2.627022   0.000019   0.000181    6.452
  473745.14  5895719.91   2.628530   0.000020   0.000194    6.449
  473745.43  5895722.52   2.630044   0.000021   0.000208    6.446
  473745.73  5895725.14   2.631566   0.000023   0.000222    6.443
  473746.02  5895727.75   2.633096   0.000024   0.000236    6.439
  473746.32  5895730.37   2.634633   0.000025   0.000250    6.436
  473746.61  5895732.99   2.636178   0.000027   0.000263    6.432
  473746.91  5895735.61   2.637730   0.000028   0.000277    6.428
  473747.21  5895738.23   2.639290   0.000030   0.000291    6.424
  473747.50  5895740.85   2.640857   0.000031   0.000305    6.419
  473747.80  5895743.48   2.642431   0.000032   0.000319    6.415
  473748.09  5895746.11   2.644014   0.000034   0.000332    6.410
  473748.39  5895748.73   2.645603   0.000035   0.000346    6.405
  473748.68  5895751.36   2.647200   0.000036   0.000360    6.399
  473748.98  5895754.00   2.648805   0.000038   0.000373    6.394
  473749.27  5895756.63   2.650417   0.000039   0.000387    6.388
  473749.57  5895759.26   2.652037   0.000040   0.000401    6.382
  473749.86  5895761.90   2.653664   0.000042   0.000414    6.376
  473750.15  5895764.54   2.655299   0.000043   0.000428    6.370
  473750.45  5895767.18   2.656942   0.000044   0.000442    6.363
  473750.74  5895769.82   2.658591   0.000046   0.000455    6.356
  473751.04  5895772.46   2.660249   0.000047   0.000469    6.349
  473751.33  5895775.11   2.661914   0.000048   0.000483    6.342
  473751.62  5895777.75   2.663586   0.000049   0.000496    6.335
  473751.92  5895780.40   2.665267   0.000051   0.000510    6.327
  473752.21  5895783.05   2.666955   0.000052   0.000523    6.320
  473752.51  5895785.70   2.668650   0.000053   0.000537    6.312
  473752.80  5895788.36   2.670351   0.000055   0.000551    6.304
  473753.09  5895791.01   2.672058   0.000056   0.000564    6.295
  473753.38  5895793.67   2.673771   0.000057   0.000578    6.287
  473753.68  5895796.33   2.675491   0.000058   0.000592    6.278
  473753.97  5895798.99   2.677217   0.000060   0.000605    6.269
  473754.26  5895801.65   2.678949   0.000061   0.000619    6.260
  473754.55  5895804.31   2.680687   0.000062   0.000632    6.250
  473754.84  5895806.98   2.682432   0.000063   0.000646    6.241
  473755.14  5895809.65   2.684183   0.000065   0.000659    6.231
  473755.43  5895812.32   2.685941   0.000066   0.000673    6.221
  473755.72  5895814.99   2.687705   0.000067   0.000686    6.211
  473756.01  5895817.66   2.689475   0.000068   0.000700    6.201
  473756.30  5895820.34   2.691251   0.000070   0.000713    6.190
  473756.59  5895823.01   2.693034   0.000071   0.000727    6.179
  473756.88  5895825.69   2.694823   0.000072   0.000740    6.168
  473757.17  5895828.37   2.696619   0.000073   0.000755    6.157
  473757.45  5895831.05   2.698423   0.000075   0.000770    6.146
  473757.74  5895833.74   2.700234   0.000076   0.000781    6.134
  473758.03  5895836.42   2.702046   0.000076   0.000788    6.123
  473758.32  5895839.11   2.703859   0.000077   0.000795    6.111
  473758.61  5895841.80   2.705675   0.000077   0.000802    6.099
  473758.89  5895844.49   2.707491   0.000078   0.000809    6.087
  473759.18  5895847.18   2.709310   0.000079   0.000816    6.075
  473759.47  5895849.88   2.711129   0.000079   0.000823    6.063
  473759.75  5895852.58   2.712951   0.000080   0.000830    6.050
  473760.04  5895855.27   2.714774   0.000080   0.000838    6.038
  473760.32  5895857.97   2.716598   0.000081   0.000845    6.025
  473760.61  5895860.68   2.718424   0.000082   0.000852    6.013
  473760.89  5895863.38   2.720252   0.000082   0.000859    6.000
  473761.18  5895866.09   2.722081   0.000083   0.000866    5.987
  473761.46  5895868.80   2.723912   0.000083   0.000873    5.974
  473761.74  5895871.51   2.725744   0.000084   0.000880    5.961
  473762.02  5895874.22   2.727578   0.000084   0.000887    5.948
  473762.31  5895876.93   2.729413   0.000085   0.000894    5.935
  473762.59  5895879.65   2.731251   0.000085   0.000901    5.922
  473762.87  5895882.37   2.733089   0.000086   0.000908    5.909
  473763.15  5895885.09   2.734929   0.000087   0.000915    5.895
  473763.43  5895887.81   2.736771   0.000087   0.000922    5.882
  473763.71  5895890.53   2.738615   0.000088   0.000929    5.868
  473763.99  5895893.26   2.740460   0.000088   0.000936    5.854
  473764.27  5895895.98   2.742306   0.000089   0.000944    5.840
  473764.55  5895898.71   2.744154   0.000089   0.000951    5.826
  473764.82  5895901.44   2.746004   0.000090   0.000958    5.812
  473765.10  5895904.18   2.747856   0.000090   0.000965    5.798
  473765.38  5895906.91   2.749709   0.000091   0.000972    5.784
  473765.66  5895909.65   2.751563   0.000091   0.000979    5.770
  473765.93  5895912.39   2.753420   0.000092   0.000986    5.755
  473766.21  5895915.13   2.755277   0.000092   0.000993    5.741
  473766.48  5895917.87   2.757137   0.000093   0.001000    5.726
  473766.76  5895920.61   2.758998   0.000093   0.001007    5.711
  473767.03  5895923.36   2.760861   0.000094   0.001013    5.697
  473767.30  5895926.11   2.762725   0.000095   0.001022    5.682
  473767.58  5895928.86   2.764594   0.000095   0.001030    5.667
  473767.85  5895931.61   2.766464   0.000096   0.001034    5.652
  473768.12  5895934.36   2.768331   0.000096   0.001035    5.637
  473768.39  5895937.12   2.770195   0.000095   0.001036    5.621
  473768.66  5895939.88   2.772054   0.000095   0.001037    5.606
  473768.93  5895942.64   2.773911   0.000095   0.001038    5.591
  473769.20  5895945.40   2.775763   0.000095   0.001039    5.576
  473769.47  5895948.16   2.777613   0.000095   0.001040    5.561
  473769.74  5895950.93   2.779458   0.000095   0.001041    5.546
  473770.01  5895953.70   2.781300   0.000095   0.001042    5.530
  473770.28  5895956.46   2.783139   0.000095   0.001043    5.515
  473770.54  5895959.24   2.784974   0.000095   0.001044    5.500
  473770.81  5895962.01   2.786806   0.000095   0.001045    5.485
  473771.08  5895964.78   2.788634   0.000095   0.001046    5.470
  473771.34  5895967.56   2.790459   0.000095   0.001047    5.454
  473771.60  5895970.34   2.792282   0.000095   0.001049    5.439
  473771.87  5895973.12   2.794101   0.000095   0.001049    5.424
  473772.13  5895975.90   2.795913   0.000095   0.001046    5.409
  473772.40  5895978.69   2.797718   0.000094   0.001044    5.394
  473772.66  5895981.47   2.799515   0.000094   0.001042    5.379
  473772.92  5895984.26   2.801304   0.000094   0.001040    5.363
  473773.18  5895987.05   2.803085   0.000093   0.001037    5.348
  473773.44  5895989.84   2.804859   0.000093   0.001035    5.333
  473773.70  5895992.64   2.806625   0.000093   0.001033    5.318
  473773.96  5895995.43   2.808384   0.000092   0.001031    5.304
  473774.22  5895998.23   2.810135   0.000092   0.001028    5.289
  473774.48  5896001.03   2.811878   0.000092   0.001026    5.274
  473774.74  5896003.83   2.813614   0.000091   0.001024    5.259
  473774.99  5896006.63   2.815342   0.000091   0.001022    5.244
  473775.25  5896009.44   2.817062   0.000091   0.001019    5.230
  473775.51  5896012.24   2.818775   0.000091   0.001017    5.215
  473775.76  5896015.05   2.820480   0.000090   0.001015    5.200
  473776.02  5896017.86   2.822177   0.000090   0.001013    5.186
  473776.27  5896020.67   2.823867   0.000090   0.001011    5.171
  473776.52  5896023.49   2.825549   0.000089   0.001009    5.157
  473776.78  5896026.30   2.827224   0.000089   0.001006    5.142
  473777.03  5896029.12   2.828890   0.000089   0.001004    5.128
  473777.28  5896031.94   2.830550   0.000088   0.001002    5.113
  473777.53  5896034.76   2.832201   0.000088   0.001000    5.099
  473777.79  5896037.58   2.833845   0.000088   0.000998    5.085
  473778.04  5896040.40   2.835481   0.000088   0.000996    5.071
  473778.29  5896043.23   2.837110   0.000087   0.000994    5.056
  473778.54  5896046.05   2.838731   0.000087   0.000992    5.042
  473778.78  5896048.88   2.840344   0.000087   0.000989    5.028
  473779.03  5896051.71   2.841950   0.000086   0.000987    5.014
  473779.28  5896054.55   2.843547   0.000086   0.000985    5.000
  473779.53  5896057.38   2.845138   0.000086   0.000983    4.986
  473779.77  5896060.21   2.846720   0.000086   0.000981    4.972
  473780.02  5896063.05   2.848295   0.000085   0.000979    4.958
  473780.27  5896065.89   2.849862   0.000085   0.000977    4.944
  473780.51  5896068.73   2.851422   0.000085   0.000975    4.930
  473780.76  5896071.57   2.852974   0.000085   0.000973    4.916
  473781.00  5896074.41   2.854518   0.000084   0.000971    4.902
  473781.24  5896077.26   2.856055   0.000084   0.000969    4.889
  473781.49  5896080.11   2.857584   0.000084   0.000967    4.875
  473781.73  5896082.95   2.859105   0.000083   0.000965    4.861
  473781.97  5896085.80   2.860619   0.000083   0.000963    4.847
  473782.21  5896088.65   2.862124   0.000083   0.000961    4.834
  473782.45  5896091.51   2.863623   0.000083   0.000959    4.820
  473782.69  5896094.36   2.865113   0.000082   0.000957    4.807
  473782.93  5896097.22   2.866596   0.000082   0.000955    4.793
  473783.17  5896100.08   2.868071   0.000082   0.000953    4.780
  473783.41  5896102.93   2.869539   0.000082   0.000951    4.766
  473783.65  5896105.79   2.870999   0.000081   0.000949    4.753
  473783.88  5896108.66   2.872451   0.000081   0.000947    4.739
  473784.12  5896111.52   2.873895   0.000081   0.000945    4.726
  473784.36  5896114.38   2.875332   0.000081   0.000943    4.713
  473784.59  5896117.25   2.876761   0.000080   0.000941    4.699
  473784.83  5896120.12   2.878183   0.000080   0.000939    4.686
  473785.06  5896122.99   2.879596   0.000080   0.000937    4.673
  473785.30  5896125.86   2.881002   0.000080   0.000935    4.660
  473785.53  5896128.73   2.882401   0.000079   0.000933    4.647
  473785.76  5896131.60   2.883791   0.000079   0.000931    4.633
  473785.99  5896134.48   2.885174   0.000079   0.000930    4.620
  473786.23  5896137.36   2.886550   0.000079   0.000928    4.607
  473786.46  5896140.23   2.887917   0.000078   0.000926    4.594
  473786.69  5896143.11   2.889277   0.000078   0.000924    4.581
  473786.92  5896145.99   2.890629   0.000078   0.000922    4.568
  473787.15  5896148.88   2.891974   0.000078   0.000920    4.555
  473787.38  5896151.76   2.893311   0.000078   0.000918    4.543
  473787.61  5896154.65   2.894640   0.000077   0.000916    4.530
  473787.83  5896157.53   2.895961   0.000077   0.000915    4.517
  473788.06  5896160.42   2.897275   0.000077   0.000913    4.504
  473788.29  5896163.31   2.898581   0.000077   0.000911    4.491
  473788.51  5896166.20   2.899879   0.000076   0.000909    4.479
  473788.74  5896169.09   2.901170   0.000076   0.000907    4.466
  473788.96  5896171.98   2.902453   0.000076   0.000905    4.453
  473789.19  5896174.88   2.903728   0.000076   0.000904    4.441
  473789.41  5896177.77   2.904996   0.000076   0.000902    4.428
  473789.64  5896180.67   2.906255   0.000075   0.000900    4.415
  473789.86  5896183.57   2.907508   0.000075   0.000898    4.403
  473790.08  5896186.47   2.908752   0.000075   0.000896    4.390
  473790.31  5896189.37   2.909989   0.000075   0.000895    4.378
  473790.53  5896192.27   2.911218   0.000074   0.000893    4.365
  473790.75  5896195.17   2.912439   0.000074   0.000891    4.353
  473790.97  5896198.08   2.913653   0.000074   0.000889    4.341
  473791.19  5896200.99   2.914858   0.000074   0.000887    4.328
  473791.41  5896203.89   2.916057   0.000074   0.000886    4.316
  473791.63  5896206.80   2.917247   0.000073   0.000884    4.304
  473791.85  5896209.71   2.918430   0.000073   0.000882    4.291
  473792.06  5896212.62   2.919605   0.000073   0.000880    4.279
  473792.28  5896215.53   2.920772   0.000073   0.000879    4.267
  473792.50  5896218.45   2.921932   0.000073   0.000877    4.255
  473792.71  5896221.36   2.923084   0.000072   0.000875    4.242
  473792.93  5896224.28   2.924228   0.000072   0.000874    4.230
  473793.14  5896227.19   2.925364   0.000072   0.000872    4.218
  473793.36  5896230.11   2.926493   0.000072   0.000870    4.206
  473793.57  5896233.03   2.927614   0.000072   0.000868    4.194
  473793.79  5896235.95   2.928727   0.000071   0.000867    4.182
  473794.00  5896238.87   2.929833   0.000071   0.000865    4.170
  473794.21  5896241.80   2.930931   0.000071   0.000863    4.158
  473794.42  5896244.72   2.932021   0.000071   0.000862    4.146
  473794.63  5896247.64   2.933103   0.000071   0.000860    4.134
  473794.85  5896250.57   2.934178   0.000070   0.000858    4.122
  473795.06  5896253.50   2.935245   0.000070   0.000857    4.111
  473795.27  5896256.43   2.936304   0.000070   0.000855    4.099
  473795.48  5896259.36   2.937356   0.000070   0.000853    4.087
  473795.68  5896262.29   2.938399   0.000070   0.000852    4.075
  473795.89  5896265.22   2.939436   0.000070   0.000850    4.063
  473796.10  5896268.15   2.940464   0.000069   0.000848    4.052
  473796.31  5896271.08   2.941484   0.000069   0.000847    4.040
  473796.51  5896274.02   2.942497   0.000069   0.000845    4.028
  473796.72  5896276.95   2.943503   0.000069   0.000843    4.017
  473796.93  5896279.89   2.944499   0.000069   0.000841    4.005
  473797.13  5896282.83   2.945488   0.000068   0.000840    3.994
  473797.34  5896285.77   2.946471   0.000068   0.000841    3.982
  473797.54  5896288.71   2.947448   0.000069   0.000842    3.970
  473797.74  5896291.65   2.948419   0.000069   0.000842    3.959
  473797.95  5896294.59   2.949384   0.000069   0.000843    3.947
  473798.15  5896297.53   2.950343   0.000069   0.000844    3.936
  473798.35  5896300.48   2.951296   0.000069   0.000845    3.924
  473798.55  5896303.42   2.952244   0.000069   0.000845    3.913
  473798.75  5896306.37   2.953185   0.000069   0.000846    3.901
  473798.95  5896309.31   2.954121   0.000069   0.000847    3.889
  473799.15  5896312.26   2.955051   0.000069   0.000848    3.878
  473799.35  5896315.21   2.955974   0.000069   0.000849    3.866
  473799.55  5896318.16   2.956892   0.000069   0.000849    3.854
  473799.75  5896321.11   2.957804   0.000069   0.000850    3.843
  473799.95  5896324.06   2.958710   0.000069   0.000851    3.831
  473800.14  5896327.02   2.959610   0.000069   0.000852    3.820
  473800.34  5896329.97   2.960505   0.000069   0.000853    3.808
  473800.54  5896332.92   2.961393   0.000069   0.000853    3.796
  473800.73  5896335.88   2.962275   0.000069   0.000854    3.785
  473800.93  5896338.84   2.963152   0.000069   0.000855    3.773
  473801.12  5896341.79   2.964022   0.000069   0.000856    3.761
  473801.32  5896344.75   2.964887   0.000069   0.000857    3.749
  473801.51  5896347.71   2.965746   0.000069   0.000857    3.738
  473801.70  5896350.67   2.966599   0.000069   0.000858    3.726
  473801.89  5896353.63   2.967446   0.000069   0.000859    3.714
  473802.09  5896356.59   2.968287   0.000069   0.000860    3.703
  473802.28  5896359.56   2.969122   0.000069   0.000861    3.691
  473802.47  5896362.52   2.969951   0.000069   0.000861    3.679
  473802.66  5896365.48   2.970775   0.000069   0.000862    3.667
  473802.85  5896368.45   2.971592   0.000069   0.000863    3.656
  473803.04  5896371.41   2.972404   0.000069   0.000864    3.644
  473803.22  5896374.38   2.973209   0.000069   0.000865    3.632
  473803.41  5896377.35   2.974009   0.000069   0.000866    3.620
  473803.60  5896380.32   2.974803   0.000069   0.000867    3.608
  473803.79  5896383.29   2.975591   0.000069   0.000867    3.597
  473803.97  5896386.26   2.976373   0.000069   0.000868    3.585
  473804.16  5896389.23   2.977149   0.000069   0.000869    3.573
  473804.34  5896392.20   2.977919   0.000069   0.000870    3.561
  473804.53  5896395.17   2.978684   0.000069   0.000871    3.549
  473804.71  5896398.15   2.979442   0.000069   0.000872    3.538
  473804.89  5896401.12   2.980195   0.000069   0.000873    3.526
  473805.08  5896404.09   2.980942   0.000070   0.000873    3.514
  473805.26  5896407.07   2.981682   0.000070   0.000874    3.502
  473805.44  5896410.05   2.982417   0.000070   0.000875    3.490
  473805.62  5896413.02   2.983146   0.000070   0.000876    3.478
  473805.80  5896416.00   2.983869   0.000070   0.000877    3.466
  473805.98  5896418.98   2.984586   0.000070   0.000878    3.454
  473806.16  5896421.96   2.985298   0.000070   0.000879    3.442
  473806.34  5896424.94   2.986003   0.000070   0.000880    3.431
  473806.52  5896427.92   2.986703   0.000070   0.000881    3.419
  473806.69  5896430.90   2.987396   0.000070   0.000882    3.407
  473806.87  5896433.89   2.988084   0.000070   0.000882    3.395
  473807.05  5896436.87   2.988766   0.000070   0.000883    3.383
  473807.22  5896439.85   2.989442   0.000070   0.000884    3.371
  473807.40  5896442.84   2.990112   0.000070   0.000885    3.359
  473807.57  5896445.82   2.990776   0.000070   0.000887    3.347
  473807.75  5896448.81   2.991436   0.000070   0.000888    3.335
  473807.92  5896451.80   2.992090   0.000070   0.000888    3.323
  473808.09  5896454.78   2.992735   0.000070   0.000886    3.311
  473808.27  5896457.77   2.993370   0.000070   0.000885    3.299
  473808.44  5896460.76   2.993995   0.000070   0.000883    3.287
  473808.61  5896463.75   2.994610   0.000069   0.000881    3.275
  473808.78  5896466.74   2.995215   0.000069   0.000879    3.263
  473808.95  5896469.73   2.995811   0.000069   0.000878    3.251
  473809.12  5896472.72   2.996397   0.000069   0.000876    3.239
  473809.29  5896475.71   2.996973   0.000069   0.000874    3.227
  473809.45  5896478.71   2.997539   0.000069   0.000873    3.215
  473809.62  5896481.70   2.998096   0.000069   0.000871    3.204
  473809.79  5896484.69   2.998643   0.000068   0.000869    3.192
  473809.96  5896487.69   2.999180   0.000068   0.000868    3.180
  473810.12  5896490.68   2.999707   0.000068   0.000866    3.168
  473810.29  5896493.68   3.000225   0.000068   0.000865    3.157
  473810.45  5896496.67   3.000733   0.000068   0.000863    3.145
  473810.61  5896499.67   3.001231   0.000068   0.000861    3.133
  473810.78  5896502.67   3.001719   0.000067   0.000860    3.122
  473810.94  5896505.66   3.002197   0.000067   0.000858    3.110
  473811.10  5896508.66   3.002666   0.000067   0.000856    3.099
  473811.26  5896511.66   3.003125   0.000067   0.000855    3.087
  473811.43  5896514.66   3.003574   0.000067   0.000853    3.075
  473811.59  5896517.66   3.004013   0.000067   0.000852    3.064
  473811.75  5896520.66   3.004443   0.000067   0.000850    3.052
  473811.91  5896523.66   3.004863   0.000066   0.000848    3.041
  473812.06  5896526.66   3.005273   0.000066   0.000847    3.030
  473812.22  5896529.66   3.005673   0.000066   0.000845    3.018
  473812.38  5896532.66   3.006064   0.000066   0.000844    3.007
  473812.54  5896535.67   3.006444   0.000066   0.000842    2.995
  473812.69  5896538.67   3.006815   0.000066   0.000841    2.984
  473812.85  5896541.67   3.007176   0.000066   0.000839    2.973
  473813.01  5896544.68   3.007528   0.000065   0.000838    2.961
  473813.16  5896547.68   3.007869   0.000065   0.000836    2.950
  473813.31  5896550.68   3.008201   0.000065   0.000834    2.939
  473813.47  5896553.69   3.008523   0.000065   0.000833    2.928
  473813.62  5896556.69   3.008835   0.000065   0.000831    2.916
  473813.77  5896559.70   3.009137   0.000065   0.000830    2.905
  473813.93  5896562.70   3.009430   0.000065   0.000828    2.894
  473814.08  5896565.71   3.009713   0.000064   0.000825    2.883
  473814.23  5896568.71   3.009982   0.000064   0.000822    2.872
  473814.38  5896571.72   3.010242   0.000064   0.000824    2.861
  473814.53  5896574.73   3.010499   0.000065   0.000829    2.850
  473814.68  5896577.73   3.010754   0.000065   0.000835    2.838
  473814.83  5896580.74   3.011005   0.000066   0.000840    2.827
  473814.97  5896583.75   3.011254   0.000066   0.000846    2.816
  473815.12  5896586.76   3.011501   0.000066   0.000851    2.805
  473815.27  5896589.76   3.011745   0.000067   0.000857    2.793
  473815.41  5896592.77   3.011986   0.000067   0.000862    2.782
  473815.56  5896595.78   3.012225   0.000068   0.000868    2.770
  473815.70  5896598.79   3.012461   0.000068   0.000873    2.758
  473815.85  5896601.80   3.012694   0.000068   0.000878    2.747
  473815.99  5896604.81   3.012925   0.000069   0.000884    2.735
  473816.14  5896607.82   3.013153   0.000069   0.000889    2.723
  473816.28  5896610.83   3.013379   0.000070   0.000895    2.711
  473816.42  5896613.84   3.013602   0.000070   0.000900    2.699
  473816.56  5896616.85   3.013822   0.000071   0.000906    2.687
  473816.70  5896619.86   3.014040   0.000071   0.000911    2.675
  473816.84  5896622.87   3.014255   0.000071   0.000917    2.662
  473816.98  5896625.88   3.014468   0.000072   0.000922    2.650
  473817.12  5896628.89   3.014678   0.000072   0.000927    2.638
  473817.26  5896631.90   3.014885   0.000073   0.000933    2.625
  473817.40  5896634.92   3.015090   0.000073   0.000938    2.613
  473817.53  5896637.93   3.015292   0.000073   0.000944    2.600
  473817.67  5896640.94   3.015492   0.000074   0.000949    2.587
  473817.80  5896643.95   3.015689   0.000074   0.000955    2.575
  473817.94  5896646.97   3.015883   0.000075   0.000960    2.562
  473818.07  5896649.98   3.016075   0.000075   0.000966    2.549
  473818.21  5896652.99   3.016265   0.000075   0.000971    2.536
  473818.34  5896656.01   3.016451   0.000076   0.000977    2.523
  473818.47  5896659.02   3.016636   0.000076   0.000982    2.510
  473818.60  5896662.03   3.016817   0.000077   0.000988    2.497
  473818.73  5896665.05   3.016996   0.000077   0.000993    2.483
  473818.86  5896668.06   3.017173   0.000078   0.000999    2.470
  473818.99  5896671.08   3.017347   0.000078   0.001004    2.457
  473819.12  5896674.09   3.017518   0.000078   0.001010    2.443
  473819.25  5896677.11   3.017687   0.000079   0.001015    2.430
  473819.38  5896680.12   3.017853   0.000079   0.001021    2.416
  473819.50  5896683.14   3.018017   0.000080   0.001026    2.402
  473819.63  5896686.15   3.018178   0.000080   0.001031    2.388
  473819.75  5896689.17   3.018337   0.000080   0.001037    2.375
  473819.88  5896692.18   3.018493   0.000081   0.001042    2.361
  473820.00  5896695.20   3.018647   0.000081   0.001048    2.347
  473820.12  5896698.22   3.018798   0.000082   0.001053    2.333
  473820.25  5896701.23   3.018946   0.000082   0.001059    2.318
  473820.37  5896704.25   3.019092   0.000083   0.001064    2.304
  473820.49  5896707.27   3.019236   0.000083   0.001070    2.290
  473820.61  5896710.28   3.019377   0.000083   0.001075    2.276
  473820.73  5896713.30   3.019515   0.000084   0.001081    2.261
  473820.85  5896716.32   3.019651   0.000084   0.001086    2.247
  473820.96  5896719.33   3.019785   0.000085   0.001092    2.232
  473821.08  5896722.35   3.019916   0.000085   0.001097    2.217
  473821.20  5896725.37   3.020044   0.000086   0.001103    2.203
  473821.31  5896728.39   3.020170   0.000086   0.001108    2.188
  473821.43  5896731.41   3.020293   0.000086   0.001114    2.173
  473821.54  5896734.42   3.020414   0.000087   0.001119    2.158
  473821.65  5896737.44   3.020533   0.000087   0.001125    2.143
  473821.77  5896740.46   3.020649   0.000088   0.001131    2.128
  473821.88  5896743.48   3.020762   0.000088   0.001136    2.113
  473821.99  5896746.50   3.020873   0.000088   0.001142    2.098
  473822.10  5896749.52   3.020982   0.000089   0.001147    2.082
  473822.21  5896752.54   3.021088   0.000089   0.001153    2.067
  473822.31  5896755.56   3.021191   0.000090   0.001158    2.051
  473822.42  5896758.57   3.021292   0.000090   0.001164    2.036
  473822.53  5896761.59   3.021391   0.000091   0.001169    2.020
  473822.63  5896764.61   3.021487   0.000091   0.001175    2.005
  473822.74  5896767.63   3.021581   0.000091   0.001180    1.989
  473822.84  5896770.65   3.021671   0.000092   0.001185    1.973
  473822.95  5896773.67   3.021759   0.000092   0.001191    1.957
  473823.05  5896776.69   3.021846   0.000093   0.001198    1.941
  473823.15  5896779.71   3.021933   0.000093   0.001204    1.925
  473823.25  5896782.73   3.022019   0.000094   0.001211    1.909
  473823.35  5896785.75   3.022106   0.000094   0.001218    1.893
  473823.45  5896788.77   3.022191   0.000095   0.001224    1.876
  473823.55  5896791.80   3.022277   0.000095   0.001231    1.860
  473823.64  5896794.82   3.022362   0.000096   0.001237    1.844
  473823.74  5896797.84   3.022446   0.000096   0.001244    1.827
  473823.84  5896800.86   3.022531   0.000097   0.001251    1.810
  473823.93  5896803.88   3.022615   0.000097   0.001257    1.793
  473824.02  5896806.90   3.022698   0.000098   0.001264    1.777
  473824.12  5896809.92   3.022781   0.000098   0.001270    1.760
  473824.21  5896812.94   3.022864   0.000099   0.001277    1.743
  473824.30  5896815.96   3.022947   0.000099   0.001283    1.726
  473824.39  5896818.99   3.023029   0.000100   0.001290    1.708
  473824.48  5896822.01   3.023111   0.000100   0.001298    1.691
  473824.57  5896825.03   3.023195   0.000101   0.001305    1.674
  473824.66  5896828.05   3.023278   0.000101   0.001310    1.656
  473824.74  5896831.07   3.023357   0.000101   0.001312    1.639
  473824.83  5896834.10   3.023430   0.000102   0.001314    1.621
  473824.91  5896837.12   3.023499   0.000102   0.001316    1.603
  473825.00  5896840.14   3.023564   0.000102   0.001319    1.586
  473825.08  5896843.16   3.023623   0.000102   0.001321    1.568
  473825.16  5896846.19   3.023678   0.000102   0.001323    1.550
  473825.24  5896849.21   3.023728   0.000102   0.001325    1.533
  473825.32  5896852.23   3.023773   0.000103   0.001327    1.515
  473825.40  5896855.25   3.023813   0.000103   0.001330    1.497
  473825.48  5896858.28   3.023849   0.000103   0.001332    1.479
  473825.55  5896861.30   3.023880   0.000103   0.001334    1.461
  473825.63  5896864.32   3.023906   0.000103   0.001336    1.444
  473825.71  5896867.35   3.023927   0.000104   0.001339    1.426
  473825.78  5896870.37   3.023943   0.000104   0.001341    1.408
  473825.85  5896873.39   3.023955   0.000104   0.001343    1.390
  473825.93  5896876.41   3.023962   0.000104   0.001347    1.372
  473826.00  5896879.44   3.023965   0.000104   0.001350    1.354
  473826.07  5896882.46   3.023962   0.000104   0.001350    1.336
  473826.14  5896885.48   3.023955   0.000104   0.001347    1.318
  473826.21  5896888.51   3.023941   0.000104   0.001344    1.300
  473826.27  5896891.53   3.023922   0.000104   0.001341    1.282
  473826.34  5896894.55   3.023897   0.000104   0.001339    1.264
  473826.41  5896897.58   3.023867   0.000103   0.001336    1.246
  473826.47  5896900.60   3.023831   0.000103   0.001333    1.228
  473826.54  5896903.62   3.023790   0.000103   0.001330    1.210
  473826.60  5896906.65   3.023742   0.000103   0.001327    1.192
  473826.66  5896909.67   3.023690   0.000102   0.001324    1.174
  473826.72  5896912.69   3.023631   0.000102   0.001322    1.157
  473826.78  5896915.72   3.023567   0.000102   0.001319    1.139
  473826.84  5896918.74   3.023497   0.000102   0.001316    1.121
  473826.90  5896921.76   3.023422   0.000102   0.001313    1.103
  473826.96  5896924.78   3.023341   0.000101   0.001310    1.086
  473827.01  5896927.81   3.023254   0.000101   0.001308    1.068
  473827.07  5896930.83   3.023162   0.000101   0.001305    1.051
  473827.12  5896933.85   3.023064   0.000101   0.001302    1.033
  473827.18  5896936.87   3.022960   0.000101   0.001299    1.016
  473827.23  5896939.90   3.022851   0.000100   0.001297    0.998
  473827.28  5896942.92   3.022736   0.000100   0.001294    0.981
  473827.33  5896945.94   3.022615   0.000100   0.001291    0.964
  473827.38  5896948.96   3.022489   0.000100   0.001288    0.946
  473827.43  5896951.99   3.022357   0.000100   0.001286    0.929
  473827.48  5896955.01   3.022219   0.000099   0.001283    0.912
  473827.53  5896958.03   3.022076   0.000099   0.001281    0.895
  473827.57  5896961.05   3.021928   0.000099   0.001279    0.878
  473827.62  5896964.07   3.021774   0.000099   0.001275    0.860
  473827.66  5896967.09   3.021613   0.000098   0.001269    0.843
  473827.70  5896970.12   3.021444   0.000098   0.001264    0.826
  473827.75  5896973.14   3.021268   0.000097   0.001258    0.809
  473827.79  5896976.16   3.021084   0.000097   0.001253    0.792
  473827.83  5896979.18   3.020894   0.000097   0.001247    0.776
  473827.87  5896982.20   3.020695   0.000096   0.001242    0.759
  473827.91  5896985.22   3.020490   0.000096   0.001236    0.742
  473827.95  5896988.24   3.020276   0.000095   0.001231    0.726
  473827.99  5896991.26   3.020056   0.000095   0.001225    0.709
  473828.02  5896994.28   3.019828   0.000095   0.001220    0.693
  473828.06  5896997.30   3.019592   0.000094   0.001214    0.676
  473828.09  5897000.32   3.019349   0.000094   0.001209    0.660
  473828.13  5897003.34   3.019099   0.000093   0.001203    0.644
  473828.16  5897006.36   3.018841   0.000093   0.001198    0.628
  473828.19  5897009.37   3.018576   0.000093   0.001192    0.612
  473828.22  5897012.39   3.018303   0.000092   0.001187    0.596
  473828.25  5897015.41   3.018023   0.000092   0.001181    0.580
  473828.28  5897018.43   3.017735   0.000091   0.001176    0.564
  473828.31  5897021.45   3.017440   0.000091   0.001170    0.548
  473828.34  5897024.46   3.017137   0.000090   0.001165    0.532
  473828.37  5897027.48   3.016827   0.000090   0.001160    0.517
  473828.39  5897030.50   3.016509   0.000090   0.001154    0.501
  473828.42  5897033.51   3.016184   0.000089   0.001149    0.486
  473828.44  5897036.53   3.015851   0.000089   0.001143    0.470
  473828.47  5897039.54   3.015511   0.000088   0.001138    0.455
  473828.49  5897042.56   3.015164   0.000088   0.001132    0.440
  473828.51  5897045.57   3.014809   0.000088   0.001127    0.424
  473828.53  5897048.59   3.014446   0.000087   0.001122    0.409
  473828.56  5897051.60   3.014076   0.000087   0.001116    0.394
  473828.58  5897054.62   3.013698   0.000086   0.001111    0.379
  473828.59  5897057.63   3.013313   0.000086   0.001105    0.364
  473828.61  5897060.64   3.012921   0.000086   0.001100    0.349
  473828.63  5897063.66   3.012520   0.000085   0.001095    0.335
  473828.65  5897066.67   3.012113   0.000085   0.001089    0.320
  473828.66  5897069.68   3.011698   0.000085   0.001084    0.305
  473828.68  5897072.69   3.011275   0.000084   0.001079    0.291
  473828.69  5897075.70   3.010845   0.000084   0.001073    0.276
  473828.71  5897078.71   3.010407   0.000083   0.001068    0.262
  473828.72  5897081.72   3.009962   0.000083   0.001063    0.247
  473828.73  5897084.73   3.009509   0.000083   0.001057    0.233
  473828.74  5897087.74   3.009048   0.000082   0.001052    0.219
  473828.75  5897090.75   3.008581   0.000082   0.001047    0.205
  473828.76  5897093.76   3.008105   0.000081   0.001041    0.191
  473828.77  5897096.77   3.007622   0.000081   0.001036    0.176
  473828.78  5897099.77   3.007132   0.000081   0.001031    0.163
  473828.79  5897102.78   3.006633   0.000080   0.001025    0.149
  473828.80  5897105.79   3.006128   0.000080   0.001020    0.135
  473828.80  5897108.79   3.005615   0.000079   0.001015    0.121
  473828.81  5897111.80   3.005094   0.000079   0.001009    0.107
  473828.81  5897114.80   3.004566   0.000079   0.001004    0.094
  473828.82  5897117.81   3.004030   0.000078   0.000999    0.080
  473828.82  5897120.81   3.003486   0.000078   0.000994    0.067
  473828.82  5897123.81   3.002935   0.000077   0.000988    0.053
  473828.83  5897126.82   3.002377   0.000077   0.000983    0.040
  473828.83  5897129.82   3.001810   0.000077   0.000978    0.027
  473828.83  5897132.82   3.001237   0.000076   0.000972    0.014
  473828.83  5897135.82   3.000655   0.000076   0.000967    0.000
  473828.83  5897138.82   3.000066   0.000076   0.000962   -0.013
  473828.83  5897141.82   2.999470   0.000075   0.000957   -0.026
  473828.82  5897144.82   2.998866   0.000075   0.000951   -0.039
  473828.82  5897147.82   2.998254   0.000074   0.000946   -0.051
  473828.82  5897150.82   2.997635   0.000074   0.000941   -0.064
  473828.81  5897153.81   2.997008   0.000074   0.000936   -0.077
  473828.81  5897156.81   2.996373   0.000073   0.000930   -0.090
  473828.80  5897159.81   2.995731   0.000073   0.000925   -0.102
  473828.80  5897162.80   2.995082   0.000073   0.000920   -0.115
  473828.79  5897165.80   2.994424   0.000072   0.000915   -0.127
  473828.78  5897168.79   2.993759   0.000072   0.000910   -0.139
  473828.78  5897171.79   2.993087   0.000071   0.000904   -0.152
  473828.77  5897174.78   2.992407   0.000071   0.000899   -0.164
  473828.76  5897177.77   2.991719   0.000071   0.000894   -0.176
  473828.75  5897180.76   2.991024   0.000070   0.000889   -0.188
  473828.74  5897183.75   2.990321   0.000070   0.000883   -0.200
  473828.73  5897186.74   2.989610   0.000069   0.000878   -0.212
  473828.72  5897189.73   2.988892   0.000069   0.000873   -0.224
  473828.70  5897192.72   2.988166   0.000069   0.000868   -0.236
  473828.69  5897195.71   2.987432   0.000068   0.000863   -0.248
  473828.68  5897198.69   2.986691   0.000068   0.000857   -0.259
  473828.66  5897201.68   2.985943   0.000068   0.000852   -0.271
  473828.65  5897204.67   2.985186   0.000067   0.000847   -0.283
  473828.63  5897207.65   2.984422   0.000067   0.000842   -0.294
  473828.62  5897210.64   2.983650   0.000066   0.000837   -0.306
  473828.60  5897213.62   2.982871   0.000066   0.000832   -0.317
  473828.58  5897216.60   2.982084   0.000066   0.000826   -0.328
  473828.57  5897219.58   2.981290   0.000065   0.000821   -0.339
  473828.55  5897222.56   2.980487   0.000065   0.000816   -0.351
  473828.53  5897225.54   2.979677   0.000065   0.000811   -0.362
  473828.51  5897228.52   2.978860   0.000064   0.000806   -0.373
  473828.49  5897231.50   2.978035   0.000064   0.000801   -0.384
  473828.47  5897234.48   2.977202   0.000063   0.000794   -0.395
  473828.45  5897237.46   2.976356   0.000063   0.000788   -0.405
  473828.43  5897240.43   2.975502   0.000063   0.000785   -0.416
  473828.40  5897243.41   2.974652   0.000063   0.000785   -0.427
  473828.38  5897246.38   2.973804   0.000063   0.000784   -0.438
  473828.36  5897249.35   2.972960   0.000063   0.000784   -0.448
  473828.33  5897252.33   2.972119   0.000063   0.000784   -0.459
  473828.31  5897255.30   2.971281   0.000063   0.000783   -0.470
  473828.28  5897258.27   2.970446   0.000063   0.000783   -0.480
  473828.26  5897261.24   2.969615   0.000063   0.000783   -0.491
  473828.23  5897264.21   2.968786   0.000063   0.000782   -0.502
  473828.21  5897267.18   2.967961   0.000063   0.000782   -0.512
  473828.18  5897270.14   2.967138   0.000063   0.000782   -0.523
  473828.15  5897273.11   2.966319   0.000063   0.000781   -0.534
  473828.12  5897276.08   2.965503   0.000063   0.000781   -0.544
  473828.10  5897279.04   2.964690   0.000063   0.000781   -0.555
  473828.07  5897282.00   2.963881   0.000063   0.000780   -0.566
  473828.04  5897284.97   2.963074   0.000063   0.000780   -0.576
  473828.01  5897287.93   2.962270   0.000063   0.000780   -0.587
  473827.98  5897290.89   2.961470   0.000063   0.000779   -0.598
  473827.94  5897293.85   2.960673   0.000063   0.000779   -0.608
  473827.91  5897296.81   2.959879   0.000063   0.000778   -0.619
  473827.88  5897299.77   2.959088   0.000063   0.000778   -0.630
  473827.85  5897302.73   2.958300   0.000063   0.000778   -0.640
  473827.81  5897305.69   2.957515   0.000063   0.000777   -0.651
  473827.78  5897308.65   2.956733   0.000063   0.000777   -0.662
  473827.74  5897311.60   2.955955   0.000063   0.000777   -0.672
  473827.71  5897314.56   2.955180   0.000063   0.000776   -0.683
  473827.67  5897317.51   2.954407   0.000063   0.000776   -0.693
  473827.64  5897320.47   2.953638   0.000063   0.000775   -0.704
  473827.60  5897323.42   2.952872   0.000063   0.000775   -0.715
  473827.56  5897326.37   2.952109   0.000063   0.000775   -0.725
  473827.52  5897329.32   2.951350   0.000063   0.000774   -0.736
  473827.49  5897332.27   2.950593   0.000063   0.000774   -0.747
  473827.45  5897335.22   2.949839   0.000063   0.000773   -0.757
  473827.41  5897338.17   2.949089   0.000063   0.000773   -0.768
  473827.37  5897341.12   2.948342   0.000063   0.000773   -0.779
  473827.33  5897344.07   2.947598   0.000063   0.000772   -0.789
  473827.29  5897347.01   2.946857   0.000063   0.000772   -0.800
  473827.24  5897349.96   2.946119   0.000063   0.000771   -0.810
  473827.20  5897352.91   2.945384   0.000063   0.000771   -0.821
  473827.16  5897355.85   2.944653   0.000063   0.000771   -0.832
  473827.12  5897358.80   2.943924   0.000063   0.000770   -0.842
  473827.07  5897361.74   2.943199   0.000063   0.000770   -0.853
  473827.03  5897364.68   2.942477   0.000063   0.000769   -0.863
  473826.98  5897367.62   2.941757   0.000063   0.000769   -0.874
  473826.94  5897370.56   2.941041   0.000063   0.000769   -0.885
  473826.89  5897373.50   2.940329   0.000063   0.000768   -0.895
  473826.84  5897376.44   2.939619   0.000063   0.000768   -0.906
  473826.80  5897379.38   2.938912   0.000063   0.000767   -0.916
  473826.75  5897382.32   2.938209   0.000063   0.000767   -0.927
  473826.70  5897385.26   2.937508   0.000063   0.000767   -0.937
  473826.65  5897388.20   2.936811   0.000063   0.000766   -0.948
  473826.60  5897391.13   2.936117   0.000063   0.000766   -0.959
  473826.55  5897394.07   2.935426   0.000063   0.000765   -0.969
  473826.50  5897397.00   2.934738   0.000063   0.000765   -0.980
  473826.45  5897399.94   2.934053   0.000063   0.000764   -0.990
  473826.40  5897402.87   2.933372   0.000063   0.000764   -1.001
  473826.35  5897405.80   2.932693   0.000063   0.000764   -1.011
  473826.30  5897408.73   2.932018   0.000063   0.000763   -1.022
  473826.25  5897411.66   2.931346   0.000063   0.000763   -1.032
  473826.19  5897414.59   2.930677   0.000063   0.000762   -1.043
  473826.14  5897417.52   2.930011   0.000063   0.000762   -1.054
  473826.08  5897420.45   2.929348   0.000063   0.000761   -1.064
  473826.03  5897423.38   2.928688   0.000063   0.000761   -1.075
  473825.97  5897426.31   2.928031   0.000063   0.000760   -1.085
  473825.92  5897429.24   2.927378   0.000063   0.000760   -1.096
  473825.86  5897432.16   2.926727   0.000063   0.000760   -1.106
  473825.80  5897435.09   2.926080   0.000063   0.000759   -1.117
  473825.75  5897438.01   2.925436   0.000063   0.000759   -1.127
  473825.69  5897440.94   2.924795   0.000063   0.000758   -1.138
  473825.63  5897443.86   2.924157   0.000063   0.000758   -1.148
  473825.57  5897446.79   2.923522   0.000063   0.000757   -1.159
  473825.51  5897449.71   2.922890   0.000063   0.000757   -1.169
  473825.45  5897452.63   2.922262   0.000063   0.000756   -1.180
  473825.39  5897455.55   2.921636   0.000063   0.000756   -1.190
  473825.33  5897458.47   2.921014   0.000063   0.000756   -1.201
  473825.27  5897461.39   2.920395   0.000063   0.000755   -1.211
  473825.20  5897464.31   2.919779   0.000063   0.000755   -1.222
  473825.14  5897467.23   2.919166   0.000063   0.000754   -1.232
  473825.08  5897470.15   2.918556   0.000063   0.000754   -1.243
  473825.02  5897473.07   2.917949   0.000063   0.000753   -1.253
  473824.95  5897475.98   2.917345   0.000063   0.000753   -1.264
  473824.89  5897478.90   2.916745   0.000063   0.000752   -1.274
  473824.82  5897481.82   2.916148   0.000063   0.000752   -1.284
  473824.75  5897484.73   2.915553   0.000062   0.000751   -1.295
  473824.69  5897487.65   2.914962   0.000062   0.000751   -1.305
  473824.62  5897490.56   2.914374   0.000062   0.000750   -1.316
  473824.55  5897493.47   2.913789   0.000062   0.000750   -1.326
  473824.49  5897496.39   2.913207   0.000063   0.000751   -1.337
  473824.42  5897499.30   2.912632   0.000063   0.000752   -1.347
  473824.35  5897502.21   2.912060   0.000062   0.000748   -1.358
  473824.28  5897505.12   2.911484   0.000062   0.000742   -1.368
  473824.21  5897508.03   2.910904   0.000061   0.000736   -1.378
  473824.14  5897510.94   2.910320   0.000061   0.000730   -1.388
  473824.07  5897513.85   2.909732   0.000060   0.000724   -1.399
  473824.00  5897516.76   2.909140   0.000060   0.000718   -1.409
  473823.92  5897519.67   2.908544   0.000060   0.000712   -1.419
  473823.85  5897522.57   2.907944   0.000059   0.000706   -1.429
  473823.78  5897525.48   2.907340   0.000059   0.000700   -1.438
  473823.70  5897528.39   2.906732   0.000058   0.000694   -1.448
  473823.63  5897531.29   2.906120   0.000058   0.000688   -1.458
  473823.56  5897534.20   2.905504   0.000057   0.000682   -1.468
  473823.48  5897537.10   2.904884   0.000057   0.000676   -1.477
  473823.41  5897540.00   2.904259   0.000056   0.000670   -1.486
  473823.33  5897542.91   2.903631   0.000056   0.000664   -1.496
  473823.25  5897545.81   2.902999   0.000055   0.000658   -1.505
  473823.18  5897548.71   2.902363   0.000055   0.000652   -1.514
  473823.10  5897551.61   2.901722   0.000054   0.000647   -1.523
  473823.02  5897554.51   2.901074   0.000054   0.000642   -1.532
  473822.94  5897557.41   2.900421   0.000053   0.000633   -1.541
  473822.87  5897560.31   2.899773   0.000052   0.000623   -1.550
  473822.79  5897563.21   2.899129   0.000052   0.000613   -1.559
  473822.71  5897566.11   2.898491   0.000051   0.000603   -1.567
  473822.63  5897569.00   2.897856   0.000050   0.000593   -1.576
  473822.55  5897571.90   2.897227   0.000049   0.000583   -1.584
  473822.47  5897574.80   2.896602   0.000048   0.000572   -1.592
  473822.39  5897577.69   2.895981   0.000047   0.000562   -1.600
  473822.31  5897580.59   2.895366   0.000047   0.000552   -1.608
  473822.22  5897583.48   2.894754   0.000046   0.000542   -1.616
  473822.14  5897586.37   2.894148   0.000045   0.000531   -1.623
  473822.06  5897589.27   2.893546   0.000044   0.000521   -1.631
  473821.98  5897592.16   2.892948   0.000043   0.000511   -1.638
  473821.89  5897595.05   2.892355   0.000042   0.000501   -1.645
  473821.81  5897597.94   2.891767   0.000041   0.000491   -1.652
  473821.73  5897600.83   2.891183   0.000041   0.000480   -1.659
  473821.64  5897603.72   2.890604   0.000040   0.000470   -1.666
  473821.56  5897606.61   2.890030   0.000039   0.000460   -1.673
  473821.47  5897609.50   2.889460   0.000038   0.000450   -1.679
  473821.39  5897612.39   2.888894   0.000037   0.000439   -1.685
  473821.30  5897615.27   2.888334   0.000036   0.000429   -1.691
  473821.22  5897618.16   2.887777   0.000036   0.000419   -1.698
  473821.13  5897621.05   2.887226   0.000035   0.000409   -1.703
  473821.05  5897623.93   2.886678   0.000034   0.000398   -1.709
  473820.96  5897626.82   2.886136   0.000033   0.000388   -1.715
  473820.87  5897629.70   2.885598   0.000032   0.000378   -1.720
  473820.79  5897632.59   2.885064   0.000031   0.000368   -1.725
  473820.70  5897635.47   2.884535   0.000030   0.000357   -1.731
  473820.61  5897638.35   2.884011   0.000029   0.000347   -1.736
  473820.52  5897641.23   2.883491   0.000029   0.000337   -1.741
  473820.44  5897644.12   2.882976   0.000028   0.000326   -1.745
  473820.35  5897647.00   2.882465   0.000027   0.000316   -1.750
  473820.26  5897649.88   2.881959   0.000026   0.000306   -1.754
  473820.17  5897652.76   2.881457   0.000025   0.000296   -1.759
  473820.08  5897655.64   2.880960   0.000024   0.000285   -1.763
  473819.99  5897658.52   2.880468   0.000023   0.000275   -1.767
  473819.91  5897661.40   2.879980   0.000023   0.000265   -1.771
  473819.82  5897664.28   2.879496   0.000022   0.000254   -1.774
  473819.73  5897667.15   2.879017   0.000021   0.000244   -1.778
  473819.64  5897670.03   2.878543   0.000020   0.000234   -1.781
  473819.55  5897672.91   2.878073   0.000019   0.000223   -1.785
  473819.46  5897675.78   2.877608   0.000018   0.000213   -1.788
  473819.37  5897678.66   2.877147   0.000017   0.000203   -1.791
  473819.28  5897681.54   2.876691   0.000016   0.000192   -1.794
  473819.19  5897684.41   2.876239   0.000016   0.000182   -1.796
  473819.10  5897687.29   2.875792   0.000015   0.000172   -1.799
  473819.01  5897690.16   2.875349   0.000014   0.000162   -1.801
  473818.92  5897693.03   2.874911   0.000013   0.000151   -1.804
  473818.83  5897695.91   2.874477   0.000012   0.000141   -1.806
  473818.74  5897698.78   2.874048   0.000011   0.000131   -1.808
  473818.64  5897701.65   2.873623   0.000010   0.000120   -1.810
  473818.55  5897704.52   2.873203   0.000009   0.000110   -1.811
  473818.46  5897707.39   2.872787   0.000009   0.000100   -1.813
  473818.37  5897710.27   2.872376   0.000008   0.000089   -1.814
  473818.28  5897713.14   2.871970   0.000007   0.000079   -1.815
  473818.19  5897716.01   2.871568   0.000006   0.000066   -1.817
  473818.10  5897718.88   2.871169   0.000005   0.000053   -1.818
  473818.01  5897721.75   2.870776   0.000004   0.000048   -1.818
  473817.92  5897724.62   2.870388   0.000004   0.000047   -1.819
  473817.83  5897727.48   2.870007   0.000004   0.000046   -1.820
  473817.73  5897730.35   2.869631   0.000004   0.000046   -1.820
  473817.64  5897733.22   2.869262   0.000004   0.000045   -1.821
  473817.55  5897736.09   2.868900   0.000004   0.000044   -1.822
  473817.46  5897738.96   2.868543   0.000004   0.000043   -1.822
  473817.37  5897741.82   2.868193   0.000004   0.000043   -1.823
  473817.28  5897744.69   2.867848   0.000004   0.000042   -1.823
  473817.19  5897747.56   2.867510   0.000004   0.000041   -1.824
  473817.10  5897750.42   2.867179   0.000003   0.000040   -1.825
  473817.00  5897753.29   2.866853   0.000003   0.000040   -1.825
  473816.91  5897756.15   2.866534   0.000003   0.000039   -1.826
  473816.82  5897759.02   2.866220   0.000003   0.000038   -1.826
  473816.73  5897761.88   2.865913   0.000003   0.000037   -1.827
  473816.64  5897764.75   2.865613   0.000003   0.000037   -1.827
  473816.55  5897767.61   2.865318   0.000003   0.000036   -1.828
  473816.46  5897770.47   2.865030   0.000003   0.000035   -1.828
  473816.36  5897773.34   2.864747   0.000003   0.000034   -1.829
  473816.27  5897776.20   2.864471   0.000003   0.000033   -1.829
  473816.18  5897779.06   2.864202   0.000003   0.000033   -1.830
  473816.09  5897781.93   2.863938   0.000003   0.000032   -1.830
  473816.00  5897784.79   2.863681   0.000003   0.000031   -1.831
  473815.91  5897787.65   2.863429   0.000003   0.000030   -1.831
  473815.82  5897790.51   2.863184   0.000003   0.000030   -1.832
  473815.72  5897793.37   2.862946   0.000002   0.000029   -1.832
  473815.63  5897796.23   2.862713   0.000002   0.000028   -1.832
  473815.54  5897799.10   2.862487   0.000002   0.000027   -1.833
  473815.45  5897801.96   2.862267   0.000002   0.000027   -1.833
  473815.36  5897804.82   2.862053   0.000002   0.000026   -1.834
  473815.27  5897807.68   2.861845   0.000002   0.000025   -1.834
  473815.17  5897810.54   2.861643   0.000002   0.000024   -1.834
  473815.08  5897813.40   2.861448   0.000002   0.000024   -1.835
  473814.99  5897816.26   2.861259   0.000002   0.000023   -1.835
  473814.90  5897819.12   2.861076   0.000002   0.000022   -1.835
  473814.81  5897821.98   2.860899   0.000002   0.000021   -1.836
  473814.72  5897824.84   2.860729   0.000002   0.000021   -1.836
  473814.62  5897827.70   2.860564   0.000002   0.000020   -1.836
  473814.53  5897830.56   2.860406   0.000002   0.000019   -1.836
  473814.44  5897833.41   2.860254   0.000002   0.000018   -1.837
  473814.35  5897836.27   2.860108   0.000002   0.000018   -1.837
  473814.26  5897839.13   2.859969   0.000001   0.000017   -1.837
  473814.17  5897841.99   2.859835   0.000001   0.000016   -1.837
  473814.07  5897844.85   2.859708   0.000001   0.000015   -1.838
  473813.98  5897847.71   2.859587   0.000001   0.000014   -1.838
  473813.89  5897850.56   2.859473   0.000001   0.000014   -1.838
  473813.80  5897853.42   2.859364   0.000001   0.000013   -1.838
  473813.71  5897856.28   2.859262   0.000001   0.000012   -1.838
  473813.62  5897859.14   2.859166   0.000001   0.000011   -1.839
  473813.52  5897862.00   2.859076   0.000001   0.000011   -1.839
  473813.43  5897864.85   2.858992   0.000001   0.000010   -1.839
  473813.34  5897867.71   2.858914   0.000001   0.000009   -1.839
  473813.25  5897870.57   2.858843   0.000001   0.000008   -1.839
  473813.16  5897873.43   2.858778   0.000001   0.000008   -1.839
  473813.07  5897876.28   2.858719   0.000001   0.000007   -1.839
  473812.97  5897879.14   2.858666   0.000001   0.000006   -1.840
  473812.88  5897882.00   2.858620   0.000000   0.000005   -1.840
  473812.79  5897884.85   2.858580   0.000000   0.000005   -1.840
  473812.70  5897887.71   2.858545   0.000000   0.000004   -1.840
  473812.61  5897890.57   2.858518   0.000000   0.000003   -1.840
  473812.51  5897893.43   2.858496   0.000000   0.000002   -1.840
  473812.42  5897896.28   2.858480   0.000000   0.000001   -1.840
  473812.33  5897899.14   2.858474   0.000000   0.000001   -1.840
