  473831.00  5894803.50   0.236493   0.000028   0.000002    0.000
  473831.22  5894803.41   0.237983   0.000054   0.000004  113.464
  473831.44  5894803.31   0.240961   0.000105   0.000009  113.465
  473831.66  5894803.22   0.243933   0.000152   0.000013  113.466
  473831.89  5894803.12   0.246897   0.000197   0.000017  113.468
  473832.11  5894803.02   0.249856   0.000239   0.000021  113.471
  473832.34  5894802.92   0.252807   0.000279   0.000025  113.475
  473832.58  5894802.82   0.255752   0.000316   0.000029  113.479
  473832.81  5894802.71   0.258691   0.000351   0.000033  113.483
  473833.05  5894802.61   0.261623   0.000384   0.000037  113.488
  473833.29  5894802.51   0.264549   0.000415   0.000041  113.494
  473833.54  5894802.40   0.267467   0.000445   0.000045  113.501
  473833.78  5894802.29   0.270380   0.000473   0.000049  113.507
  473834.03  5894802.18   0.273286   0.000499   0.000053  113.515
  473834.28  5894802.07   0.276185   0.000523   0.000056  113.522
  473834.54  5894801.96   0.279078   0.000547   0.000060  113.531
  473834.80  5894801.85   0.281964   0.000569   0.000064  113.539
  473835.06  5894801.74   0.284843   0.000589   0.000068  113.549
  473835.32  5894801.62   0.287716   0.000609   0.000071  113.558
  473835.58  5894801.51   0.290583   0.000628   0.000075  113.568
  473835.85  5894801.39   0.293443   0.000645   0.000079  113.579
  473836.12  5894801.27   0.296296   0.000662   0.000082  113.590
  473836.39  5894801.15   0.299143   0.000677   0.000086  113.601
  473836.67  5894801.03   0.301983   0.000692   0.000089  113.612
  473836.95  5894800.91   0.304817   0.000706   0.000093  113.624
  473837.23  5894800.79   0.307645   0.000720   0.000096  113.637
  473837.51  5894800.67   0.310465   0.000732   0.000100  113.649
  473837.80  5894800.54   0.313279   0.000744   0.000103  113.663
  473838.08  5894800.41   0.316087   0.000755   0.000107  113.676
  473838.38  5894800.29   0.318888   0.000766   0.000110  113.690
  473838.67  5894800.16   0.321683   0.000776   0.000114  113.704
  473838.96  5894800.03   0.324471   0.000786   0.000117  113.718
  473839.26  5894799.90   0.327252   0.000795   0.000120  113.732
  473839.56  5894799.76   0.330027   0.000803   0.000124  113.747
  473839.87  5894799.63   0.332796   0.000811   0.000127  113.763
  473840.17  5894799.50   0.335558   0.000819   0.000130  113.778
  473840.48  5894799.36   0.338313   0.000826   0.000134  113.794
  473840.79  5894799.22   0.341062   0.000833   0.000137  113.810
  473841.11  5894799.08   0.343805   0.000840   0.000140  113.826
  473841.42  5894798.95   0.346541   0.000846   0.000144  113.843
  473841.74  5894798.80   0.349270   0.000852   0.000147  113.859
  473842.06  5894798.66   0.351993   0.000857   0.000150  113.876
  473842.38  5894798.52   0.354709   0.000862   0.000153  113.894
  473842.71  5894798.38   0.357419   0.000867   0.000157  113.911
  473843.04  5894798.23   0.360123   0.000872   0.000160  113.929
  473843.37  5894798.08   0.362820   0.000876   0.000163  113.947
  473843.70  5894797.93   0.365510   0.000880   0.000166  113.965
  473844.03  5894797.79   0.368194   0.000884   0.000170  113.984
  473844.37  5894797.64   0.370871   0.000888   0.000173  114.002
  473844.71  5894797.48   0.373542   0.000892   0.000176  114.021
  473845.05  5894797.33   0.376207   0.000895   0.000179  114.040
  473845.40  5894797.18   0.378865   0.000898   0.000182  114.060
  473845.75  5894797.02   0.381516   0.000901   0.000185  114.079
  473846.10  5894796.87   0.384161   0.000904   0.000189  114.099
  473846.45  5894796.71   0.386799   0.000906   0.000192  114.119
  473846.80  5894796.55   0.389431   0.000909   0.000195  114.139
  473847.16  5894796.39   0.392057   0.000911   0.000198  114.159
  473847.52  5894796.23   0.394676   0.000913   0.000201  114.179
  473847.88  5894796.07   0.397289   0.000916   0.000204  114.200
  473848.24  5894795.90   0.399895   0.000917   0.000207  114.221
  473848.61  5894795.74   0.402494   0.000919   0.000211  114.242
  473848.98  5894795.57   0.405088   0.000921   0.000214  114.263
  473849.35  5894795.40   0.407674   0.000923   0.000217  114.285
  473849.72  5894795.24   0.410255   0.000924   0.000220  114.306
  473850.09  5894795.07   0.412829   0.000925   0.000223  114.328
  473850.47  5894794.90   0.415396   0.000927   0.000226  114.350
  473850.85  5894794.72   0.417957   0.000928   0.000229  114.372
  473851.23  5894794.55   0.420511   0.000929   0.000232  114.394
  473851.62  5894794.38   0.423059   0.000930   0.000235  114.416
  473852.00  5894794.20   0.425601   0.000931   0.000239  114.439
  473852.39  5894794.02   0.428136   0.000932   0.000242  114.462
  473852.78  5894793.85   0.430665   0.000933   0.000245  114.484
  473853.18  5894793.67   0.433187   0.000934   0.000248  114.508
  473853.57  5894793.49   0.435703   0.000934   0.000251  114.531
  473853.97  5894793.31   0.438212   0.000935   0.000254  114.554
  473854.37  5894793.12   0.440715   0.000936   0.000257  114.577
  473854.77  5894792.94   0.443212   0.000936   0.000260  114.601
  473855.17  5894792.75   0.445702   0.000937   0.000263  114.625
  473855.58  5894792.57   0.448186   0.000937   0.000266  114.649
  473855.99  5894792.38   0.450663   0.000938   0.000269  114.673
  473856.40  5894792.19   0.453134   0.000938   0.000272  114.697
  473856.81  5894792.00   0.455599   0.000938   0.000275  114.721
  473857.23  5894791.81   0.458057   0.000939   0.000279  114.746
  473857.64  5894791.62   0.460508   0.000939   0.000282  114.771
  473858.06  5894791.42   0.462954   0.000939   0.000285  114.795
  473858.48  5894791.23   0.465393   0.000939   0.000288  114.820
  473858.91  5894791.03   0.467825   0.000939   0.000291  114.845
  473859.33  5894790.84   0.470251   0.000940   0.000294  114.870
  473859.76  5894790.64   0.472671   0.000940   0.000297  114.896
  473860.19  5894790.44   0.475084   0.000940   0.000300  114.921
  473860.62  5894790.24   0.477491   0.000940   0.000303  114.947
  473861.06  5894790.03   0.479892   0.000940   0.000306  114.973
  473861.49  5894789.83   0.482286   0.000940   0.000309  114.998
  473861.93  5894789.63   0.484674   0.000940   0.000312  115.024
  473862.37  5894789.42   0.487055   0.000940   0.000315  115.050
  473862.81  5894789.21   0.489430   0.000940   0.000318  115.077
  473863.26  5894789.01   0.491799   0.000940   0.000321  115.103
  473863.70  5894788.80   0.494161   0.000940   0.000325  115.130
  473864.15  5894788.59   0.496517   0.000940   0.000328  115.156
  473864.60  5894788.37   0.498867   0.000940   0.000331  115.183
  473865.05  5894788.16   0.501210   0.000939   0.000334  115.210
  473865.51  5894787.95   0.503547   0.000939   0.000337  115.237
  473865.96  5894787.73   0.505877   0.000939   0.000340  115.264
  473866.42  5894787.51   0.508202   0.000939   0.000343  115.291
  473866.88  5894787.30   0.510520   0.000939   0.000346  115.318
  473867.35  5894787.08   0.512831   0.000939   0.000349  115.346
  473867.81  5894786.86   0.515136   0.000939   0.000352  115.373
  473868.28  5894786.64   0.517435   0.000938   0.000355  115.401
  473868.75  5894786.41   0.519728   0.000938   0.000358  115.429
  473869.22  5894786.19   0.522014   0.000938   0.000362  115.457
  473869.69  5894785.96   0.524294   0.000938   0.000365  115.485
  473870.16  5894785.74   0.526567   0.000938   0.000368  115.513
  473870.64  5894785.51   0.528834   0.000938   0.000371  115.541
  473871.12  5894785.28   0.531095   0.000937   0.000374  115.570
  473871.60  5894785.05   0.533350   0.000937   0.000377  115.598
  473872.08  5894784.82   0.535598   0.000937   0.000380  115.627
  473872.56  5894784.59   0.537840   0.000937   0.000383  115.656
  473873.05  5894784.35   0.540076   0.000937   0.000386  115.685
  473873.54  5894784.12   0.542305   0.000936   0.000389  115.714
  473874.02  5894783.88   0.544528   0.000936   0.000393  115.743
  473874.52  5894783.65   0.546745   0.000936   0.000396  115.772
  473875.01  5894783.41   0.548956   0.000936   0.000399  115.801
  473875.50  5894783.17   0.551160   0.000936   0.000402  115.831
  473876.00  5894782.93   0.553358   0.000935   0.000405  115.860
  473876.50  5894782.69   0.555550   0.000935   0.000408  115.890
  473877.00  5894782.44   0.557735   0.000935   0.000411  115.920
  473877.50  5894782.20   0.559915   0.000935   0.000414  115.950
  473878.01  5894781.95   0.562088   0.000935   0.000418  115.980
  473878.51  5894781.70   0.564254   0.000935   0.000421  116.010
  473879.02  5894781.46   0.566413   0.000934   0.000424  116.040
  473879.53  5894781.21   0.568565   0.000934   0.000427  116.070
  473880.04  5894780.96   0.570710   0.000934   0.000430  116.101
  473880.56  5894780.70   0.572848   0.000934   0.000434  116.131
  473881.07  5894780.45   0.574979   0.000934   0.000437  116.162
  473881.59  5894780.20   0.577103   0.000934   0.000440  116.193
  473882.11  5894779.94   0.579219   0.000934   0.000443  116.223
  473882.63  5894779.69   0.581329   0.000934   0.000446  116.254
  473883.15  5894779.43   0.583432   0.000934   0.000450  116.286
  473883.67  5894779.17   0.585527   0.000934   0.000453  116.317
  473884.20  5894778.91   0.587615   0.000934   0.000456  116.348
  473884.73  5894778.65   0.589697   0.000934   0.000459  116.380
  473885.26  5894778.38   0.591771   0.000934   0.000463  116.411
  473885.79  5894778.12   0.593839   0.000934   0.000466  116.443
  473886.32  5894777.85   0.595899   0.000934   0.000469  116.475
  473886.85  5894777.59   0.597952   0.000934   0.000472  116.506
  473887.39  5894777.32   0.599998   0.000934   0.000476  116.538
  473887.93  5894777.05   0.602037   0.000934   0.000479  116.571
  473888.47  5894776.78   0.604070   0.000934   0.000482  116.603
  473889.01  5894776.51   0.606095   0.000934   0.000485  116.635
  473889.55  5894776.24   0.608113   0.000934   0.000489  116.668
  473890.09  5894775.96   0.610124   0.000934   0.000492  116.700
  473890.64  5894775.69   0.612128   0.000935   0.000495  116.733
  473891.19  5894775.41   0.614125   0.000935   0.000499  116.766
  473891.74  5894775.14   0.616116   0.000935   0.000502  116.798
  473892.29  5894774.86   0.618099   0.000935   0.000505  116.831
  473892.84  5894774.58   0.620075   0.000935   0.000509  116.865
  473893.39  5894774.30   0.622044   0.000935   0.000512  116.898
  473893.95  5894774.01   0.624006   0.000936   0.000515  116.931
  473894.50  5894773.73   0.625961   0.000936   0.000519  116.965
  473895.06  5894773.45   0.627910   0.000936   0.000522  116.998
  473895.62  5894773.16   0.629851   0.000936   0.000525  117.032
  473896.19  5894772.87   0.631785   0.000936   0.000529  117.066
  473896.75  5894772.59   0.633713   0.000937   0.000532  117.100
  473897.31  5894772.30   0.635633   0.000937   0.000535  117.134
  473897.88  5894772.01   0.637547   0.000937   0.000539  117.168
  473898.45  5894771.71   0.639453   0.000937   0.000542  117.202
  473899.02  5894771.42   0.641353   0.000938   0.000545  117.236
  473899.59  5894771.13   0.643245   0.000938   0.000549  117.271
  473900.16  5894770.83   0.645131   0.000938   0.000552  117.305
  473900.73  5894770.53   0.647010   0.000939   0.000556  117.340
  473901.31  5894770.24   0.648882   0.000939   0.000559  117.375
  473901.89  5894769.94   0.650747   0.000939   0.000563  117.410
  473902.47  5894769.64   0.652605   0.000940   0.000566  117.445
  473903.04  5894769.33   0.654456   0.000940   0.000569  117.480
  473903.63  5894769.03   0.656300   0.000940   0.000573  117.515
  473904.21  5894768.73   0.658137   0.000941   0.000576  117.550
  473904.79  5894768.42   0.659968   0.000941   0.000580  117.586
  473905.38  5894768.12   0.661791   0.000942   0.000583  117.621
  473905.97  5894767.81   0.663608   0.000942   0.000587  117.657
  473906.55  5894767.50   0.665417   0.000943   0.000590  117.693
  473907.14  5894767.19   0.667220   0.000943   0.000594  117.729
  473907.73  5894766.88   0.669016   0.000943   0.000597  117.765
  473908.33  5894766.57   0.670805   0.000944   0.000601  117.801
  473908.92  5894766.25   0.672588   0.000944   0.000604  117.837
  473909.52  5894765.94   0.674363   0.000945   0.000608  117.874
  473910.11  5894765.62   0.676132   0.000945   0.000611  117.910
  473910.71  5894765.30   0.677893   0.000946   0.000615  117.947
  473911.31  5894764.99   0.679648   0.000947   0.000618  117.984
  473911.91  5894764.67   0.681396   0.000947   0.000622  118.021
  473912.51  5894764.35   0.683137   0.000948   0.000625  118.058
  473913.12  5894764.02   0.684872   0.000948   0.000629  118.095
  473913.72  5894763.70   0.686599   0.000949   0.000633  118.132
  473914.33  5894763.38   0.688320   0.000949   0.000636  118.169
  473914.94  5894763.05   0.690034   0.000950   0.000640  118.207
  473915.54  5894762.72   0.691741   0.000951   0.000643  118.244
  473916.15  5894762.39   0.693441   0.000951   0.000647  118.282
  473916.76  5894762.07   0.695134   0.000952   0.000651  118.320
  473917.38  5894761.73   0.696821   0.000953   0.000654  118.358
  473917.99  5894761.40   0.698501   0.000953   0.000658  118.396
  473918.61  5894761.07   0.700174   0.000954   0.000661  118.434
  473919.22  5894760.74   0.701840   0.000955   0.000665  118.472
  473919.84  5894760.40   0.703500   0.000956   0.000669  118.510
  473920.46  5894760.06   0.705153   0.000956   0.000672  118.549
  473921.08  5894759.73   0.706798   0.000957   0.000676  118.588
  473921.70  5894759.39   0.708438   0.000958   0.000680  118.626
  473922.32  5894759.05   0.710070   0.000959   0.000684  118.665
  473922.95  5894758.71   0.711696   0.000959   0.000687  118.704
  473923.57  5894758.36   0.713315   0.000960   0.000691  118.743
  473924.20  5894758.02   0.714927   0.000961   0.000695  118.783
  473924.82  5894757.67   0.716533   0.000962   0.000698  118.822
  473925.45  5894757.33   0.718131   0.000963   0.000702  118.861
  473926.08  5894756.98   0.719723   0.000963   0.000706  118.901
  473926.71  5894756.63   0.721309   0.000964   0.000710  118.941
  473927.34  5894756.28   0.722887   0.000965   0.000713  118.981
  473927.98  5894755.93   0.724459   0.000966   0.000717  119.021
  473928.61  5894755.58   0.726024   0.000967   0.000721  119.061
  473929.24  5894755.22   0.727583   0.000968   0.000725  119.101
  473929.88  5894754.87   0.729135   0.000969   0.000728  119.141
  473930.52  5894754.51   0.730680   0.000970   0.000732  119.182
  473931.16  5894754.16   0.732218   0.000971   0.000736  119.222
  473931.80  5894753.80   0.733750   0.000972   0.000740  119.263
  473932.44  5894753.44   0.735275   0.000973   0.000744  119.304
  473933.08  5894753.08   0.736794   0.000974   0.000748  119.345
  473933.72  5894752.72   0.738306   0.000975   0.000751  119.386
  473934.36  5894752.35   0.739811   0.000976   0.000755  119.427
  473935.01  5894751.99   0.741309   0.000977   0.000759  119.469
  473935.65  5894751.62   0.742801   0.000978   0.000763  119.510
  473936.30  5894751.26   0.744286   0.000979   0.000767  119.552
  473936.95  5894750.89   0.745765   0.000980   0.000771  119.593
  473937.60  5894750.52   0.747237   0.000981   0.000775  119.635
  473938.25  5894750.15   0.748702   0.000982   0.000779  119.677
  473938.90  5894749.78   0.750161   0.000983   0.000782  119.719
  473939.55  5894749.41   0.751613   0.000984   0.000786  119.762
  473940.20  5894749.03   0.753059   0.000985   0.000790  119.804
  473940.86  5894748.66   0.754498   0.000987   0.000794  119.847
  473941.51  5894748.28   0.755930   0.000988   0.000798  119.889
  473942.17  5894747.90   0.757356   0.000989   0.000802  119.932
  473942.82  5894747.52   0.758775   0.000990   0.000806  119.975
  473943.48  5894747.14   0.760188   0.000991   0.000810  120.018
  473944.14  5894746.76   0.761594   0.000993   0.000814  120.061
  473944.80  5894746.38   0.762994   0.000994   0.000818  120.105
  473945.46  5894746.00   0.764387   0.000995   0.000822  120.148
  473946.12  5894745.61   0.765774   0.000996   0.000826  120.192
  473946.78  5894745.23   0.767154   0.000998   0.000830  120.235
  473947.45  5894744.84   0.768527   0.000999   0.000834  120.279
  473948.11  5894744.45   0.769894   0.001000   0.000838  120.323
  473948.78  5894744.06   0.771254   0.001001   0.000842  120.367
  473949.44  5894743.67   0.772608   0.001003   0.000847  120.412
  473950.11  5894743.28   0.773956   0.001004   0.000851  120.456
  473950.78  5894742.88   0.775297   0.001006   0.000855  120.500
  473951.44  5894742.49   0.776631   0.001007   0.000859  120.545
  473952.11  5894742.09   0.777959   0.001008   0.000863  120.590
  473952.78  5894741.70   0.779281   0.001010   0.000867  120.635
  473953.45  5894741.30   0.780596   0.001011   0.000871  120.680
  473954.13  5894740.90   0.781904   0.001012   0.000875  120.725
  473954.80  5894740.50   0.783206   0.001014   0.000880  120.770
  473955.47  5894740.10   0.784502   0.001015   0.000884  120.816
  473956.15  5894739.70   0.785791   0.001017   0.000888  120.862
  473956.82  5894739.29   0.787074   0.001018   0.000892  120.907
  473957.50  5894738.89   0.788351   0.001020   0.000896  120.953
  473958.17  5894738.48   0.789621   0.001021   0.000901  120.999
  473958.85  5894738.07   0.790884   0.001023   0.000905  121.046
  473959.53  5894737.66   0.792141   0.001024   0.000909  121.092
  473960.21  5894737.25   0.793392   0.001026   0.000913  121.138
  473960.88  5894736.84   0.794637   0.001027   0.000917  121.185
  473961.56  5894736.43   0.795875   0.001029   0.000922  121.232
  473962.25  5894736.02   0.797106   0.001031   0.000926  121.279
  473962.93  5894735.60   0.798332   0.001032   0.000930  121.326
  473963.61  5894735.19   0.799551   0.001034   0.000935  121.373
  473964.29  5894734.77   0.800763   0.001035   0.000939  121.420
  473964.98  5894734.35   0.801969   0.001037   0.000943  121.468
  473965.66  5894733.93   0.803169   0.001039   0.000948  121.516
  473966.34  5894733.51   0.804363   0.001040   0.000952  121.563
  473967.03  5894733.09   0.805550   0.001042   0.000956  121.611
  473967.72  5894732.67   0.806731   0.001044   0.000961  121.659
  473968.40  5894732.24   0.807906   0.001045   0.000965  121.708
  473969.09  5894731.82   0.809074   0.001047   0.000969  121.756
  473969.78  5894731.39   0.810236   0.001049   0.000974  121.805
  473970.47  5894730.96   0.811392   0.001051   0.000978  121.853
  473971.16  5894730.53   0.812542   0.001052   0.000983  121.902
  473971.85  5894730.10   0.813685   0.001054   0.000987  121.951
  473972.54  5894729.67   0.814822   0.001056   0.000992  122.000
  473973.23  5894729.24   0.815953   0.001058   0.000996  122.050
  473973.92  5894728.80   0.817077   0.001060   0.001001  122.099
  473974.61  5894728.37   0.818195   0.001062   0.001005  122.149
  473975.30  5894727.93   0.819308   0.001063   0.001010  122.198
  473976.00  5894727.50   0.820413   0.001065   0.001014  122.248
  473976.69  5894727.06   0.821513   0.001067   0.001019  122.298
  473977.39  5894726.62   0.822607   0.001069   0.001023  122.349
  473978.08  5894726.18   0.823694   0.001071   0.001028  122.399
  473978.78  5894725.73   0.824775   0.001073   0.001033  122.450
  473979.47  5894725.29   0.825849   0.001076   0.001038  122.500
  473980.17  5894724.85   0.826916   0.001077   0.001041  122.551
  473980.87  5894724.40   0.827980   0.001077   0.001044  122.602
  473981.56  5894723.95   0.829040   0.001077   0.001047  122.653
  473982.26  5894723.50   0.830096   0.001077   0.001050  122.704
  473982.96  5894723.05   0.831149   0.001077   0.001052  122.756
  473983.66  5894722.60   0.832198   0.001077   0.001055  122.807
  473984.36  5894722.15   0.833243   0.001077   0.001058  122.858
  473985.06  5894721.70   0.834284   0.001077   0.001061  122.910
  473985.76  5894721.25   0.835322   0.001078   0.001063  122.961
  473986.46  5894720.79   0.836356   0.001078   0.001066  123.013
  473987.16  5894720.33   0.837386   0.001078   0.001069  123.065
  473987.86  5894719.88   0.838413   0.001078   0.001072  123.116
  473988.57  5894719.42   0.839436   0.001078   0.001075  123.168
  473989.27  5894718.96   0.840455   0.001079   0.001077  123.220
  473989.97  5894718.50   0.841470   0.001079   0.001080  123.272
  473990.68  5894718.03   0.842482   0.001079   0.001083  123.324
  473991.38  5894717.57   0.843490   0.001079   0.001086  123.376
  473992.08  5894717.10   0.844495   0.001080   0.001089  123.428
  473992.79  5894716.64   0.845496   0.001080   0.001092  123.480
  473993.49  5894716.17   0.846493   0.001080   0.001095  123.533
  473994.20  5894715.70   0.847486   0.001080   0.001097  123.585
  473994.91  5894715.23   0.848476   0.001082   0.001102  123.637
  473995.61  5894714.76   0.849461   0.001084   0.001106  123.690
  473996.32  5894714.29   0.850442   0.001081   0.001106  123.743
  473997.03  5894713.82   0.851423   0.001077   0.001104  123.796
  473997.73  5894713.34   0.852402   0.001072   0.001101  123.848
  473998.44  5894712.87   0.853380   0.001067   0.001099  123.900
  473999.15  5894712.39   0.854357   0.001062   0.001096  123.953
  473999.86  5894711.91   0.855333   0.001057   0.001094  124.005
  474000.57  5894711.43   0.856307   0.001053   0.001091  124.056
  474001.28  5894710.95   0.857281   0.001048   0.001089  124.108
  474001.99  5894710.47   0.858254   0.001043   0.001087  124.160
  474002.70  5894709.99   0.859225   0.001038   0.001084  124.211
  474003.41  5894709.50   0.860195   0.001034   0.001082  124.262
  474004.12  5894709.02   0.861165   0.001029   0.001079  124.313
  474004.83  5894708.53   0.862133   0.001025   0.001077  124.364
  474005.54  5894708.04   0.863099   0.001020   0.001075  124.414
  474006.25  5894707.55   0.864065   0.001016   0.001072  124.465
  474006.97  5894707.06   0.865030   0.001011   0.001070  124.515
  474007.68  5894706.57   0.865993   0.001007   0.001068  124.565
  474008.39  5894706.08   0.866956   0.001002   0.001065  124.615
  474009.10  5894705.59   0.867917   0.000998   0.001063  124.665
  474009.82  5894705.09   0.868877   0.000993   0.001061  124.715
  474010.53  5894704.60   0.869836   0.000989   0.001058  124.764
  474011.25  5894704.10   0.870793   0.000985   0.001056  124.813
  474011.96  5894703.60   0.871750   0.000980   0.001054  124.862
  474012.68  5894703.10   0.872705   0.000976   0.001051  124.911
  474013.39  5894702.60   0.873659   0.000972   0.001049  124.960
  474014.11  5894702.10   0.874612   0.000968   0.001047  125.009
  474014.83  5894701.60   0.875564   0.000964   0.001045  125.057
  474015.54  5894701.10   0.876515   0.000959   0.001042  125.106
  474016.26  5894700.59   0.877464   0.000955   0.001040  125.154
  474016.98  5894700.08   0.878412   0.000951   0.001038  125.202
  474017.69  5894699.58   0.879359   0.000947   0.001036  125.250
  474018.41  5894699.07   0.880305   0.000943   0.001033  125.297
  474019.13  5894698.56   0.881249   0.000939   0.001031  125.345
  474019.85  5894698.05   0.882193   0.000935   0.001029  125.392
  474020.57  5894697.54   0.883135   0.000931   0.001027  125.440
  474021.29  5894697.02   0.884076   0.000927   0.001025  125.487
  474022.01  5894696.51   0.885015   0.000923   0.001022  125.534
  474022.73  5894695.99   0.885954   0.000919   0.001020  125.581
  474023.45  5894695.48   0.886891   0.000915   0.001018  125.627
  474024.17  5894694.96   0.887827   0.000911   0.001016  125.674
  474024.89  5894694.44   0.888762   0.000907   0.001014  125.720
  474025.61  5894693.92   0.889695   0.000904   0.001011  125.766
  474026.33  5894693.40   0.890627   0.000900   0.001009  125.812
  474027.06  5894692.88   0.891558   0.000896   0.001007  125.858
  474027.78  5894692.36   0.892488   0.000892   0.001005  125.904
  474028.50  5894691.83   0.893416   0.000888   0.001003  125.950
  474029.22  5894691.31   0.894343   0.000885   0.001001  125.995
  474029.95  5894690.78   0.895269   0.000881   0.000999  126.040
  474030.67  5894690.25   0.896194   0.000877   0.000996  126.086
  474031.40  5894689.72   0.897117   0.000874   0.000994  126.131
  474032.12  5894689.19   0.898039   0.000870   0.000992  126.176
  474032.85  5894688.66   0.898960   0.000866   0.000990  126.220
  474033.57  5894688.13   0.899879   0.000863   0.000988  126.265
  474034.30  5894687.60   0.900797   0.000859   0.000986  126.309
  474035.02  5894687.06   0.901714   0.000856   0.000984  126.354
  474035.75  5894686.53   0.902630   0.000852   0.000982  126.398
  474036.47  5894685.99   0.903544   0.000849   0.000980  126.442
  474037.20  5894685.45   0.904457   0.000845   0.000978  126.486
  474037.93  5894684.92   0.905369   0.000842   0.000976  126.530
  474038.66  5894684.38   0.906279   0.000838   0.000974  126.573
  474039.38  5894683.84   0.907188   0.000835   0.000972  126.617
  474040.11  5894683.29   0.908096   0.000831   0.000970  126.660
  474040.84  5894682.75   0.909002   0.000828   0.000968  126.704
  474041.57  5894682.21   0.909907   0.000825   0.000966  126.747
  474042.30  5894681.66   0.910811   0.000821   0.000963  126.790
  474043.03  5894681.11   0.911713   0.000818   0.000961  126.833
  474043.76  5894680.57   0.912615   0.000815   0.000959  126.875
  474044.49  5894680.02   0.913514   0.000811   0.000957  126.918
  474045.22  5894679.47   0.914413   0.000808   0.000956  126.960
  474045.95  5894678.92   0.915310   0.000805   0.000954  127.003
  474046.68  5894678.37   0.916205   0.000802   0.000952  127.045
  474047.41  5894677.81   0.917100   0.000798   0.000950  127.087
  474048.14  5894677.26   0.917993   0.000795   0.000948  127.129
  474048.87  5894676.71   0.918884   0.000792   0.000946  127.171
  474049.61  5894676.15   0.919775   0.000789   0.000944  127.212
  474050.34  5894675.59   0.920664   0.000786   0.000942  127.254
  474051.07  5894675.03   0.921551   0.000783   0.000940  127.295
  474051.80  5894674.48   0.922437   0.000779   0.000938  127.337
  474052.54  5894673.92   0.923322   0.000776   0.000936  127.378
  474053.27  5894673.35   0.924206   0.000773   0.000934  127.419
  474054.01  5894672.79   0.925088   0.000770   0.000932  127.460
  474054.74  5894672.23   0.925968   0.000767   0.000930  127.501
  474055.47  5894671.66   0.926848   0.000764   0.000928  127.542
  474056.21  5894671.10   0.927726   0.000761   0.000926  127.582
  474056.94  5894670.53   0.928602   0.000758   0.000925  127.623
  474057.68  5894669.96   0.929477   0.000755   0.000923  127.663
  474058.42  5894669.39   0.930351   0.000752   0.000921  127.703
  474059.15  5894668.83   0.931223   0.000749   0.000919  127.743
  474059.89  5894668.25   0.932094   0.000746   0.000917  127.783
  474060.62  5894667.68   0.932964   0.000743   0.000915  127.823
  474061.36  5894667.11   0.933832   0.000741   0.000913  127.863
  474062.10  5894666.54   0.934699   0.000738   0.000911  127.902
  474062.84  5894665.96   0.935564   0.000735   0.000910  127.942
  474063.57  5894665.38   0.936428   0.000732   0.000908  127.981
  474064.31  5894664.81   0.937290   0.000729   0.000906  128.021
  474065.05  5894664.23   0.938151   0.000726   0.000904  128.060
  474065.79  5894663.65   0.939011   0.000724   0.000902  128.099
  474066.53  5894663.07   0.939869   0.000721   0.000900  128.138
  474067.27  5894662.49   0.940726   0.000718   0.000899  128.177
  474068.01  5894661.91   0.941581   0.000715   0.000897  128.215
  474068.75  5894661.32   0.942435   0.000713   0.000895  128.254
  474069.49  5894660.74   0.943288   0.000710   0.000893  128.292
  474070.23  5894660.15   0.944139   0.000707   0.000891  128.331
  474070.97  5894659.57   0.944989   0.000704   0.000890  128.369
  474071.71  5894658.98   0.945837   0.000702   0.000888  128.407
  474072.45  5894658.39   0.946683   0.000699   0.000886  128.445
  474073.19  5894657.80   0.947529   0.000697   0.000884  128.483
  474073.93  5894657.21   0.948373   0.000694   0.000883  128.521
  474074.67  5894656.62   0.949215   0.000691   0.000881  128.559
  474075.42  5894656.03   0.950056   0.000689   0.000879  128.596
  474076.16  5894655.44   0.950895   0.000686   0.000877  128.634
  474076.90  5894654.84   0.951733   0.000684   0.000876  128.671
  474077.64  5894654.25   0.952570   0.000681   0.000874  128.708
  474078.39  5894653.65   0.953405   0.000678   0.000872  128.745
  474079.13  5894653.05   0.954239   0.000676   0.000870  128.783
  474079.87  5894652.45   0.955071   0.000673   0.000869  128.819
  474080.62  5894651.85   0.955901   0.000671   0.000867  128.856
  474081.36  5894651.25   0.956731   0.000668   0.000865  128.893
  474082.11  5894650.65   0.957558   0.000666   0.000864  128.930
  474082.85  5894650.05   0.958385   0.000663   0.000862  128.966
  474083.60  5894649.45   0.959209   0.000661   0.000860  129.003
  474084.34  5894648.84   0.960033   0.000659   0.000858  129.039
  474085.09  5894648.24   0.960855   0.000656   0.000857  129.075
  474085.83  5894647.63   0.961675   0.000654   0.000855  129.111
  474086.58  5894647.02   0.962494   0.000651   0.000853  129.147
  474087.33  5894646.41   0.963311   0.000649   0.000852  129.183
  474088.07  5894645.80   0.964127   0.000647   0.000850  129.219
  474088.82  5894645.19   0.964941   0.000644   0.000848  129.255
  474089.57  5894644.58   0.965754   0.000642   0.000847  129.290
  474090.31  5894643.97   0.966565   0.000640   0.000845  129.326
  474091.06  5894643.36   0.967375   0.000637   0.000843  129.361
  474091.81  5894642.74   0.968184   0.000635   0.000842  129.397
  474092.56  5894642.13   0.968990   0.000633   0.000840  129.432
  474093.31  5894641.51   0.969796   0.000630   0.000839  129.467
  474094.06  5894640.89   0.970600   0.000628   0.000837  129.502
  474094.80  5894640.28   0.971402   0.000626   0.000835  129.537
  474095.55  5894639.66   0.972203   0.000624   0.000834  129.572
  474096.30  5894639.04   0.973002   0.000622   0.000832  129.607
  474097.05  5894638.42   0.973800   0.000619   0.000831  129.641
  474097.80  5894637.79   0.974596   0.000617   0.000829  129.676
  474098.55  5894637.17   0.975391   0.000615   0.000827  129.710
  474099.30  5894636.55   0.976184   0.000613   0.000826  129.745
  474100.05  5894635.92   0.976975   0.000611   0.000824  129.779
  474100.80  5894635.30   0.977766   0.000608   0.000823  129.813
  474101.55  5894634.67   0.978554   0.000606   0.000821  129.847
  474102.31  5894634.04   0.979341   0.000604   0.000819  129.881
  474103.06  5894633.41   0.980127   0.000602   0.000818  129.915
  474103.81  5894632.78   0.980911   0.000600   0.000816  129.949
  474104.56  5894632.15   0.981693   0.000598   0.000815  129.983
  474105.31  5894631.52   0.982474   0.000596   0.000813  130.016
  474106.07  5894630.89   0.983253   0.000594   0.000812  130.050
  474106.82  5894630.26   0.984031   0.000592   0.000810  130.083
  474107.57  5894629.62   0.984808   0.000589   0.000809  130.117
  474108.32  5894628.99   0.985582   0.000587   0.000807  130.150
  474109.08  5894628.35   0.986355   0.000585   0.000805  130.183
  474109.83  5894627.71   0.987127   0.000583   0.000804  130.216
  474110.58  5894627.08   0.987897   0.000581   0.000802  130.249
  474111.34  5894626.44   0.988666   0.000579   0.000801  130.282
  474112.09  5894625.80   0.989433   0.000577   0.000799  130.315
  474112.85  5894625.16   0.990198   0.000575   0.000798  130.348
  474113.60  5894624.51   0.990962   0.000573   0.000796  130.380
  474114.36  5894623.87   0.991724   0.000571   0.000795  130.413
  474115.11  5894623.23   0.992485   0.000570   0.000793  130.445
  474115.87  5894622.58   0.993244   0.000568   0.000792  130.478
  474116.62  5894621.94   0.994001   0.000566   0.000790  130.510
  474117.38  5894621.29   0.994757   0.000564   0.000789  130.542
  474118.13  5894620.64   0.995512   0.000562   0.000787  130.574
  474118.89  5894620.00   0.996265   0.000560   0.000786  130.606
  474119.65  5894619.35   0.997016   0.000558   0.000784  130.638
  474120.40  5894618.70   0.997766   0.000556   0.000783  130.670
  474121.16  5894618.05   0.998514   0.000554   0.000782  130.702
  474121.92  5894617.39   0.999260   0.000552   0.000780  130.734
  474122.67  5894616.74   1.000005   0.000551   0.000779  130.765
  474123.43  5894616.09   1.000748   0.000549   0.000777  130.797
  474124.19  5894615.43   1.001490   0.000547   0.000776  130.828
  474124.95  5894614.78   1.002230   0.000545   0.000774  130.860
  474125.70  5894614.12   1.002969   0.000543   0.000773  130.891
  474126.46  5894613.46   1.003706   0.000541   0.000771  130.922
  474127.22  5894612.81   1.004441   0.000540   0.000770  130.953
  474127.98  5894612.15   1.005175   0.000538   0.000769  130.984
  474128.74  5894611.49   1.005907   0.000536   0.000767  131.015
  474129.50  5894610.83   1.006638   0.000534   0.000766  131.046
  474130.26  5894610.16   1.007367   0.000533   0.000764  131.077
  474131.01  5894609.50   1.008094   0.000531   0.000763  131.108
  474131.77  5894608.84   1.008820   0.000529   0.000762  131.138
  474132.53  5894608.17   1.009544   0.000527   0.000760  131.169
  474133.29  5894607.51   1.010267   0.000526   0.000759  131.200
  474134.05  5894606.84   1.010988   0.000524   0.000757  131.230
  474134.81  5894606.18   1.011707   0.000522   0.000756  131.260
  474135.57  5894605.51   1.012425   0.000521   0.000755  131.291
  474136.33  5894604.84   1.013141   0.000519   0.000753  131.321
  474137.10  5894604.17   1.013856   0.000517   0.000752  131.351
  474137.86  5894603.50   1.014569   0.000516   0.000750  131.381
  474138.62  5894602.83   1.015280   0.000514   0.000749  131.411
  474139.38  5894602.16   1.015990   0.000512   0.000748  131.441
  474140.14  5894601.48   1.016698   0.000511   0.000746  131.471
  474140.90  5894600.81   1.017404   0.000509   0.000745  131.500
  474141.66  5894600.13   1.018109   0.000507   0.000744  131.530
  474142.43  5894599.46   1.018812   0.000506   0.000742  131.560
  474143.19  5894598.78   1.019514   0.000504   0.000741  131.589
  474143.95  5894598.10   1.020214   0.000502   0.000740  131.619
  474144.71  5894597.43   1.020912   0.000501   0.000738  131.648
  474145.48  5894596.75   1.021609   0.000499   0.000737  131.677
  474146.24  5894596.07   1.022304   0.000498   0.000736  131.706
  474147.00  5894595.39   1.022997   0.000496   0.000734  131.736
  474147.77  5894594.71   1.023689   0.000495   0.000733  131.765
  474148.53  5894594.02   1.024379   0.000493   0.000732  131.794
  474149.29  5894593.34   1.025068   0.000491   0.000730  131.823
  474150.06  5894592.66   1.025754   0.000490   0.000729  131.852
  474150.82  5894591.97   1.026440   0.000488   0.000728  131.880
  474151.59  5894591.28   1.027123   0.000487   0.000726  131.909
  474152.35  5894590.60   1.027805   0.000485   0.000725  131.938
  474153.11  5894589.91   1.028485   0.000484   0.000724  131.966
  474153.88  5894589.22   1.029164   0.000482   0.000723  131.995
  474154.64  5894588.53   1.029841   0.000481   0.000721  132.023
  474155.41  5894587.84   1.030516   0.000479   0.000720  132.052
  474156.17  5894587.15   1.031190   0.000478   0.000719  132.080
  474156.94  5894586.46   1.031862   0.000476   0.000717  132.108
  474157.70  5894585.77   1.032533   0.000475   0.000716  132.136
  474158.47  5894585.07   1.033201   0.000474   0.000715  132.164
  474159.24  5894584.38   1.033868   0.000472   0.000714  132.192
  474160.00  5894583.69   1.034534   0.000471   0.000712  132.220
  474160.77  5894582.99   1.035198   0.000469   0.000711  132.248
  474161.53  5894582.29   1.035860   0.000468   0.000710  132.276
  474162.30  5894581.60   1.036520   0.000466   0.000709  132.304
  474163.07  5894580.90   1.037179   0.000465   0.000707  132.332
  474163.83  5894580.20   1.037836   0.000464   0.000706  132.359
  474164.60  5894579.50   1.038492   0.000462   0.000705  132.387
  474165.37  5894578.80   1.039145   0.000461   0.000704  132.414
  474166.13  5894578.10   1.039798   0.000459   0.000702  132.442
  474166.90  5894577.39   1.040448   0.000458   0.000701  132.469
  474167.67  5894576.69   1.041097   0.000457   0.000700  132.496
  474168.44  5894575.99   1.041744   0.000455   0.000699  132.524
  474169.20  5894575.28   1.042389   0.000454   0.000697  132.551
  474169.97  5894574.58   1.043033   0.000453   0.000696  132.578
  474170.74  5894573.87   1.043675   0.000451   0.000695  132.605
  474171.51  5894573.16   1.044316   0.000450   0.000694  132.632
  474172.28  5894572.46   1.044955   0.000449   0.000693  132.659
  474173.04  5894571.75   1.045592   0.000447   0.000691  132.686
  474173.81  5894571.04   1.046227   0.000446   0.000690  132.712
  474174.58  5894570.33   1.046861   0.000445   0.000689  132.739
  474175.35  5894569.62   1.047493   0.000443   0.000688  132.766
  474176.12  5894568.90   1.048123   0.000442   0.000687  132.792
  474176.89  5894568.19   1.048753   0.000441   0.000687  132.819
  474177.66  5894567.48   1.049382   0.000439   0.000684  132.846
  474178.43  5894566.76   1.050006   0.000436   0.000680  132.872
  474179.20  5894566.05   1.050625   0.000434   0.000677  132.898
  474179.97  5894565.33   1.051239   0.000431   0.000673  132.924
  474180.73  5894564.62   1.051848   0.000428   0.000669  132.950
  474181.50  5894563.90   1.052452   0.000425   0.000666  132.976
  474182.27  5894563.18   1.053052   0.000422   0.000662  133.002
  474183.04  5894562.46   1.053647   0.000419   0.000658  133.027
  474183.81  5894561.74   1.054236   0.000416   0.000655  133.052
  474184.59  5894561.02   1.054822   0.000414   0.000651  133.078
  474185.36  5894560.30   1.055402   0.000411   0.000647  133.103
  474186.13  5894559.58   1.055977   0.000408   0.000644  133.127
  474186.90  5894558.86   1.056548   0.000405   0.000640  133.152
  474187.67  5894558.13   1.057113   0.000403   0.000636  133.177
  474188.44  5894557.41   1.057674   0.000400   0.000633  133.201
  474189.21  5894556.69   1.058230   0.000397   0.000629  133.225
  474189.98  5894555.96   1.058781   0.000395   0.000625  133.249
  474190.75  5894555.24   1.059327   0.000392   0.000622  133.273
  474191.52  5894554.51   1.059868   0.000389   0.000618  133.297
  474192.29  5894553.78   1.060405   0.000387   0.000615  133.321
  474193.06  5894553.05   1.060936   0.000384   0.000611  133.344
  474193.84  5894552.32   1.061463   0.000381   0.000608  133.368
  474194.61  5894551.60   1.061985   0.000379   0.000604  133.391
  474195.38  5894550.87   1.062501   0.000376   0.000600  133.414
  474196.15  5894550.13   1.063013   0.000374   0.000597  133.437
  474196.92  5894549.40   1.063520   0.000371   0.000593  133.459
  474197.69  5894548.67   1.064023   0.000368   0.000590  133.482
  474198.47  5894547.94   1.064520   0.000366   0.000586  133.505
  474199.24  5894547.21   1.065012   0.000363   0.000583  133.527
  474200.01  5894546.47   1.065500   0.000361   0.000579  133.549
  474200.78  5894545.74   1.065982   0.000358   0.000576  133.571
  474201.56  5894545.00   1.066460   0.000356   0.000572  133.593
  474202.33  5894544.27   1.066932   0.000353   0.000569  133.615
  474203.10  5894543.53   1.067400   0.000351   0.000565  133.636
  474203.87  5894542.79   1.067863   0.000348   0.000562  133.658
  474204.64  5894542.05   1.068321   0.000346   0.000558  133.679
  474205.42  5894541.32   1.068774   0.000343   0.000555  133.700
  474206.19  5894540.58   1.069222   0.000341   0.000551  133.721
  474206.96  5894539.84   1.069665   0.000339   0.000548  133.742
  474207.74  5894539.10   1.070103   0.000336   0.000545  133.763
  474208.51  5894538.36   1.070536   0.000334   0.000541  133.784
  474209.28  5894537.62   1.070965   0.000331   0.000538  133.804
  474210.05  5894536.87   1.071388   0.000329   0.000534  133.824
  474210.83  5894536.13   1.071806   0.000327   0.000531  133.845
  474211.60  5894535.39   1.072220   0.000324   0.000527  133.865
  474212.37  5894534.65   1.072628   0.000322   0.000524  133.885
  474213.15  5894533.90   1.073032   0.000320   0.000521  133.904
  474213.92  5894533.16   1.073430   0.000317   0.000517  133.924
  474214.69  5894532.41   1.073824   0.000315   0.000514  133.944
  474215.46  5894531.67   1.074213   0.000313   0.000510  133.963
  474216.24  5894530.92   1.074596   0.000311   0.000507  133.982
  474217.01  5894530.17   1.074975   0.000308   0.000504  134.001
  474217.78  5894529.43   1.075349   0.000306   0.000500  134.020
  474218.56  5894528.68   1.075718   0.000304   0.000497  134.039
  474219.33  5894527.93   1.076081   0.000301   0.000494  134.058
  474220.10  5894527.18   1.076440   0.000299   0.000490  134.076
  474220.88  5894526.43   1.076794   0.000297   0.000487  134.095
  474221.65  5894525.68   1.077143   0.000295   0.000484  134.113
  474222.42  5894524.93   1.077486   0.000293   0.000481  134.131
  474223.20  5894524.18   1.077824   0.000290   0.000477  134.149
  474223.97  5894523.43   1.078159   0.000288   0.000473  134.167
  474224.74  5894522.68   1.078490   0.000285   0.000469  134.185
  474225.52  5894521.93   1.078817   0.000282   0.000465  134.203
  474226.29  5894521.18   1.079140   0.000280   0.000461  134.220
  474227.06  5894520.42   1.079459   0.000277   0.000457  134.238
  474227.84  5894519.67   1.079775   0.000275   0.000453  134.255
  474228.61  5894518.92   1.080087   0.000272   0.000449  134.272
  474229.38  5894518.16   1.080395   0.000269   0.000445  134.289
  474230.16  5894517.41   1.080700   0.000267   0.000441  134.305
  474230.93  5894516.65   1.081000   0.000264   0.000437  134.322
  474231.70  5894515.90   1.081297   0.000262   0.000433  134.338
  474232.48  5894515.14   1.081590   0.000259   0.000429  134.354
  474233.25  5894514.38   1.081879   0.000257   0.000425  134.370
  474234.02  5894513.63   1.082165   0.000254   0.000421  134.386
  474234.80  5894512.87   1.082447   0.000252   0.000417  134.402
  474235.57  5894512.11   1.082724   0.000249   0.000413  134.418
  474236.34  5894511.35   1.082999   0.000247   0.000409  134.433
  474237.11  5894510.59   1.083269   0.000244   0.000405  134.448
  474237.89  5894509.84   1.083535   0.000241   0.000401  134.464
  474238.66  5894509.08   1.083798   0.000239   0.000397  134.479
  474239.43  5894508.32   1.084057   0.000236   0.000393  134.493
  474240.21  5894507.56   1.084312   0.000234   0.000389  134.508
  474240.98  5894506.80   1.084563   0.000232   0.000385  134.523
  474241.75  5894506.04   1.084811   0.000229   0.000381  134.537
  474242.53  5894505.27   1.085055   0.000227   0.000377  134.551
  474243.30  5894504.51   1.085295   0.000224   0.000373  134.565
  474244.07  5894503.75   1.085531   0.000222   0.000369  134.579
  474244.85  5894502.99   1.085763   0.000219   0.000365  134.593
  474245.62  5894502.23   1.085991   0.000217   0.000361  134.607
  474246.39  5894501.46   1.086216   0.000214   0.000358  134.620
  474247.17  5894500.70   1.086437   0.000212   0.000354  134.633
  474247.94  5894499.94   1.086654   0.000209   0.000350  134.647
  474248.71  5894499.17   1.086867   0.000207   0.000346  134.660
  474249.48  5894498.41   1.087076   0.000205   0.000342  134.673
  474250.26  5894497.64   1.087281   0.000202   0.000338  134.685
  474251.03  5894496.88   1.087483   0.000200   0.000335  134.698
  474251.80  5894496.11   1.087680   0.000197   0.000330  134.710
  474252.58  5894495.35   1.087874   0.000194   0.000325  134.723
  474253.35  5894494.58   1.088066   0.000191   0.000320  134.735
  474254.12  5894493.82   1.088255   0.000188   0.000315  134.747
  474254.89  5894493.05   1.088440   0.000185   0.000310  134.758
  474255.67  5894492.28   1.088623   0.000182   0.000305  134.770
  474256.44  5894491.52   1.088803   0.000179   0.000299  134.781
  474257.21  5894490.75   1.088980   0.000176   0.000294  134.792
  474257.99  5894489.98   1.089154   0.000172   0.000289  134.803
  474258.76  5894489.21   1.089325   0.000169   0.000284  134.814
  474259.53  5894488.45   1.089493   0.000166   0.000279  134.825
  474260.30  5894487.68   1.089658   0.000163   0.000274  134.835
  474261.08  5894486.91   1.089821   0.000160   0.000269  134.845
  474261.85  5894486.14   1.089980   0.000157   0.000264  134.855
  474262.62  5894485.37   1.090137   0.000154   0.000259  134.865
  474263.39  5894484.60   1.090290   0.000151   0.000254  134.875
  474264.17  5894483.83   1.090441   0.000148   0.000249  134.884
  474264.94  5894483.06   1.090588   0.000145   0.000243  134.893
  474265.71  5894482.29   1.090733   0.000142   0.000238  134.902
  474266.48  5894481.52   1.090875   0.000139   0.000233  134.911
  474267.26  5894480.75   1.091014   0.000136   0.000228  134.920
  474268.03  5894479.98   1.091150   0.000133   0.000223  134.928
  474268.80  5894479.21   1.091283   0.000129   0.000218  134.937
  474269.57  5894478.44   1.091412   0.000126   0.000213  134.945
  474270.35  5894477.67   1.091540   0.000123   0.000208  134.953
  474271.12  5894476.90   1.091664   0.000120   0.000203  134.960
  474271.89  5894476.13   1.091785   0.000117   0.000198  134.968
  474272.66  5894475.36   1.091903   0.000114   0.000193  134.975
  474273.44  5894474.58   1.092018   0.000111   0.000188  134.982
  474274.21  5894473.81   1.092130   0.000108   0.000183  134.989
  474274.98  5894473.04   1.092240   0.000105   0.000178  134.996
  474275.75  5894472.27   1.092346   0.000102   0.000172  135.003
  474276.53  5894471.49   1.092449   0.000099   0.000167  135.009
  474277.30  5894470.72   1.092550   0.000096   0.000162  135.015
  474278.07  5894469.95   1.092647   0.000093   0.000157  135.021
  474278.84  5894469.18   1.092742   0.000090   0.000152  135.027
  474279.61  5894468.40   1.092833   0.000087   0.000147  135.033
  474280.39  5894467.63   1.092922   0.000084   0.000142  135.038
  474281.16  5894466.86   1.093008   0.000081   0.000137  135.044
  474281.93  5894466.08   1.093090   0.000078   0.000132  135.049
  474282.70  5894465.31   1.093170   0.000075   0.000127  135.054
  474283.48  5894464.54   1.093247   0.000072   0.000122  135.058
  474284.25  5894463.76   1.093320   0.000069   0.000117  135.063
  474285.02  5894462.99   1.093391   0.000066   0.000112  135.067
  474285.79  5894462.21   1.093459   0.000063   0.000107  135.071
  474286.56  5894461.44   1.093524   0.000060   0.000102  135.075
  474287.34  5894460.66   1.093585   0.000057   0.000097  135.079
  474288.11  5894459.89   1.093644   0.000054   0.000092  135.083
  474288.88  5894459.12   1.093700   0.000051   0.000087  135.086
  474289.65  5894458.34   1.093753   0.000048   0.000082  135.089
  474290.43  5894457.57   1.093803   0.000045   0.000077  135.092
  474291.20  5894456.79   1.093850   0.000042   0.000072  135.095
  474291.97  5894456.02   1.093894   0.000039   0.000066  135.098
  474292.74  5894455.24   1.093935   0.000036   0.000061  135.100
  474293.51  5894454.47   1.093973   0.000033   0.000056  135.102
  474294.29  5894453.69   1.094008   0.000030   0.000051  135.104
  474295.06  5894452.92   1.094040   0.000027   0.000046  135.106
  474295.83  5894452.14   1.094069   0.000024   0.000041  135.108
  474296.60  5894451.37   1.094095   0.000021   0.000036  135.110
  474297.38  5894450.59   1.094118   0.000018   0.000031  135.111
  474298.15  5894449.82   1.094139   0.000015   0.000026  135.112
  474298.92  5894449.04   1.094156   0.000013   0.000021  135.113
  474299.69  5894448.27   1.094170   0.000010   0.000016  135.114
  474300.46  5894447.49   1.094181   0.000007   0.000011  135.114
  474301.24  5894446.72   1.094189   0.000004   0.000006  135.115
  474302.01  5894445.94   1.094195   0.000001   0.000001  135.115
  474302.78  5894445.17   1.094197   0.000002   0.000004  135.115
  474303.55  5894444.39   1.094196   0.000005   0.000009  135.115
  474304.32  5894443.61   1.094192   0.000008   0.000014  135.115
  474305.10  5894442.84   1.094186   0.000011   0.000019  135.114
  474305.87  5894442.06   1.094176   0.000014   0.000024  135.113
  474306.64  5894441.29   1.094164   0.000017   0.000029  135.113
  474307.41  5894440.51   1.094148   0.000020   0.000034  135.111
  474308.19  5894439.74   1.094129   0.000023   0.000039  135.110
  474308.96  5894438.96   1.094108   0.000026   0.000044  135.109
  474309.73  5894438.19   1.094083   0.000029   0.000049  135.107
  474310.50  5894437.41   1.094056   0.000032   0.000054  135.105
  474311.27  5894436.64   1.094025   0.000035   0.000059  135.103
  474312.05  5894435.86   1.093992   0.000038   0.000064  135.101
  474312.82  5894435.09   1.093955   0.000041   0.000069  135.099
  474313.59  5894434.31   1.093916   0.000044   0.000074  135.096
  474314.36  5894433.54   1.093873   0.000047   0.000080  135.093
  474315.14  5894432.76   1.093828   0.000050   0.000085  135.090
  474315.91  5894431.99   1.093779   0.000053   0.000090  135.087
  474316.68  5894431.21   1.093728   0.000056   0.000095  135.084
  474317.45  5894430.44   1.093674   0.000059   0.000100  135.080
  474318.22  5894429.67   1.093616   0.000062   0.000105  135.077
  474319.00  5894428.89   1.093556   0.000065   0.000110  135.073
  474319.77  5894428.12   1.093493   0.000068   0.000115  135.069
  474320.54  5894427.34   1.093427   0.000071   0.000120  135.065
  474321.31  5894426.57   1.093358   0.000074   0.000125  135.060
  474322.09  5894425.80   1.093285   0.000077   0.000130  135.055
  474322.86  5894425.02   1.093210   0.000080   0.000135  135.051
  474323.63  5894424.25   1.093132   0.000083   0.000140  135.046
  474324.40  5894423.48   1.093051   0.000086   0.000145  135.040
  474325.18  5894422.70   1.092967   0.000089   0.000150  135.035
  474325.95  5894421.93   1.092880   0.000092   0.000155  135.030
  474326.72  5894421.16   1.092790   0.000095   0.000160  135.024
  474327.49  5894420.38   1.092697   0.000098   0.000165  135.018
  474328.27  5894419.61   1.092601   0.000101   0.000170  135.012
  474329.04  5894418.84   1.092502   0.000104   0.000175  135.005
  474329.81  5894418.06   1.092401   0.000107   0.000180  134.999
  474330.58  5894417.29   1.092296   0.000110   0.000186  134.992
  474331.36  5894416.52   1.092188   0.000113   0.000191  134.985
  474332.13  5894415.75   1.092077   0.000116   0.000196  134.978
  474332.90  5894414.98   1.091964   0.000119   0.000201  134.971
  474333.67  5894414.20   1.091847   0.000123   0.000207  134.964
  474334.45  5894413.43   1.091728   0.000127   0.000214  134.956
  474335.22  5894412.66   1.091606   0.000128   0.000216  134.948
  474335.99  5894411.89   1.091480   0.000127   0.000215  134.940
  474336.76  5894411.12   1.091350   0.000127   0.000213  134.932
  474337.54  5894410.35   1.091215   0.000126   0.000212  134.924
  474338.31  5894409.58   1.091077   0.000125   0.000211  134.916
  474339.08  5894408.81   1.090933   0.000125   0.000210  134.908
  474339.85  5894408.04   1.090786   0.000124   0.000209  134.900
  474340.63  5894407.27   1.090634   0.000123   0.000207  134.893
  474341.40  5894406.50   1.090479   0.000123   0.000206  134.885
  474342.17  5894405.73   1.090318   0.000122   0.000205  134.877
  474342.95  5894404.96   1.090154   0.000121   0.000204  134.870
  474343.72  5894404.19   1.089985   0.000121   0.000203  134.862
  474344.49  5894403.42   1.089812   0.000120   0.000201  134.855
  474345.26  5894402.65   1.089635   0.000119   0.000200  134.847
  474346.04  5894401.89   1.089454   0.000119   0.000199  134.840
  474346.81  5894401.12   1.089268   0.000118   0.000198  134.832
  474347.58  5894400.35   1.089078   0.000117   0.000197  134.825
  474348.35  5894399.58   1.088884   0.000117   0.000195  134.818
  474349.13  5894398.82   1.088686   0.000116   0.000194  134.810
  474349.90  5894398.05   1.088483   0.000115   0.000193  134.803
  474350.67  5894397.28   1.088276   0.000115   0.000192  134.796
  474351.44  5894396.52   1.088065   0.000114   0.000191  134.789
  474352.21  5894395.75   1.087849   0.000113   0.000189  134.782
  474352.99  5894394.98   1.087629   0.000113   0.000188  134.775
  474353.76  5894394.22   1.087405   0.000112   0.000187  134.768
  474354.53  5894393.45   1.087177   0.000111   0.000186  134.761
  474355.30  5894392.69   1.086944   0.000111   0.000185  134.754
  474356.08  5894391.92   1.086707   0.000109   0.000183  134.747
  474356.85  5894391.16   1.086465   0.000108   0.000181  134.740
  474357.62  5894390.39   1.086218   0.000109   0.000181  134.733
  474358.39  5894389.63   1.085970   0.000110   0.000183  134.727
  474359.16  5894388.86   1.085721   0.000111   0.000185  134.720
  474359.93  5894388.10   1.085470   0.000112   0.000187  134.713
  474360.70  5894387.34   1.085219   0.000114   0.000189  134.706
  474361.48  5894386.57   1.084967   0.000115   0.000192  134.699
  474362.25  5894385.81   1.084713   0.000116   0.000194  134.692
  474363.02  5894385.05   1.084459   0.000118   0.000196  134.684
  474363.79  5894384.28   1.084203   0.000119   0.000198  134.677
  474364.56  5894383.52   1.083947   0.000120   0.000200  134.670
  474365.33  5894382.76   1.083689   0.000122   0.000202  134.662
  474366.10  5894382.00   1.083430   0.000123   0.000204  134.655
  474366.87  5894381.24   1.083170   0.000124   0.000206  134.647
  474367.64  5894380.48   1.082909   0.000126   0.000208  134.639
  474368.41  5894379.72   1.082647   0.000127   0.000211  134.631
  474369.18  5894378.96   1.082384   0.000128   0.000213  134.624
  474369.95  5894378.20   1.082120   0.000130   0.000215  134.616
  474370.73  5894377.44   1.081854   0.000131   0.000217  134.608
  474371.50  5894376.68   1.081588   0.000132   0.000219  134.599
  474372.27  5894375.92   1.081321   0.000134   0.000221  134.591
  474373.04  5894375.16   1.081052   0.000136   0.000225  134.583
  474373.81  5894374.40   1.080783   0.000138   0.000228  134.575
  474374.58  5894373.64   1.080512   0.000138   0.000228  134.566
  474375.35  5894372.88   1.080240   0.000136   0.000224  134.557
  474376.11  5894372.13   1.079967   0.000133   0.000220  134.549
  474376.88  5894371.37   1.079692   0.000131   0.000216  134.541
  474377.65  5894370.61   1.079417   0.000129   0.000213  134.533
  474378.42  5894369.85   1.079139   0.000127   0.000209  134.525
  474379.19  5894369.10   1.078860   0.000125   0.000205  134.517
  474379.96  5894368.34   1.078580   0.000123   0.000202  134.509
  474380.73  5894367.59   1.078299   0.000120   0.000198  134.502
  474381.50  5894366.83   1.078016   0.000118   0.000194  134.494
  474382.27  5894366.07   1.077732   0.000116   0.000191  134.487
  474383.04  5894365.32   1.077446   0.000114   0.000187  134.480
  474383.81  5894364.56   1.077159   0.000112   0.000183  134.473
  474384.58  5894363.81   1.076871   0.000109   0.000179  134.466
  474385.34  5894363.06   1.076581   0.000107   0.000176  134.459
  474386.11  5894362.30   1.076290   0.000105   0.000172  134.452
  474386.88  5894361.55   1.075998   0.000103   0.000168  134.446
  474387.65  5894360.80   1.075704   0.000101   0.000165  134.440
  474388.42  5894360.04   1.075409   0.000098   0.000161  134.433
  474389.18  5894359.29   1.075112   0.000096   0.000157  134.427
  474389.95  5894358.54   1.074814   0.000094   0.000154  134.421
  474390.72  5894357.79   1.074515   0.000092   0.000150  134.416
  474391.49  5894357.03   1.074214   0.000090   0.000146  134.410
  474392.26  5894356.28   1.073912   0.000087   0.000142  134.404
  474393.02  5894355.53   1.073608   0.000085   0.000139  134.399
  474393.79  5894354.78   1.073303   0.000083   0.000135  134.394
  474394.56  5894354.03   1.072997   0.000081   0.000131  134.389
  474395.32  5894353.28   1.072689   0.000078   0.000128  134.384
  474396.09  5894352.53   1.072380   0.000076   0.000124  134.379
  474396.86  5894351.78   1.072070   0.000074   0.000120  134.374
  474397.62  5894351.03   1.071758   0.000072   0.000116  134.370
  474398.39  5894350.28   1.071444   0.000069   0.000113  134.365
  474399.15  5894349.53   1.071130   0.000067   0.000109  134.361
  474399.92  5894348.78   1.070814   0.000065   0.000105  134.357
  474400.69  5894348.03   1.070496   0.000063   0.000102  134.353
  474401.45  5894347.29   1.070177   0.000060   0.000098  134.349
  474402.22  5894346.54   1.069857   0.000058   0.000094  134.345
  474402.98  5894345.79   1.069535   0.000056   0.000090  134.342
  474403.75  5894345.04   1.069212   0.000054   0.000087  134.338
  474404.51  5894344.30   1.068888   0.000051   0.000083  134.335
  474405.28  5894343.55   1.068562   0.000049   0.000079  134.332
  474406.04  5894342.80   1.068234   0.000046   0.000075  134.329
  474406.80  5894342.06   1.067905   0.000045   0.000072  134.326
  474407.57  5894341.31   1.067576   0.000043   0.000070  134.323
  474408.33  5894340.56   1.067246   0.000042   0.000068  134.321
  474409.09  5894339.82   1.066916   0.000041   0.000066  134.318
  474409.86  5894339.07   1.066586   0.000040   0.000064  134.316
  474410.62  5894338.33   1.066255   0.000038   0.000062  134.313
  474411.38  5894337.58   1.065925   0.000037   0.000059  134.311
  474412.15  5894336.84   1.065594   0.000036   0.000057  134.309
  474412.91  5894336.09   1.065263   0.000035   0.000055  134.307
  474413.67  5894335.35   1.064932   0.000033   0.000053  134.304
  474414.43  5894334.61   1.064600   0.000032   0.000051  134.302
  474415.19  5894333.86   1.064269   0.000031   0.000049  134.300
  474415.96  5894333.12   1.063937   0.000029   0.000047  134.299
  474416.72  5894332.38   1.063605   0.000028   0.000045  134.297
  474417.48  5894331.63   1.063272   0.000027   0.000043  134.295
  474418.24  5894330.89   1.062940   0.000026   0.000041  134.293
  474419.00  5894330.15   1.062607   0.000024   0.000039  134.292
  474419.76  5894329.41   1.062274   0.000023   0.000037  134.290
  474420.52  5894328.67   1.061941   0.000022   0.000035  134.289
  474421.28  5894327.93   1.061607   0.000021   0.000033  134.288
  474422.04  5894327.18   1.061274   0.000019   0.000031  134.286
  474422.80  5894326.44   1.060940   0.000018   0.000029  134.285
  474423.56  5894325.70   1.060605   0.000017   0.000027  134.284
  474424.32  5894324.96   1.060271   0.000015   0.000024  134.283
  474425.08  5894324.22   1.059936   0.000014   0.000022  134.282
  474425.84  5894323.48   1.059602   0.000013   0.000020  134.281
  474426.60  5894322.74   1.059267   0.000012   0.000018  134.281
  474427.35  5894322.00   1.058931   0.000010   0.000016  134.280
  474428.11  5894321.26   1.058596   0.000009   0.000014  134.279
  474428.87  5894320.53   1.058260   0.000008   0.000012  134.279
  474429.63  5894319.79   1.057924   0.000006   0.000010  134.278
  474430.38  5894319.05   1.057588   0.000005   0.000008  134.278
  474431.14  5894318.31   1.057252   0.000004   0.000006  134.278
  474431.90  5894317.57   1.056915   0.000002   0.000004  134.277
  474432.65  5894316.83   1.056578   0.000001   0.000002  134.277
  474433.41  5894316.10   1.056241   0.000000   0.000000  134.277
  474434.17  5894315.36   1.055904   0.000002   0.000002  134.277
  474434.92  5894314.62   1.055566   0.000003   0.000005  134.277
  474435.68  5894313.89   1.055228   0.000004   0.000007  134.277
  474436.43  5894313.15   1.054890   0.000006   0.000009  134.278
  474437.19  5894312.41   1.054552   0.000007   0.000011  134.278
  474437.94  5894311.68   1.054214   0.000008   0.000013  134.278
  474438.70  5894310.94   1.053875   0.000009   0.000015  134.279
  474439.45  5894310.20   1.053536   0.000011   0.000017  134.279
  474440.21  5894309.47   1.053197   0.000012   0.000019  134.280
  474440.96  5894308.73   1.052858   0.000013   0.000021  134.281
  474441.72  5894308.00   1.052518   0.000015   0.000023  134.282
  474442.47  5894307.26   1.052178   0.000016   0.000025  134.283
  474443.22  5894306.53   1.051838   0.000018   0.000027  134.284
  474443.97  5894305.80   1.051498   0.000019   0.000029  134.285
  474444.73  5894305.06   1.051158   0.000020   0.000032  134.286
  474445.48  5894304.33   1.050817   0.000022   0.000034  134.287
  474446.23  5894303.59   1.050476   0.000023   0.000036  134.288
  474446.98  5894302.86   1.050135   0.000024   0.000038  134.290
  474447.73  5894302.13   1.049794   0.000026   0.000040  134.291
  474448.49  5894301.39   1.049452   0.000027   0.000042  134.293
  474449.24  5894300.66   1.049110   0.000028   0.000044  134.294
  474449.99  5894299.93   1.048768   0.000030   0.000046  134.296
  474450.74  5894299.20   1.048426   0.000031   0.000048  134.298
  474451.49  5894298.46   1.048083   0.000032   0.000050  134.300
  474452.24  5894297.73   1.047741   0.000034   0.000052  134.302
  474452.99  5894297.00   1.047398   0.000035   0.000055  134.304
  474453.74  5894296.27   1.047055   0.000037   0.000057  134.306
  474454.49  5894295.54   1.046711   0.000038   0.000059  134.308
  474455.24  5894294.81   1.046368   0.000039   0.000061  134.310
  474455.98  5894294.08   1.046024   0.000041   0.000063  134.312
  474456.73  5894293.35   1.045680   0.000042   0.000065  134.315
  474457.48  5894292.62   1.045336   0.000043   0.000067  134.317
  474458.23  5894291.89   1.044991   0.000045   0.000069  134.320
  474458.98  5894291.16   1.044646   0.000046   0.000071  134.323
  474459.72  5894290.43   1.044301   0.000048   0.000073  134.325
  474460.47  5894289.70   1.043956   0.000049   0.000075  134.328
  474461.22  5894288.97   1.043611   0.000050   0.000078  134.331
  474461.96  5894288.24   1.043265   0.000052   0.000080  134.334
  474462.71  5894287.51   1.042919   0.000053   0.000082  134.337
  474463.45  5894286.78   1.042573   0.000055   0.000084  134.341
  474464.20  5894286.05   1.042227   0.000056   0.000086  134.344
  474464.95  5894285.32   1.041881   0.000057   0.000088  134.347
  474465.69  5894284.59   1.041534   0.000059   0.000090  134.351
  474466.44  5894283.87   1.041187   0.000060   0.000092  134.354
  474467.18  5894283.14   1.040840   0.000062   0.000094  134.358
  474467.92  5894282.41   1.040493   0.000063   0.000097  134.361
  474468.67  5894281.68   1.040145   0.000064   0.000099  134.365
  474469.41  5894280.96   1.039797   0.000066   0.000101  134.369
  474470.15  5894280.23   1.039449   0.000067   0.000103  134.373
  474470.90  5894279.50   1.039101   0.000069   0.000105  134.377
  474471.64  5894278.78   1.038753   0.000070   0.000107  134.381
  474472.38  5894278.05   1.038404   0.000072   0.000109  134.385
  474473.12  5894277.32   1.038055   0.000073   0.000111  134.389
  474473.86  5894276.60   1.037706   0.000074   0.000113  134.394
  474474.61  5894275.87   1.037357   0.000076   0.000116  134.398
  474475.35  5894275.15   1.037007   0.000077   0.000118  134.403
  474476.09  5894274.42   1.036657   0.000079   0.000120  134.407
  474476.83  5894273.69   1.036307   0.000080   0.000122  134.412
  474477.57  5894272.97   1.035957   0.000082   0.000124  134.417
  474478.31  5894272.24   1.035607   0.000083   0.000126  134.422
  474479.05  5894271.52   1.035256   0.000085   0.000128  134.427
  474479.79  5894270.79   1.034905   0.000086   0.000130  134.432
  474480.53  5894270.07   1.034554   0.000087   0.000132  134.437
  474481.26  5894269.35   1.034203   0.000089   0.000135  134.442
  474482.00  5894268.62   1.033852   0.000090   0.000137  134.447
  474482.74  5894267.90   1.033500   0.000092   0.000139  134.452
  474483.48  5894267.17   1.033148   0.000093   0.000141  134.458
  474484.21  5894266.45   1.032796   0.000095   0.000143  134.463
  474484.95  5894265.73   1.032444   0.000096   0.000145  134.469
  474485.69  5894265.00   1.032091   0.000098   0.000147  134.475
  474486.42  5894264.28   1.031738   0.000099   0.000149  134.480
  474487.16  5894263.56   1.031385   0.000101   0.000152  134.486
  474487.90  5894262.84   1.031032   0.000102   0.000154  134.492
  474488.63  5894262.11   1.030679   0.000104   0.000156  134.498
  474489.37  5894261.39   1.030325   0.000105   0.000158  134.504
  474490.10  5894260.67   1.029972   0.000107   0.000160  134.511
  474490.84  5894259.95   1.029618   0.000108   0.000162  134.517
  474491.57  5894259.22   1.029263   0.000110   0.000164  134.523
  474492.30  5894258.50   1.028909   0.000111   0.000166  134.530
  474493.04  5894257.78   1.028554   0.000113   0.000169  134.536
  474493.77  5894257.06   1.028200   0.000114   0.000171  134.543
  474494.50  5894256.34   1.027845   0.000116   0.000173  134.550
  474495.23  5894255.62   1.027489   0.000118   0.000176  134.557
  474495.97  5894254.90   1.027134   0.000119   0.000177  134.564
  474496.70  5894254.18   1.026778   0.000119   0.000178  134.570
  474497.43  5894253.46   1.026423   0.000120   0.000179  134.578
  474498.16  5894252.74   1.026067   0.000121   0.000180  134.585
  474498.89  5894252.02   1.025712   0.000122   0.000181  134.592
  474499.62  5894251.30   1.025356   0.000122   0.000182  134.599
  474500.35  5894250.58   1.025001   0.000123   0.000183  134.606
  474501.08  5894249.86   1.024645   0.000124   0.000184  134.613
  474501.81  5894249.14   1.024289   0.000125   0.000185  134.621
  474502.54  5894248.42   1.023934   0.000125   0.000186  134.628
  474503.27  5894247.70   1.023578   0.000126   0.000187  134.635
  474503.99  5894246.98   1.023223   0.000127   0.000188  134.643
  474504.72  5894246.26   1.022867   0.000128   0.000189  134.650
  474505.45  5894245.54   1.022511   0.000128   0.000190  134.657
  474506.18  5894244.82   1.022156   0.000129   0.000191  134.665
  474506.90  5894244.10   1.021800   0.000130   0.000192  134.673
  474507.63  5894243.38   1.021444   0.000130   0.000193  134.680
  474508.36  5894242.67   1.021089   0.000131   0.000194  134.688
  474509.08  5894241.95   1.020733   0.000132   0.000194  134.695
  474509.81  5894241.23   1.020377   0.000133   0.000195  134.703
  474510.53  5894240.51   1.020022   0.000133   0.000196  134.711
  474511.26  5894239.80   1.019666   0.000134   0.000197  134.719
  474511.98  5894239.08   1.019310   0.000135   0.000198  134.727
  474512.71  5894238.36   1.018955   0.000136   0.000199  134.734
  474513.43  5894237.64   1.018599   0.000136   0.000200  134.742
  474514.15  5894236.93   1.018243   0.000137   0.000201  134.750
  474514.88  5894236.21   1.017888   0.000138   0.000202  134.758
  474515.60  5894235.49   1.017532   0.000139   0.000203  134.766
  474516.32  5894234.78   1.017176   0.000140   0.000204  134.775
  474517.04  5894234.06   1.016821   0.000140   0.000205  134.783
  474517.76  5894233.34   1.016465   0.000141   0.000206  134.791
  474518.48  5894232.63   1.016109   0.000142   0.000207  134.799
  474519.21  5894231.91   1.015753   0.000143   0.000208  134.807
  474519.93  5894231.20   1.015398   0.000143   0.000209  134.816
  474520.65  5894230.48   1.015042   0.000144   0.000210  134.824
  474521.37  5894229.76   1.014686   0.000145   0.000211  134.832
  474522.08  5894229.05   1.014331   0.000146   0.000212  134.841
  474522.80  5894228.33   1.013975   0.000146   0.000213  134.849
  474523.52  5894227.62   1.013619   0.000147   0.000214  134.858
  474524.24  5894226.90   1.013263   0.000148   0.000215  134.866
  474524.96  5894226.19   1.012908   0.000149   0.000216  134.875
  474525.68  5894225.47   1.012552   0.000150   0.000217  134.883
  474526.39  5894224.76   1.012196   0.000150   0.000218  134.892
  474527.11  5894224.05   1.011840   0.000151   0.000219  134.901
  474527.83  5894223.33   1.011485   0.000152   0.000220  134.910
  474528.54  5894222.62   1.011129   0.000153   0.000221  134.918
  474529.26  5894221.90   1.010773   0.000153   0.000222  134.927
  474529.97  5894221.19   1.010418   0.000154   0.000223  134.936
  474530.69  5894220.48   1.010062   0.000155   0.000224  134.945
  474531.40  5894219.76   1.009706   0.000156   0.000225  134.954
  474532.12  5894219.05   1.009350   0.000157   0.000226  134.963
  474532.83  5894218.34   1.008995   0.000157   0.000227  134.972
  474533.55  5894217.62   1.008639   0.000158   0.000228  134.981
  474534.26  5894216.91   1.008283   0.000159   0.000229  134.990
  474534.97  5894216.20   1.007928   0.000160   0.000230  135.000
  474535.68  5894215.48   1.007572   0.000161   0.000231  135.009
  474536.40  5894214.77   1.007216   0.000161   0.000231  135.018
  474537.11  5894214.06   1.006861   0.000162   0.000232  135.027
  474537.82  5894213.35   1.006505   0.000163   0.000233  135.037
  474538.53  5894212.63   1.006149   0.000164   0.000234  135.046
  474539.24  5894211.92   1.005794   0.000165   0.000235  135.056
  474539.95  5894211.21   1.005438   0.000165   0.000236  135.065
  474540.66  5894210.50   1.005082   0.000166   0.000237  135.075
  474541.37  5894209.79   1.004727   0.000167   0.000238  135.084
  474542.08  5894209.08   1.004371   0.000168   0.000239  135.094
  474542.79  5894208.36   1.004016   0.000169   0.000240  135.103
  474543.50  5894207.65   1.003660   0.000169   0.000241  135.113
  474544.20  5894206.94   1.003304   0.000170   0.000242  135.123
  474544.91  5894206.23   1.002949   0.000171   0.000243  135.133
  474545.62  5894205.52   1.002593   0.000172   0.000244  135.142
  474546.33  5894204.81   1.002238   0.000173   0.000245  135.152
  474547.03  5894204.10   1.001882   0.000173   0.000246  135.162
  474547.74  5894203.39   1.001527   0.000174   0.000247  135.172
  474548.45  5894202.68   1.001171   0.000175   0.000248  135.182
  474549.15  5894201.97   1.000815   0.000176   0.000249  135.192
  474549.86  5894201.26   1.000460   0.000177   0.000250  135.202
  474550.56  5894200.55   1.000104   0.000178   0.000251  135.212
  474551.26  5894199.84   0.999749   0.000178   0.000252  135.223
  474551.97  5894199.13   0.999394   0.000179   0.000253  135.233
  474552.67  5894198.42   0.999038   0.000180   0.000254  135.243
  474553.38  5894197.71   0.998683   0.000181   0.000255  135.253
  474554.08  5894197.00   0.998327   0.000182   0.000256  135.264
  474554.78  5894196.29   0.997972   0.000183   0.000257  135.274
  474555.48  5894195.58   0.997616   0.000184   0.000258  135.285
  474556.18  5894194.87   0.997261   0.000185   0.000260  135.295
  474556.89  5894194.16   0.996905   0.000185   0.000260  135.306
  474557.59  5894193.46   0.996550   0.000185   0.000260  135.316
  474558.29  5894192.75   0.996196   0.000185   0.000259  135.327
  474558.99  5894192.04   0.995843   0.000184   0.000259  135.337
  474559.69  5894191.33   0.995490   0.000184   0.000258  135.348
  474560.39  5894190.62   0.995139   0.000184   0.000258  135.358
  474561.09  5894189.91   0.994788   0.000184   0.000257  135.369
  474561.78  5894189.21   0.994438   0.000183   0.000257  135.379
  474562.48  5894188.50   0.994089   0.000183   0.000256  135.390
  474563.18  5894187.79   0.993741   0.000183   0.000255  135.400
  474563.88  5894187.08   0.993394   0.000183   0.000255  135.411
  474564.57  5894186.38   0.993048   0.000182   0.000254  135.421
  474565.27  5894185.67   0.992702   0.000182   0.000254  135.431
  474565.97  5894184.96   0.992357   0.000182   0.000253  135.442
  474566.66  5894184.25   0.992014   0.000182   0.000253  135.452
  474567.36  5894183.55   0.991671   0.000181   0.000252  135.462
  474568.05  5894182.84   0.991329   0.000181   0.000252  135.473
  474568.75  5894182.13   0.990987   0.000181   0.000251  135.483
  474569.44  5894181.43   0.990647   0.000181   0.000251  135.493
  474570.14  5894180.72   0.990307   0.000180   0.000250  135.504
  474570.83  5894180.01   0.989969   0.000180   0.000250  135.514
  474571.53  5894179.31   0.989631   0.000180   0.000249  135.524
  474572.22  5894178.60   0.989294   0.000180   0.000249  135.534
  474572.91  5894177.90   0.988958   0.000179   0.000248  135.544
  474573.60  5894177.19   0.988622   0.000179   0.000248  135.555
  474574.30  5894176.48   0.988288   0.000179   0.000247  135.565
  474574.99  5894175.78   0.987954   0.000179   0.000247  135.575
  474575.68  5894175.07   0.987622   0.000178   0.000246  135.585
  474576.37  5894174.37   0.987290   0.000178   0.000246  135.595
  474577.06  5894173.66   0.986959   0.000178   0.000245  135.605
  474577.75  5894172.96   0.986629   0.000178   0.000245  135.615
  474578.44  5894172.25   0.986299   0.000177   0.000244  135.625
  474579.13  5894171.55   0.985971   0.000177   0.000244  135.635
  474579.82  5894170.84   0.985643   0.000177   0.000243  135.645
  474580.51  5894170.14   0.985316   0.000177   0.000242  135.655
  474581.20  5894169.43   0.984990   0.000176   0.000242  135.665
  474581.88  5894168.73   0.984665   0.000176   0.000241  135.675
  474582.57  5894168.02   0.984341   0.000176   0.000241  135.685
  474583.26  5894167.32   0.984018   0.000176   0.000240  135.695
  474583.95  5894166.62   0.983695   0.000175   0.000240  135.705
  474584.63  5894165.91   0.983374   0.000175   0.000239  135.715
  474585.32  5894165.21   0.983053   0.000175   0.000239  135.725
  474586.01  5894164.50   0.982733   0.000174   0.000238  135.735
  474586.69  5894163.80   0.982414   0.000174   0.000238  135.744
  474587.38  5894163.10   0.982095   0.000174   0.000237  135.754
  474588.06  5894162.39   0.981778   0.000174   0.000237  135.764
  474588.75  5894161.69   0.981461   0.000173   0.000236  135.774
  474589.43  5894160.99   0.981146   0.000173   0.000236  135.783
  474590.12  5894160.28   0.980831   0.000173   0.000235  135.793
  474590.80  5894159.58   0.980517   0.000172   0.000234  135.803
  474591.48  5894158.88   0.980203   0.000172   0.000234  135.813
  474592.17  5894158.17   0.979891   0.000172   0.000233  135.822
  474592.85  5894157.47   0.979579   0.000172   0.000233  135.832
  474593.53  5894156.77   0.979269   0.000171   0.000232  135.841
  474594.21  5894156.07   0.978959   0.000171   0.000232  135.851
  474594.89  5894155.36   0.978650   0.000171   0.000231  135.861
  474595.58  5894154.66   0.978342   0.000170   0.000231  135.870
  474596.26  5894153.96   0.978035   0.000170   0.000230  135.880
  474596.94  5894153.26   0.977728   0.000170   0.000230  135.889
  474597.62  5894152.55   0.977423   0.000170   0.000229  135.899
  474598.30  5894151.85   0.977118   0.000169   0.000229  135.908
  474598.98  5894151.15   0.976814   0.000169   0.000228  135.918
  474599.66  5894150.45   0.976511   0.000169   0.000227  135.927
  474600.34  5894149.75   0.976209   0.000168   0.000227  135.937
  474601.01  5894149.05   0.975907   0.000168   0.000226  135.946
  474601.69  5894148.34   0.975607   0.000168   0.000226  135.956
  474602.37  5894147.64   0.975307   0.000167   0.000225  135.965
  474603.05  5894146.94   0.975008   0.000167   0.000225  135.974
  474603.73  5894146.24   0.974710   0.000167   0.000224  135.984
  474604.40  5894145.54   0.974413   0.000167   0.000224  135.993
  474605.08  5894144.84   0.974117   0.000166   0.000223  136.002
  474605.76  5894144.14   0.973821   0.000166   0.000223  136.011
  474606.43  5894143.44   0.973527   0.000166   0.000222  136.021
  474607.11  5894142.74   0.973233   0.000165   0.000221  136.030
  474607.78  5894142.04   0.972940   0.000165   0.000221  136.039
  474608.46  5894141.34   0.972648   0.000165   0.000220  136.048
  474609.13  5894140.64   0.972357   0.000164   0.000220  136.058
  474609.81  5894139.94   0.972066   0.000164   0.000219  136.067
  474610.48  5894139.24   0.971777   0.000164   0.000219  136.076
  474611.16  5894138.54   0.971488   0.000163   0.000218  136.085
  474611.83  5894137.84   0.971200   0.000163   0.000218  136.094
  474612.50  5894137.14   0.970913   0.000163   0.000217  136.103
  474613.18  5894136.44   0.970627   0.000162   0.000216  136.112
  474613.85  5894135.74   0.970342   0.000162   0.000216  136.121
  474614.52  5894135.04   0.970057   0.000162   0.000215  136.130
  474615.19  5894134.34   0.969773   0.000161   0.000215  136.139
  474615.86  5894133.64   0.969490   0.000161   0.000214  136.148
  474616.54  5894132.94   0.969208   0.000161   0.000214  136.157
  474617.21  5894132.24   0.968927   0.000161   0.000213  136.166
  474617.88  5894131.54   0.968647   0.000160   0.000213  136.175
  474618.55  5894130.84   0.968367   0.000160   0.000212  136.184
  474619.22  5894130.14   0.968089   0.000160   0.000211  136.193
  474619.89  5894129.45   0.967811   0.000159   0.000211  136.202
  474620.56  5894128.75   0.967534   0.000159   0.000210  136.210
  474621.23  5894128.05   0.967258   0.000159   0.000210  136.219
  474621.90  5894127.35   0.966983   0.000158   0.000209  136.228
  474622.57  5894126.65   0.966708   0.000158   0.000209  136.237
  474623.23  5894125.95   0.966435   0.000158   0.000208  136.246
  474623.90  5894125.26   0.966162   0.000157   0.000207  136.254
  474624.57  5894124.56   0.965890   0.000157   0.000207  136.263
  474625.24  5894123.86   0.965619   0.000156   0.000206  136.272
  474625.90  5894123.16   0.965349   0.000156   0.000206  136.280
  474626.57  5894122.47   0.965079   0.000156   0.000205  136.289
  474627.24  5894121.77   0.964811   0.000155   0.000205  136.298
  474627.90  5894121.07   0.964543   0.000155   0.000204  136.306
  474628.57  5894120.37   0.964276   0.000155   0.000204  136.315
  474629.24  5894119.68   0.964010   0.000154   0.000203  136.323
  474629.90  5894118.98   0.963745   0.000154   0.000202  136.332
  474630.57  5894118.28   0.963480   0.000154   0.000202  136.340
  474631.23  5894117.58   0.963217   0.000153   0.000201  136.349
  474631.90  5894116.89   0.962954   0.000153   0.000201  136.357
  474632.56  5894116.19   0.962692   0.000153   0.000200  136.366
  474633.23  5894115.49   0.962431   0.000152   0.000200  136.374
  474633.89  5894114.80   0.962171   0.000152   0.000199  136.383
  474634.55  5894114.10   0.961911   0.000152   0.000198  136.391
  474635.22  5894113.40   0.961653   0.000151   0.000198  136.399
  474635.88  5894112.71   0.961395   0.000151   0.000197  136.408
  474636.54  5894112.01   0.961138   0.000151   0.000197  136.416
  474637.20  5894111.31   0.960882   0.000150   0.000196  136.424
  474637.87  5894110.62   0.960627   0.000150   0.000196  136.432
  474638.53  5894109.92   0.960372   0.000149   0.000195  136.441
  474639.19  5894109.23   0.960119   0.000149   0.000194  136.449
  474639.85  5894108.53   0.959866   0.000149   0.000194  136.457
  474640.51  5894107.83   0.959614   0.000148   0.000193  136.465
  474641.17  5894107.14   0.959363   0.000148   0.000193  136.474
  474641.83  5894106.44   0.959113   0.000148   0.000192  136.482
  474642.49  5894105.75   0.958864   0.000147   0.000192  136.490
  474643.15  5894105.05   0.958615   0.000147   0.000191  136.498
  474643.81  5894104.36   0.958367   0.000147   0.000190  136.506
  474644.47  5894103.66   0.958120   0.000146   0.000190  136.514
  474645.13  5894102.97   0.957874   0.000146   0.000189  136.522
  474645.79  5894102.27   0.957629   0.000145   0.000189  136.530
  474646.45  5894101.58   0.957385   0.000145   0.000188  136.538
  474647.11  5894100.88   0.957141   0.000145   0.000188  136.546
  474647.77  5894100.19   0.956898   0.000144   0.000187  136.554
  474648.42  5894099.49   0.956657   0.000144   0.000186  136.562
  474649.08  5894098.80   0.956415   0.000144   0.000186  136.570
  474649.74  5894098.10   0.956175   0.000143   0.000185  136.578
  474650.40  5894097.41   0.955936   0.000143   0.000185  136.585
  474651.05  5894096.71   0.955697   0.000142   0.000184  136.593
  474651.71  5894096.02   0.955460   0.000142   0.000183  136.601
  474652.37  5894095.33   0.955223   0.000142   0.000183  136.609
  474653.02  5894094.63   0.954987   0.000141   0.000182  136.617
  474653.68  5894093.94   0.954751   0.000141   0.000182  136.624
  474654.33  5894093.24   0.954517   0.000141   0.000181  136.632
  474654.99  5894092.55   0.954283   0.000140   0.000181  136.640
  474655.64  5894091.86   0.954050   0.000140   0.000180  136.647
  474656.30  5894091.16   0.953819   0.000139   0.000179  136.655
  474656.95  5894090.47   0.953587   0.000139   0.000179  136.663
  474657.61  5894089.77   0.953357   0.000139   0.000178  136.670
  474658.26  5894089.08   0.953128   0.000138   0.000178  136.678
  474658.91  5894088.39   0.952899   0.000138   0.000177  136.685
  474659.57  5894087.69   0.952671   0.000137   0.000176  136.693
  474660.22  5894087.00   0.952444   0.000137   0.000176  136.700
  474660.87  5894086.31   0.952218   0.000137   0.000175  136.708
  474661.53  5894085.62   0.951993   0.000136   0.000175  136.715
  474662.18  5894084.92   0.951768   0.000136   0.000174  136.723
  474662.83  5894084.23   0.951545   0.000135   0.000173  136.730
  474663.48  5894083.54   0.951322   0.000135   0.000173  136.738
  474664.14  5894082.84   0.951100   0.000135   0.000172  136.745
  474664.79  5894082.15   0.950879   0.000134   0.000172  136.752
  474665.44  5894081.46   0.950658   0.000134   0.000171  136.760
  474666.09  5894080.77   0.950439   0.000133   0.000171  136.767
  474666.74  5894080.07   0.950220   0.000133   0.000170  136.774
  474667.39  5894079.38   0.950002   0.000133   0.000169  136.781
  474668.04  5894078.69   0.949785   0.000132   0.000169  136.789
  474668.69  5894078.00   0.949569   0.000132   0.000168  136.796
  474669.34  5894077.30   0.949354   0.000131   0.000168  136.803
  474669.99  5894076.61   0.949139   0.000131   0.000167  136.810
  474670.64  5894075.92   0.948926   0.000131   0.000166  136.817
  474671.29  5894075.23   0.948713   0.000130   0.000166  136.824
  474671.94  5894074.54   0.948501   0.000130   0.000165  136.831
  474672.59  5894073.84   0.948289   0.000129   0.000165  136.838
  474673.24  5894073.15   0.948079   0.000129   0.000164  136.845
  474673.89  5894072.46   0.947869   0.000129   0.000163  136.852
  474674.53  5894071.77   0.947660   0.000128   0.000163  136.859
  474675.18  5894071.08   0.947453   0.000128   0.000162  136.866
  474675.83  5894070.39   0.947245   0.000127   0.000162  136.873
  474676.48  5894069.70   0.947039   0.000127   0.000161  136.880
  474677.12  5894069.00   0.946834   0.000127   0.000160  136.887
  474677.77  5894068.31   0.946629   0.000126   0.000160  136.894
  474678.42  5894067.62   0.946425   0.000126   0.000159  136.901
  474679.06  5894066.93   0.946222   0.000125   0.000159  136.908
  474679.71  5894066.24   0.946020   0.000125   0.000158  136.914
  474680.36  5894065.55   0.945819   0.000124   0.000157  136.921
  474681.00  5894064.86   0.945618   0.000124   0.000157  136.928
  474681.65  5894064.17   0.945418   0.000124   0.000156  136.935
  474682.29  5894063.48   0.945219   0.000123   0.000156  136.941
  474682.94  5894062.79   0.945021   0.000123   0.000155  136.948
  474683.58  5894062.10   0.944824   0.000122   0.000154  136.955
  474684.23  5894061.40   0.944628   0.000122   0.000154  136.961
  474684.87  5894060.71   0.944432   0.000121   0.000153  136.968
  474685.52  5894060.02   0.944237   0.000121   0.000153  136.974
  474686.16  5894059.33   0.944043   0.000121   0.000152  136.981
  474686.80  5894058.64   0.943850   0.000120   0.000151  136.988
  474687.45  5894057.95   0.943658   0.000120   0.000151  136.994
  474688.09  5894057.26   0.943466   0.000119   0.000150  137.001
  474688.73  5894056.57   0.943276   0.000119   0.000150  137.007
  474689.38  5894055.88   0.943086   0.000118   0.000149  137.013
  474690.02  5894055.19   0.942897   0.000118   0.000148  137.020
  474690.66  5894054.50   0.942709   0.000118   0.000148  137.026
  474691.31  5894053.81   0.942521   0.000117   0.000147  137.032
  474691.95  5894053.12   0.942335   0.000117   0.000146  137.039
  474692.59  5894052.43   0.942149   0.000116   0.000146  137.045
  474693.23  5894051.75   0.941964   0.000116   0.000145  137.051
  474693.87  5894051.06   0.941780   0.000115   0.000145  137.058
  474694.52  5894050.37   0.941597   0.000115   0.000144  137.064
  474695.16  5894049.68   0.941414   0.000114   0.000143  137.070
  474695.80  5894048.99   0.941233   0.000114   0.000143  137.076
  474696.44  5894048.30   0.941052   0.000114   0.000142  137.082
  474697.08  5894047.61   0.940872   0.000113   0.000142  137.089
  474697.72  5894046.92   0.940693   0.000113   0.000141  137.095
  474698.36  5894046.23   0.940514   0.000112   0.000140  137.101
  474699.00  5894045.54   0.940337   0.000112   0.000140  137.107
  474699.64  5894044.85   0.940160   0.000111   0.000139  137.113
  474700.28  5894044.16   0.939984   0.000111   0.000139  137.119
  474700.92  5894043.48   0.939809   0.000110   0.000138  137.125
  474701.56  5894042.79   0.939635   0.000110   0.000137  137.131
  474702.20  5894042.10   0.939461   0.000110   0.000137  137.137
  474702.84  5894041.41   0.939289   0.000109   0.000136  137.142
  474703.48  5894040.72   0.939117   0.000109   0.000135  137.148
  474704.11  5894040.03   0.938946   0.000108   0.000135  137.154
  474704.75  5894039.34   0.938776   0.000108   0.000134  137.160
  474705.39  5894038.66   0.938606   0.000107   0.000134  137.166
  474706.03  5894037.97   0.938438   0.000107   0.000133  137.172
  474706.67  5894037.28   0.938270   0.000106   0.000132  137.177
  474707.30  5894036.59   0.938103   0.000106   0.000132  137.183
  474707.94  5894035.90   0.937937   0.000105   0.000131  137.189
  474708.58  5894035.21   0.937772   0.000105   0.000131  137.194
  474709.22  5894034.53   0.937607   0.000105   0.000130  137.200
  474709.85  5894033.84   0.937444   0.000104   0.000129  137.206
  474710.49  5894033.15   0.937281   0.000104   0.000129  137.211
  474711.13  5894032.46   0.937119   0.000103   0.000128  137.217
  474711.76  5894031.78   0.936958   0.000103   0.000127  137.222
  474712.40  5894031.09   0.936797   0.000102   0.000127  137.228
  474713.03  5894030.40   0.936638   0.000102   0.000126  137.233
  474713.67  5894029.71   0.936479   0.000101   0.000126  137.239
  474714.31  5894029.02   0.936321   0.000101   0.000125  137.244
  474714.94  5894028.34   0.936164   0.000100   0.000124  137.250
  474715.58  5894027.65   0.936008   0.000100   0.000124  137.255
  474716.21  5894026.96   0.935852   0.000099   0.000123  137.260
  474716.85  5894026.27   0.935698   0.000099   0.000123  137.266
  474717.48  5894025.59   0.935544   0.000098   0.000122  137.271
  474718.12  5894024.90   0.935391   0.000098   0.000121  137.276
  474718.75  5894024.21   0.935239   0.000098   0.000121  137.282
  474719.39  5894023.53   0.935087   0.000097   0.000120  137.287
  474720.02  5894022.84   0.934937   0.000097   0.000119  137.292
  474720.65  5894022.15   0.934787   0.000096   0.000119  137.297
  474721.29  5894021.47   0.934638   0.000096   0.000118  137.302
  474721.92  5894020.78   0.934490   0.000095   0.000118  137.307
  474722.56  5894020.09   0.934342   0.000095   0.000117  137.313
  474723.19  5894019.40   0.934196   0.000094   0.000116  137.318
  474723.82  5894018.72   0.934050   0.000094   0.000116  137.323
  474724.45  5894018.03   0.933905   0.000093   0.000115  137.328
  474725.09  5894017.34   0.933761   0.000093   0.000114  137.333
  474725.72  5894016.66   0.933618   0.000092   0.000114  137.338
  474726.35  5894015.97   0.933476   0.000092   0.000113  137.343
  474726.99  5894015.28   0.933334   0.000091   0.000113  137.347
  474727.62  5894014.60   0.933193   0.000091   0.000112  137.352
  474728.25  5894013.91   0.933053   0.000090   0.000111  137.357
  474728.88  5894013.23   0.932914   0.000090   0.000111  137.362
  474729.51  5894012.54   0.932776   0.000089   0.000110  137.367
  474730.15  5894011.85   0.932638   0.000089   0.000109  137.372
  474730.78  5894011.17   0.932501   0.000088   0.000109  137.376
  474731.41  5894010.48   0.932365   0.000088   0.000108  137.381
  474732.04  5894009.79   0.932230   0.000087   0.000108  137.386
  474732.67  5894009.11   0.932096   0.000087   0.000107  137.390
  474733.30  5894008.42   0.931963   0.000087   0.000106  137.395
  474733.93  5894007.74   0.931830   0.000086   0.000106  137.400
  474734.56  5894007.05   0.931698   0.000086   0.000105  137.404
  474735.19  5894006.36   0.931567   0.000085   0.000104  137.409
  474735.82  5894005.68   0.931437   0.000085   0.000104  137.413
  474736.45  5894004.99   0.931307   0.000084   0.000103  137.418
  474737.08  5894004.31   0.931179   0.000084   0.000102  137.422
  474737.71  5894003.62   0.931051   0.000083   0.000102  137.427
  474738.34  5894002.94   0.930924   0.000083   0.000101  137.431
  474738.97  5894002.25   0.930798   0.000082   0.000101  137.436
  474739.60  5894001.57   0.930672   0.000082   0.000100  137.440
  474740.23  5894000.88   0.930548   0.000081   0.000099  137.444
  474740.86  5894000.19   0.930424   0.000081   0.000099  137.449
  474741.49  5893999.51   0.930301   0.000080   0.000098  137.453
  474742.12  5893998.82   0.930179   0.000080   0.000097  137.457
  474742.75  5893998.14   0.930058   0.000079   0.000097  137.462
  474743.38  5893997.45   0.929937   0.000079   0.000096  137.466
  474744.01  5893996.77   0.929818   0.000078   0.000096  137.470
  474744.63  5893996.08   0.929699   0.000078   0.000095  137.474
  474745.26  5893995.40   0.929581   0.000077   0.000094  137.478
  474745.89  5893994.71   0.929463   0.000077   0.000094  137.482
  474746.52  5893994.03   0.929347   0.000076   0.000093  137.486
  474747.15  5893993.34   0.929231   0.000076   0.000092  137.491
  474747.77  5893992.66   0.929116   0.000075   0.000092  137.495
  474748.40  5893991.97   0.929002   0.000075   0.000091  137.499
  474749.03  5893991.29   0.928889   0.000074   0.000090  137.503
  474749.66  5893990.60   0.928777   0.000074   0.000090  137.506
  474750.28  5893989.92   0.928665   0.000073   0.000089  137.510
  474750.91  5893989.23   0.928555   0.000073   0.000089  137.514
  474751.54  5893988.55   0.928445   0.000072   0.000088  137.518
  474752.17  5893987.86   0.928335   0.000072   0.000087  137.522
  474752.79  5893987.18   0.928227   0.000071   0.000087  137.526
  474753.42  5893986.49   0.928120   0.000071   0.000086  137.530
  474754.05  5893985.81   0.928013   0.000070   0.000085  137.533
  474754.67  5893985.12   0.927907   0.000070   0.000085  137.537
  474755.30  5893984.44   0.927802   0.000069   0.000084  137.541
  474755.92  5893983.76   0.927697   0.000069   0.000083  137.544
  474756.55  5893983.07   0.927594   0.000068   0.000083  137.548
  474757.18  5893982.39   0.927491   0.000068   0.000082  137.552
  474757.80  5893981.70   0.927389   0.000067   0.000082  137.555
  474758.43  5893981.02   0.927288   0.000067   0.000081  137.559
  474759.05  5893980.33   0.927188   0.000066   0.000080  137.562
  474759.68  5893979.65   0.927089   0.000066   0.000080  137.566
  474760.31  5893978.96   0.926990   0.000065   0.000079  137.569
  474760.93  5893978.28   0.926892   0.000064   0.000078  137.573
  474761.56  5893977.60   0.926795   0.000064   0.000078  137.576
  474762.18  5893976.91   0.926699   0.000063   0.000077  137.580
  474762.81  5893976.23   0.926604   0.000063   0.000076  137.583
  474763.43  5893975.54   0.926509   0.000062   0.000076  137.586
  474764.06  5893974.86   0.926415   0.000062   0.000075  137.590
  474764.68  5893974.18   0.926322   0.000061   0.000075  137.593
  474765.31  5893973.49   0.926230   0.000061   0.000074  137.596
  474765.93  5893972.81   0.926139   0.000060   0.000073  137.599
  474766.55  5893972.12   0.926048   0.000060   0.000073  137.603
  474767.18  5893971.44   0.925958   0.000059   0.000072  137.606
  474767.80  5893970.76   0.925869   0.000059   0.000071  137.609
  474768.43  5893970.07   0.925781   0.000058   0.000071  137.612
  474769.05  5893969.39   0.925694   0.000058   0.000070  137.615
  474769.67  5893968.71   0.925608   0.000057   0.000069  137.618
  474770.30  5893968.02   0.925522   0.000057   0.000069  137.621
  474770.92  5893967.34   0.925437   0.000056   0.000068  137.624
  474771.55  5893966.65   0.925353   0.000056   0.000067  137.627
  474772.17  5893965.97   0.925270   0.000055   0.000067  137.630
  474772.79  5893965.29   0.925187   0.000055   0.000066  137.633
  474773.42  5893964.60   0.925105   0.000054   0.000066  137.636
  474774.04  5893963.92   0.925025   0.000054   0.000065  137.639
  474774.66  5893963.24   0.924944   0.000053   0.000064  137.642
  474775.29  5893962.55   0.924865   0.000053   0.000064  137.645
  474775.91  5893961.87   0.924787   0.000052   0.000063  137.647
  474776.53  5893961.19   0.924709   0.000052   0.000062  137.650
  474777.16  5893960.50   0.924632   0.000051   0.000062  137.653
  474777.78  5893959.82   0.924556   0.000050   0.000061  137.656
  474778.40  5893959.14   0.924481   0.000050   0.000060  137.658
  474779.02  5893958.45   0.924407   0.000049   0.000060  137.661
  474779.65  5893957.77   0.924333   0.000049   0.000059  137.664
  474780.27  5893957.09   0.924260   0.000048   0.000058  137.666
  474780.89  5893956.40   0.924188   0.000048   0.000058  137.669
  474781.51  5893955.72   0.924117   0.000047   0.000057  137.671
  474782.14  5893955.04   0.924047   0.000047   0.000057  137.674
  474782.76  5893954.35   0.923977   0.000046   0.000056  137.676
  474783.38  5893953.67   0.923908   0.000046   0.000055  137.679
  474784.00  5893952.99   0.923840   0.000045   0.000055  137.681
  474784.62  5893952.30   0.923773   0.000045   0.000054  137.683
  474785.25  5893951.62   0.923707   0.000044   0.000053  137.686
  474785.87  5893950.94   0.923641   0.000044   0.000053  137.688
  474786.49  5893950.25   0.923577   0.000043   0.000052  137.690
  474787.11  5893949.57   0.923513   0.000043   0.000051  137.693
  474787.73  5893948.89   0.923450   0.000042   0.000051  137.695
  474788.35  5893948.21   0.923387   0.000042   0.000050  137.697
  474788.98  5893947.52   0.923326   0.000041   0.000049  137.699
  474789.60  5893946.84   0.923265   0.000040   0.000049  137.702
  474790.22  5893946.16   0.923205   0.000040   0.000048  137.704
  474790.84  5893945.47   0.923146   0.000039   0.000047  137.706
  474791.46  5893944.79   0.923088   0.000039   0.000047  137.708
  474792.08  5893944.11   0.923030   0.000038   0.000046  137.710
  474792.70  5893943.43   0.922974   0.000038   0.000046  137.712
  474793.32  5893942.74   0.922918   0.000037   0.000045  137.714
  474793.94  5893942.06   0.922863   0.000037   0.000044  137.716
  474794.57  5893941.38   0.922808   0.000036   0.000044  137.718
  474795.19  5893940.69   0.922755   0.000036   0.000043  137.720
  474795.81  5893940.01   0.922702   0.000035   0.000042  137.722
  474796.43  5893939.33   0.922650   0.000035   0.000042  137.724
  474797.05  5893938.65   0.922599   0.000034   0.000041  137.725
  474797.67  5893937.96   0.922549   0.000034   0.000040  137.727
  474798.29  5893937.28   0.922500   0.000033   0.000040  137.729
  474798.91  5893936.60   0.922451   0.000032   0.000039  137.731
  474799.53  5893935.92   0.922403   0.000032   0.000038  137.732
  474800.15  5893935.23   0.922356   0.000031   0.000038  137.734
  474800.77  5893934.55   0.922310   0.000031   0.000037  137.736
  474801.39  5893933.87   0.922264   0.000030   0.000036  137.737
  474802.01  5893933.19   0.922220   0.000030   0.000036  137.739
  474802.63  5893932.50   0.922176   0.000029   0.000035  137.741
  474803.25  5893931.82   0.922133   0.000029   0.000034  137.742
  474803.87  5893931.14   0.922091   0.000028   0.000034  137.744
  474804.49  5893930.46   0.922049   0.000028   0.000033  137.745
  474805.11  5893929.77   0.922009   0.000027   0.000033  137.747
  474805.73  5893929.09   0.921969   0.000027   0.000032  137.748
  474806.35  5893928.41   0.921930   0.000026   0.000031  137.749
  474806.97  5893927.73   0.921892   0.000025   0.000031  137.751
  474807.59  5893927.04   0.921855   0.000025   0.000030  137.752
  474808.21  5893926.36   0.921818   0.000024   0.000029  137.753
  474808.83  5893925.68   0.921782   0.000024   0.000029  137.755
  474809.45  5893925.00   0.921747   0.000023   0.000028  137.756
  474810.07  5893924.31   0.921713   0.000023   0.000027  137.757
  474810.69  5893923.63   0.921680   0.000022   0.000027  137.758
  474811.31  5893922.95   0.921647   0.000022   0.000026  137.760
  474811.93  5893922.27   0.921615   0.000021   0.000025  137.761
  474812.55  5893921.58   0.921585   0.000021   0.000025  137.762
  474813.17  5893920.90   0.921554   0.000020   0.000024  137.763
  474813.79  5893920.22   0.921525   0.000020   0.000023  137.764
  474814.41  5893919.54   0.921497   0.000019   0.000023  137.765
  474815.03  5893918.86   0.921469   0.000018   0.000022  137.766
  474815.65  5893918.17   0.921442   0.000018   0.000021  137.767
  474816.26  5893917.49   0.921416   0.000017   0.000021  137.768
  474816.88  5893916.81   0.921390   0.000017   0.000020  137.769
  474817.50  5893916.13   0.921366   0.000016   0.000020  137.770
  474818.12  5893915.44   0.921342   0.000016   0.000019  137.771
  474818.74  5893914.76   0.921319   0.000015   0.000018  137.771
  474819.36  5893914.08   0.921297   0.000015   0.000018  137.772
  474819.98  5893913.40   0.921276   0.000014   0.000017  137.773
  474820.60  5893912.72   0.921255   0.000014   0.000016  137.774
  474821.22  5893912.03   0.921236   0.000013   0.000016  137.774
  474821.84  5893911.35   0.921217   0.000012   0.000015  137.775
  474822.46  5893910.67   0.921199   0.000012   0.000014  137.776
  474823.08  5893909.99   0.921182   0.000011   0.000014  137.776
  474823.69  5893909.30   0.921165   0.000011   0.000013  137.777
  474824.31  5893908.62   0.921149   0.000010   0.000012  137.778
  474824.93  5893907.94   0.921135   0.000010   0.000012  137.778
  474825.55  5893907.26   0.921120   0.000009   0.000011  137.779
  474826.17  5893906.58   0.921107   0.000009   0.000010  137.779
  474826.79  5893905.89   0.921095   0.000008   0.000010  137.780
  474827.41  5893905.21   0.921083   0.000008   0.000009  137.780
  474828.03  5893904.53   0.921072   0.000007   0.000008  137.780
  474828.65  5893903.85   0.921062   0.000007   0.000008  137.781
  474829.27  5893903.17   0.921053   0.000006   0.000007  137.781
  474829.88  5893902.48   0.921045   0.000005   0.000007  137.782
  474830.50  5893901.80   0.921037   0.000005   0.000006  137.782
  474831.12  5893901.12   0.921030   0.000004   0.000005  137.782
  474831.74  5893900.44   0.921024   0.000004   0.000005  137.782
  474832.36  5893899.75   0.921019   0.000003   0.000004  137.782
  474832.98  5893899.07   0.921014   0.000003   0.000003  137.783
  474833.60  5893898.39   0.921011   0.000002   0.000003  137.783
  474834.22  5893897.71   0.921008   0.000002   0.000002  137.783
  474834.84  5893897.03   0.921006   0.000001   0.000001  137.783
  474835.45  5893896.34   0.921005   0.000001   0.000001  137.783
