  470871.00  5891933.50   0.171660   0.000043   0.000002    0.000
  470870.87  5891933.61   0.173096   0.000084   0.000004  -47.740
  470870.74  5891933.73   0.175965   0.000162   0.000007  -47.739
  470870.61  5891933.85   0.178826   0.000233   0.000011  -47.737
  470870.48  5891933.97   0.181681   0.000299   0.000014  -47.735
  470870.34  5891934.10   0.184529   0.000359   0.000017  -47.732
  470870.21  5891934.22   0.187370   0.000415   0.000021  -47.728
  470870.07  5891934.35   0.190204   0.000467   0.000024  -47.723
  470869.92  5891934.48   0.193031   0.000514   0.000027  -47.718
  470869.78  5891934.61   0.195851   0.000558   0.000030  -47.713
  470869.63  5891934.74   0.198664   0.000599   0.000033  -47.706
  470869.49  5891934.88   0.201470   0.000637   0.000037  -47.700
  470869.34  5891935.01   0.204269   0.000672   0.000040  -47.692
  470869.18  5891935.15   0.207062   0.000704   0.000043  -47.684
  470869.03  5891935.29   0.209847   0.000734   0.000046  -47.676
  470868.87  5891935.43   0.212626   0.000762   0.000049  -47.667
  470868.72  5891935.58   0.215397   0.000787   0.000052  -47.658
  470868.56  5891935.72   0.218162   0.000811   0.000055  -47.648
  470868.39  5891935.87   0.220920   0.000833   0.000058  -47.638
  470868.23  5891936.02   0.223671   0.000854   0.000060  -47.627
  470868.06  5891936.17   0.226415   0.000873   0.000063  -47.617
  470867.89  5891936.33   0.229152   0.000890   0.000066  -47.605
  470867.72  5891936.48   0.231882   0.000906   0.000069  -47.594
  470867.55  5891936.64   0.234605   0.000922   0.000072  -47.582
  470867.38  5891936.80   0.237321   0.000936   0.000075  -47.569
  470867.20  5891936.96   0.240030   0.000949   0.000077  -47.556
  470867.02  5891937.12   0.242733   0.000961   0.000080  -47.543
  470866.84  5891937.29   0.245428   0.000972   0.000083  -47.530
  470866.66  5891937.45   0.248117   0.000982   0.000085  -47.516
  470866.48  5891937.62   0.250799   0.000992   0.000088  -47.502
  470866.29  5891937.79   0.253473   0.001000   0.000091  -47.488
  470866.10  5891937.96   0.256141   0.001008   0.000094  -47.474
  470865.91  5891938.14   0.258802   0.001016   0.000096  -47.459
  470865.72  5891938.31   0.261456   0.001023   0.000099  -47.444
  470865.53  5891938.49   0.264103   0.001029   0.000102  -47.428
  470865.33  5891938.67   0.266744   0.001035   0.000104  -47.413
  470865.14  5891938.85   0.269377   0.001041   0.000107  -47.397
  470864.94  5891939.04   0.272004   0.001046   0.000109  -47.381
  470864.74  5891939.22   0.274623   0.001050   0.000112  -47.365
  470864.53  5891939.41   0.277236   0.001054   0.000115  -47.348
  470864.33  5891939.60   0.279842   0.001058   0.000117  -47.331
  470864.12  5891939.79   0.282441   0.001061   0.000120  -47.314
  470863.91  5891939.98   0.285033   0.001065   0.000122  -47.297
  470863.70  5891940.17   0.287618   0.001067   0.000125  -47.280
  470863.49  5891940.37   0.290196   0.001070   0.000127  -47.262
  470863.28  5891940.57   0.292767   0.001072   0.000130  -47.244
  470863.06  5891940.77   0.295332   0.001074   0.000133  -47.226
  470862.84  5891940.97   0.297889   0.001076   0.000135  -47.208
  470862.62  5891941.17   0.300440   0.001078   0.000138  -47.190
  470862.40  5891941.38   0.302984   0.001079   0.000140  -47.171
  470862.18  5891941.59   0.305521   0.001080   0.000143  -47.153
  470861.95  5891941.79   0.308051   0.001082   0.000145  -47.134
  470861.73  5891942.00   0.310574   0.001082   0.000148  -47.115
  470861.50  5891942.22   0.313091   0.001083   0.000150  -47.095
  470861.27  5891942.43   0.315600   0.001084   0.000153  -47.076
  470861.04  5891942.65   0.318103   0.001084   0.000155  -47.056
  470860.80  5891942.86   0.320598   0.001085   0.000158  -47.037
  470860.57  5891943.08   0.323087   0.001085   0.000160  -47.017
  470860.33  5891943.31   0.325569   0.001085   0.000163  -46.997
  470860.09  5891943.53   0.328045   0.001085   0.000165  -46.976
  470859.85  5891943.75   0.330513   0.001085   0.000168  -46.956
  470859.61  5891943.98   0.332974   0.001085   0.000170  -46.935
  470859.36  5891944.21   0.335429   0.001085   0.000173  -46.915
  470859.12  5891944.44   0.337877   0.001084   0.000175  -46.894
  470858.87  5891944.67   0.340318   0.001084   0.000178  -46.873
  470858.62  5891944.90   0.342752   0.001084   0.000180  -46.852
  470858.37  5891945.14   0.345179   0.001083   0.000182  -46.830
  470858.12  5891945.38   0.347599   0.001082   0.000185  -46.809
  470857.86  5891945.61   0.350013   0.001082   0.000187  -46.787
  470857.61  5891945.85   0.352419   0.001081   0.000190  -46.766
  470857.35  5891946.10   0.354819   0.001081   0.000192  -46.744
  470857.09  5891946.34   0.357212   0.001080   0.000195  -46.722
  470856.83  5891946.59   0.359599   0.001079   0.000197  -46.700
  470856.57  5891946.83   0.361978   0.001078   0.000200  -46.678
  470856.30  5891947.08   0.364350   0.001077   0.000202  -46.655
  470856.04  5891947.33   0.366716   0.001076   0.000205  -46.633
  470855.77  5891947.59   0.369075   0.001076   0.000207  -46.610
  470855.50  5891947.84   0.371427   0.001075   0.000210  -46.587
  470855.23  5891948.10   0.373772   0.001074   0.000212  -46.565
  470854.96  5891948.36   0.376111   0.001073   0.000215  -46.542
  470854.69  5891948.62   0.378442   0.001072   0.000217  -46.518
  470854.41  5891948.88   0.380767   0.001071   0.000220  -46.495
  470854.13  5891949.14   0.383085   0.001070   0.000222  -46.472
  470853.86  5891949.40   0.385396   0.001069   0.000225  -46.448
  470853.58  5891949.67   0.387701   0.001068   0.000227  -46.425
  470853.29  5891949.94   0.389998   0.001067   0.000229  -46.401
  470853.01  5891950.21   0.392289   0.001066   0.000232  -46.377
  470852.73  5891950.48   0.394573   0.001065   0.000234  -46.353
  470852.44  5891950.75   0.396850   0.001064   0.000237  -46.329
  470852.15  5891951.03   0.399120   0.001063   0.000239  -46.305
  470851.86  5891951.31   0.401384   0.001062   0.000242  -46.281
  470851.57  5891951.58   0.403640   0.001061   0.000244  -46.256
  470851.28  5891951.86   0.405890   0.001060   0.000247  -46.232
  470850.99  5891952.15   0.408134   0.001058   0.000249  -46.207
  470850.69  5891952.43   0.410370   0.001057   0.000252  -46.182
  470850.39  5891952.71   0.412600   0.001056   0.000254  -46.157
  470850.10  5891953.00   0.414822   0.001055   0.000257  -46.133
  470849.80  5891953.29   0.417038   0.001054   0.000259  -46.107
  470849.49  5891953.58   0.419248   0.001053   0.000262  -46.082
  470849.19  5891953.87   0.421450   0.001052   0.000264  -46.057
  470848.89  5891954.16   0.423646   0.001051   0.000267  -46.032
  470848.58  5891954.46   0.425835   0.001050   0.000269  -46.006
  470848.28  5891954.76   0.428017   0.001049   0.000272  -45.980
  470847.97  5891955.05   0.430193   0.001048   0.000274  -45.955
  470847.66  5891955.35   0.432361   0.001047   0.000277  -45.929
  470847.35  5891955.66   0.434523   0.001047   0.000279  -45.903
  470847.03  5891955.96   0.436678   0.001046   0.000282  -45.877
  470846.72  5891956.26   0.438827   0.001045   0.000285  -45.851
  470846.40  5891956.57   0.440968   0.001044   0.000287  -45.824
  470846.09  5891956.88   0.443103   0.001042   0.000289  -45.798
  470845.77  5891957.19   0.445230   0.001042   0.000292  -45.772
  470845.45  5891957.50   0.447352   0.001042   0.000295  -45.745
  470845.13  5891957.81   0.449468   0.001042   0.000298  -45.718
  470844.81  5891958.13   0.451579   0.001041   0.000300  -45.691
  470844.48  5891958.44   0.453684   0.001041   0.000303  -45.664
  470844.16  5891958.76   0.455784   0.001041   0.000306  -45.637
  470843.83  5891959.08   0.457878   0.001041   0.000309  -45.610
  470843.50  5891959.40   0.459966   0.001041   0.000311  -45.583
  470843.17  5891959.73   0.462049   0.001040   0.000314  -45.555
  470842.84  5891960.05   0.464126   0.001040   0.000317  -45.528
  470842.51  5891960.38   0.466198   0.001040   0.000320  -45.500
  470842.18  5891960.70   0.468264   0.001040   0.000322  -45.473
  470841.84  5891961.03   0.470324   0.001039   0.000325  -45.445
  470841.51  5891961.36   0.472379   0.001039   0.000328  -45.417
  470841.17  5891961.70   0.474429   0.001039   0.000331  -45.388
  470840.83  5891962.03   0.476473   0.001039   0.000333  -45.360
  470840.49  5891962.37   0.478511   0.001038   0.000336  -45.332
  470840.15  5891962.70   0.480543   0.001039   0.000339  -45.303
  470839.81  5891963.04   0.482571   0.001039   0.000342  -45.275
  470839.47  5891963.38   0.484593   0.001038   0.000345  -45.246
  470839.12  5891963.72   0.486609   0.001035   0.000347  -45.217
  470838.78  5891964.07   0.488618   0.001033   0.000349  -45.188
  470838.43  5891964.41   0.490620   0.001031   0.000351  -45.159
  470838.08  5891964.76   0.492615   0.001029   0.000353  -45.130
  470837.73  5891965.11   0.494604   0.001027   0.000355  -45.101
  470837.38  5891965.46   0.496586   0.001026   0.000358  -45.072
  470837.03  5891965.81   0.498561   0.001024   0.000360  -45.043
  470836.67  5891966.16   0.500530   0.001022   0.000362  -45.014
  470836.32  5891966.52   0.502492   0.001020   0.000364  -44.985
  470835.96  5891966.87   0.504447   0.001018   0.000367  -44.955
  470835.61  5891967.23   0.506395   0.001017   0.000369  -44.926
  470835.25  5891967.59   0.508337   0.001015   0.000371  -44.896
  470834.89  5891967.95   0.510273   0.001014   0.000373  -44.867
  470834.53  5891968.32   0.512201   0.001012   0.000375  -44.837
  470834.17  5891968.68   0.514123   0.001010   0.000378  -44.807
  470833.80  5891969.05   0.516039   0.001009   0.000380  -44.778
  470833.44  5891969.41   0.517947   0.001008   0.000382  -44.748
  470833.08  5891969.78   0.519849   0.001006   0.000385  -44.718
  470832.71  5891970.15   0.521745   0.001005   0.000387  -44.688
  470832.34  5891970.52   0.523633   0.001003   0.000389  -44.658
  470831.97  5891970.90   0.525515   0.001002   0.000391  -44.628
  470831.60  5891971.27   0.527391   0.001001   0.000394  -44.598
  470831.23  5891971.65   0.529259   0.001000   0.000396  -44.567
  470830.86  5891972.03   0.531122   0.000998   0.000398  -44.537
  470830.49  5891972.40   0.532977   0.000997   0.000401  -44.507
  470830.11  5891972.79   0.534826   0.000996   0.000403  -44.476
  470829.74  5891973.17   0.536668   0.000995   0.000405  -44.446
  470829.36  5891973.55   0.538504   0.000994   0.000408  -44.415
  470828.99  5891973.94   0.540333   0.000993   0.000410  -44.384
  470828.61  5891974.32   0.542155   0.000992   0.000412  -44.354
  470828.23  5891974.71   0.543971   0.000991   0.000415  -44.323
  470827.85  5891975.10   0.545780   0.000990   0.000417  -44.292
  470827.47  5891975.49   0.547582   0.000989   0.000419  -44.261
  470827.08  5891975.89   0.549378   0.000988   0.000422  -44.230
  470826.70  5891976.28   0.551167   0.000987   0.000424  -44.199
  470826.31  5891976.68   0.552950   0.000986   0.000427  -44.168
  470825.93  5891977.08   0.554727   0.000986   0.000429  -44.136
  470825.54  5891977.47   0.556496   0.000986   0.000432  -44.105
  470825.15  5891977.88   0.558258   0.000985   0.000434  -44.074
  470824.77  5891978.28   0.560012   0.000985   0.000437  -44.042
  470824.38  5891978.68   0.561760   0.000985   0.000440  -44.011
  470823.99  5891979.09   0.563500   0.000985   0.000442  -43.979
  470823.59  5891979.49   0.565233   0.000985   0.000445  -43.947
  470823.20  5891979.90   0.566958   0.000984   0.000448  -43.915
  470822.81  5891980.31   0.568677   0.000984   0.000450  -43.883
  470822.41  5891980.72   0.570388   0.000984   0.000453  -43.851
  470822.02  5891981.13   0.572092   0.000984   0.000456  -43.819
  470821.62  5891981.55   0.573788   0.000984   0.000458  -43.787
  470821.22  5891981.96   0.575478   0.000984   0.000461  -43.754
  470820.83  5891982.38   0.577160   0.000984   0.000464  -43.722
  470820.43  5891982.79   0.578835   0.000984   0.000466  -43.689
  470820.03  5891983.21   0.580503   0.000984   0.000469  -43.657
  470819.62  5891983.64   0.582163   0.000984   0.000472  -43.624
  470819.22  5891984.06   0.583816   0.000984   0.000475  -43.591
  470818.82  5891984.48   0.585463   0.000985   0.000477  -43.558
  470818.42  5891984.91   0.587101   0.000985   0.000480  -43.525
  470818.01  5891985.33   0.588733   0.000985   0.000483  -43.492
  470817.61  5891985.76   0.590358   0.000985   0.000486  -43.459
  470817.20  5891986.19   0.591975   0.000985   0.000488  -43.425
  470816.79  5891986.62   0.593585   0.000986   0.000491  -43.392
  470816.38  5891987.05   0.595188   0.000986   0.000494  -43.359
  470815.98  5891987.49   0.596784   0.000986   0.000497  -43.325
  470815.57  5891987.92   0.598372   0.000986   0.000499  -43.291
  470815.15  5891988.36   0.599954   0.000987   0.000502  -43.257
  470814.74  5891988.80   0.601528   0.000987   0.000505  -43.223
  470814.33  5891989.23   0.603095   0.000988   0.000508  -43.189
  470813.92  5891989.68   0.604655   0.000988   0.000511  -43.155
  470813.50  5891990.12   0.606208   0.000988   0.000514  -43.121
  470813.09  5891990.56   0.607753   0.000989   0.000516  -43.087
  470812.67  5891991.01   0.609292   0.000989   0.000519  -43.052
  470812.26  5891991.45   0.610823   0.000990   0.000522  -43.018
  470811.84  5891991.90   0.612347   0.000990   0.000525  -42.983
  470811.42  5891992.35   0.613864   0.000991   0.000528  -42.948
  470811.01  5891992.80   0.615374   0.000991   0.000531  -42.914
  470810.59  5891993.25   0.616877   0.000992   0.000534  -42.879
  470810.17  5891993.70   0.618372   0.000993   0.000537  -42.844
  470809.75  5891994.16   0.619860   0.000993   0.000540  -42.808
  470809.32  5891994.61   0.621342   0.000994   0.000543  -42.773
  470808.90  5891995.07   0.622816   0.000994   0.000546  -42.738
  470808.48  5891995.53   0.624283   0.000995   0.000548  -42.702
  470808.05  5891995.99   0.625743   0.000996   0.000551  -42.667
  470807.63  5891996.45   0.627196   0.000997   0.000554  -42.631
  470807.21  5891996.91   0.628641   0.000997   0.000557  -42.595
  470806.78  5891997.37   0.630080   0.000998   0.000560  -42.559
  470806.35  5891997.84   0.631512   0.000999   0.000563  -42.523
  470805.93  5891998.30   0.632936   0.001000   0.000566  -42.487
  470805.50  5891998.77   0.634353   0.001001   0.000569  -42.451
  470805.07  5891999.24   0.635764   0.001001   0.000572  -42.414
  470804.64  5891999.71   0.637167   0.001002   0.000575  -42.378
  470804.21  5892000.18   0.638563   0.001003   0.000578  -42.341
  470803.78  5892000.65   0.639952   0.001004   0.000582  -42.305
  470803.35  5892001.13   0.641334   0.001005   0.000585  -42.268
  470802.92  5892001.60   0.642709   0.001006   0.000588  -42.231
  470802.49  5892002.08   0.644076   0.001007   0.000591  -42.194
  470802.05  5892002.56   0.645437   0.001008   0.000594  -42.157
  470801.62  5892003.04   0.646791   0.001009   0.000597  -42.119
  470801.19  5892003.52   0.648137   0.001010   0.000600  -42.082
  470800.75  5892004.00   0.649477   0.001011   0.000603  -42.045
  470800.32  5892004.48   0.650810   0.001012   0.000606  -42.007
  470799.88  5892004.97   0.652135   0.001013   0.000609  -41.969
  470799.45  5892005.45   0.653454   0.001014   0.000613  -41.931
  470799.01  5892005.94   0.654765   0.001016   0.000616  -41.893
  470798.57  5892006.43   0.656069   0.001017   0.000619  -41.855
  470798.13  5892006.92   0.657367   0.001018   0.000622  -41.817
  470797.70  5892007.41   0.658657   0.001019   0.000625  -41.779
  470797.26  5892007.90   0.659941   0.001020   0.000628  -41.740
  470796.82  5892008.39   0.661217   0.001022   0.000632  -41.702
  470796.38  5892008.89   0.662486   0.001023   0.000635  -41.663
  470795.94  5892009.38   0.663749   0.001024   0.000638  -41.624
  470795.50  5892009.88   0.665004   0.001025   0.000641  -41.585
  470795.05  5892010.38   0.666253   0.001027   0.000645  -41.546
  470794.61  5892010.88   0.667494   0.001028   0.000648  -41.507
  470794.17  5892011.38   0.668729   0.001029   0.000651  -41.468
  470793.73  5892011.88   0.669956   0.001031   0.000654  -41.428
  470793.28  5892012.38   0.671177   0.001032   0.000658  -41.389
  470792.84  5892012.89   0.672390   0.001034   0.000661  -41.349
  470792.40  5892013.39   0.673597   0.001035   0.000664  -41.309
  470791.95  5892013.90   0.674796   0.001037   0.000668  -41.269
  470791.51  5892014.41   0.675989   0.001038   0.000671  -41.229
  470791.06  5892014.92   0.677175   0.001040   0.000674  -41.189
  470790.61  5892015.43   0.678354   0.001041   0.000678  -41.148
  470790.17  5892015.94   0.679525   0.001043   0.000681  -41.108
  470789.72  5892016.45   0.680690   0.001044   0.000684  -41.067
  470789.27  5892016.97   0.681848   0.001046   0.000688  -41.027
  470788.83  5892017.48   0.682999   0.001047   0.000691  -40.986
  470788.38  5892018.00   0.684144   0.001049   0.000694  -40.945
  470787.93  5892018.52   0.685281   0.001051   0.000698  -40.904
  470787.48  5892019.03   0.686411   0.001052   0.000701  -40.862
  470787.03  5892019.55   0.687535   0.001054   0.000705  -40.821
  470786.58  5892020.08   0.688651   0.001056   0.000708  -40.780
  470786.13  5892020.60   0.689761   0.001058   0.000712  -40.738
  470785.68  5892021.12   0.690864   0.001059   0.000715  -40.696
  470785.23  5892021.65   0.691960   0.001061   0.000718  -40.654
  470784.78  5892022.17   0.693049   0.001063   0.000722  -40.612
  470784.33  5892022.70   0.694131   0.001065   0.000725  -40.570
  470783.88  5892023.23   0.695207   0.001066   0.000729  -40.528
  470783.43  5892023.76   0.696275   0.001068   0.000732  -40.485
  470782.98  5892024.29   0.697337   0.001070   0.000736  -40.442
  470782.52  5892024.82   0.698391   0.001072   0.000740  -40.400
  470782.07  5892025.35   0.699439   0.001074   0.000743  -40.357
  470781.62  5892025.88   0.700481   0.001076   0.000747  -40.314
  470781.16  5892026.42   0.701515   0.001078   0.000750  -40.271
  470780.71  5892026.95   0.702542   0.001080   0.000754  -40.227
  470780.26  5892027.49   0.703563   0.001082   0.000757  -40.184
  470779.80  5892028.03   0.704577   0.001084   0.000761  -40.140
  470779.35  5892028.57   0.705584   0.001086   0.000765  -40.096
  470778.89  5892029.11   0.706584   0.001088   0.000768  -40.053
  470778.44  5892029.65   0.707578   0.001090   0.000772  -40.008
  470777.99  5892030.19   0.708564   0.001092   0.000776  -39.964
  470777.53  5892030.74   0.709544   0.001094   0.000779  -39.920
  470777.08  5892031.28   0.710517   0.001097   0.000783  -39.875
  470776.62  5892031.83   0.711484   0.001099   0.000787  -39.831
  470776.16  5892032.38   0.712443   0.001101   0.000790  -39.786
  470775.71  5892032.92   0.713396   0.001103   0.000794  -39.741
  470775.25  5892033.47   0.714342   0.001105   0.000798  -39.696
  470774.80  5892034.02   0.715282   0.001108   0.000801  -39.651
  470774.34  5892034.57   0.716214   0.001110   0.000805  -39.605
  470773.88  5892035.13   0.717140   0.001112   0.000809  -39.560
  470773.43  5892035.68   0.718059   0.001115   0.000813  -39.514
  470772.97  5892036.24   0.718972   0.001117   0.000816  -39.468
  470772.51  5892036.79   0.719878   0.001119   0.000820  -39.422
  470772.06  5892037.35   0.720777   0.001122   0.000824  -39.376
  470771.60  5892037.91   0.721669   0.001124   0.000828  -39.330
  470771.14  5892038.46   0.722555   0.001127   0.000832  -39.283
  470770.68  5892039.02   0.723433   0.001129   0.000836  -39.237
  470770.23  5892039.59   0.724306   0.001131   0.000839  -39.190
  470769.77  5892040.15   0.725171   0.001134   0.000843  -39.143
  470769.31  5892040.71   0.726030   0.001136   0.000847  -39.096
  470768.85  5892041.28   0.726883   0.001139   0.000851  -39.049
  470768.40  5892041.84   0.727728   0.001142   0.000855  -39.001
  470767.94  5892042.41   0.728567   0.001144   0.000859  -38.953
  470767.48  5892042.97   0.729400   0.001147   0.000863  -38.906
  470767.02  5892043.54   0.730225   0.001149   0.000867  -38.858
  470766.57  5892044.11   0.731044   0.001152   0.000871  -38.810
  470766.11  5892044.68   0.731857   0.001155   0.000875  -38.761
  470765.65  5892045.25   0.732663   0.001158   0.000879  -38.713
  470765.19  5892045.83   0.733462   0.001160   0.000883  -38.664
  470764.73  5892046.40   0.734255   0.001163   0.000887  -38.616
  470764.28  5892046.97   0.735041   0.001166   0.000891  -38.567
  470763.82  5892047.55   0.735820   0.001169   0.000895  -38.518
  470763.36  5892048.13   0.736593   0.001171   0.000899  -38.468
  470762.90  5892048.70   0.737360   0.001174   0.000903  -38.419
  470762.44  5892049.28   0.738119   0.001177   0.000907  -38.369
  470761.99  5892049.86   0.738873   0.001180   0.000911  -38.320
  470761.53  5892050.44   0.739619   0.001183   0.000915  -38.270
  470761.07  5892051.02   0.740360   0.001186   0.000919  -38.219
  470760.61  5892051.60   0.741093   0.001189   0.000923  -38.169
  470760.15  5892052.19   0.741820   0.001192   0.000928  -38.119
  470759.70  5892052.77   0.742541   0.001195   0.000932  -38.068
  470759.24  5892053.36   0.743255   0.001198   0.000936  -38.017
  470758.78  5892053.94   0.743963   0.001201   0.000940  -37.966
  470758.32  5892054.53   0.744664   0.001204   0.000944  -37.915
  470757.87  5892055.12   0.745358   0.001207   0.000949  -37.864
  470757.41  5892055.71   0.746047   0.001212   0.000954  -37.812
  470756.95  5892056.30   0.746728   0.001216   0.000959  -37.760
  470756.50  5892056.89   0.747403   0.001217   0.000961  -37.708
  470756.04  5892057.48   0.748072   0.001215   0.000961  -37.656
  470755.58  5892058.07   0.748736   0.001213   0.000961  -37.604
  470755.13  5892058.67   0.749394   0.001211   0.000962  -37.552
  470754.67  5892059.26   0.750047   0.001209   0.000962  -37.500
  470754.21  5892059.86   0.750695   0.001207   0.000962  -37.448
  470753.76  5892060.46   0.751337   0.001205   0.000962  -37.396
  470753.30  5892061.05   0.751974   0.001203   0.000962  -37.344
  470752.85  5892061.65   0.752605   0.001201   0.000962  -37.292
  470752.39  5892062.25   0.753231   0.001200   0.000963  -37.240
  470751.93  5892062.85   0.753851   0.001198   0.000963  -37.189
  470751.48  5892063.45   0.754466   0.001196   0.000963  -37.137
  470751.02  5892064.05   0.755076   0.001195   0.000963  -37.085
  470750.57  5892064.66   0.755680   0.001193   0.000964  -37.034
  470750.11  5892065.26   0.756278   0.001192   0.000964  -36.982
  470749.66  5892065.87   0.756872   0.001190   0.000964  -36.930
  470749.21  5892066.47   0.757459   0.001189   0.000964  -36.879
  470748.75  5892067.08   0.758042   0.001187   0.000965  -36.827
  470748.30  5892067.69   0.758619   0.001186   0.000965  -36.776
  470747.84  5892068.29   0.759190   0.001184   0.000965  -36.724
  470747.39  5892068.90   0.759756   0.001183   0.000966  -36.672
  470746.94  5892069.51   0.760317   0.001182   0.000966  -36.621
  470746.48  5892070.12   0.760872   0.001181   0.000967  -36.569
  470746.03  5892070.74   0.761422   0.001179   0.000967  -36.518
  470745.58  5892071.35   0.761966   0.001178   0.000967  -36.467
  470745.13  5892071.96   0.762505   0.001177   0.000968  -36.415
  470744.67  5892072.58   0.763039   0.001176   0.000968  -36.364
  470744.22  5892073.19   0.763567   0.001175   0.000969  -36.312
  470743.77  5892073.81   0.764090   0.001174   0.000969  -36.261
  470743.32  5892074.42   0.764607   0.001173   0.000970  -36.210
  470742.87  5892075.04   0.765119   0.001172   0.000970  -36.158
  470742.42  5892075.66   0.765625   0.001171   0.000971  -36.107
  470741.96  5892076.28   0.766126   0.001170   0.000971  -36.055
  470741.51  5892076.90   0.766622   0.001169   0.000972  -36.004
  470741.06  5892077.52   0.767112   0.001168   0.000972  -35.953
  470740.61  5892078.14   0.767597   0.001168   0.000973  -35.901
  470740.16  5892078.76   0.768076   0.001167   0.000974  -35.850
  470739.71  5892079.39   0.768550   0.001166   0.000974  -35.799
  470739.27  5892080.01   0.769019   0.001166   0.000975  -35.747
  470738.82  5892080.64   0.769482   0.001165   0.000976  -35.696
  470738.37  5892081.26   0.769939   0.001164   0.000976  -35.645
  470737.92  5892081.89   0.770392   0.001164   0.000977  -35.593
  470737.47  5892082.51   0.770839   0.001163   0.000978  -35.542
  470737.02  5892083.14   0.771280   0.001163   0.000978  -35.490
  470736.58  5892083.77   0.771716   0.001162   0.000979  -35.439
  470736.13  5892084.40   0.772147   0.001162   0.000980  -35.388
  470735.68  5892085.03   0.772572   0.001161   0.000980  -35.336
  470735.24  5892085.66   0.772992   0.001161   0.000981  -35.285
  470734.79  5892086.29   0.773406   0.001161   0.000982  -35.233
  470734.35  5892086.92   0.773815   0.001161   0.000984  -35.182
  470733.90  5892087.56   0.774218   0.001162   0.000985  -35.130
  470733.45  5892088.19   0.774616   0.001160   0.000984  -35.079
  470733.01  5892088.83   0.775010   0.001156   0.000982  -35.027
  470732.57  5892089.46   0.775399   0.001152   0.000979  -34.976
  470732.12  5892090.10   0.775785   0.001148   0.000977  -34.925
  470731.68  5892090.73   0.776166   0.001143   0.000974  -34.874
  470731.23  5892091.37   0.776544   0.001139   0.000972  -34.823
  470730.79  5892092.01   0.776917   0.001135   0.000969  -34.772
  470730.35  5892092.65   0.777287   0.001131   0.000967  -34.722
  470729.91  5892093.29   0.777652   0.001127   0.000964  -34.671
  470729.46  5892093.93   0.778014   0.001124   0.000962  -34.621
  470729.02  5892094.57   0.778371   0.001120   0.000959  -34.571
  470728.58  5892095.21   0.778724   0.001116   0.000957  -34.521
  470728.14  5892095.85   0.779074   0.001112   0.000954  -34.471
  470727.70  5892096.49   0.779419   0.001108   0.000952  -34.422
  470727.26  5892097.14   0.779760   0.001104   0.000950  -34.372
  470726.82  5892097.78   0.780097   0.001101   0.000947  -34.323
  470726.38  5892098.43   0.780430   0.001097   0.000945  -34.274
  470725.94  5892099.07   0.780759   0.001093   0.000943  -34.225
  470725.50  5892099.72   0.781084   0.001090   0.000940  -34.176
  470725.07  5892100.37   0.781405   0.001086   0.000938  -34.127
  470724.63  5892101.01   0.781721   0.001083   0.000936  -34.078
  470724.19  5892101.66   0.782034   0.001079   0.000933  -34.030
  470723.75  5892102.31   0.782342   0.001075   0.000931  -33.981
  470723.32  5892102.96   0.782647   0.001072   0.000929  -33.933
  470722.88  5892103.61   0.782947   0.001069   0.000926  -33.885
  470722.44  5892104.26   0.783243   0.001065   0.000924  -33.837
  470722.01  5892104.91   0.783535   0.001062   0.000922  -33.789
  470721.57  5892105.56   0.783823   0.001058   0.000920  -33.742
  470721.14  5892106.21   0.784107   0.001055   0.000917  -33.694
  470720.70  5892106.87   0.784387   0.001052   0.000915  -33.647
  470720.27  5892107.52   0.784662   0.001048   0.000913  -33.600
  470719.84  5892108.17   0.784934   0.001045   0.000911  -33.552
  470719.40  5892108.83   0.785201   0.001042   0.000908  -33.505
  470718.97  5892109.48   0.785465   0.001039   0.000906  -33.459
  470718.54  5892110.14   0.785724   0.001036   0.000904  -33.412
  470718.10  5892110.80   0.785978   0.001032   0.000902  -33.365
  470717.67  5892111.45   0.786229   0.001029   0.000900  -33.319
  470717.24  5892112.11   0.786476   0.001026   0.000898  -33.272
  470716.81  5892112.77   0.786718   0.001023   0.000896  -33.226
  470716.38  5892113.43   0.786957   0.001020   0.000893  -33.180
  470715.95  5892114.09   0.787191   0.001017   0.000891  -33.134
  470715.52  5892114.75   0.787421   0.001014   0.000889  -33.088
  470715.09  5892115.41   0.787646   0.001011   0.000887  -33.042
  470714.66  5892116.07   0.787868   0.001008   0.000885  -32.997
  470714.23  5892116.73   0.788085   0.001005   0.000883  -32.951
  470713.80  5892117.39   0.788299   0.001002   0.000881  -32.906
  470713.38  5892118.05   0.788508   0.001000   0.000879  -32.861
  470712.95  5892118.71   0.788713   0.000997   0.000877  -32.815
  470712.52  5892119.38   0.788913   0.000994   0.000875  -32.770
  470712.10  5892120.04   0.789110   0.000991   0.000873  -32.725
  470711.67  5892120.71   0.789302   0.000988   0.000871  -32.681
  470711.24  5892121.37   0.789490   0.000986   0.000869  -32.636
  470710.82  5892122.04   0.789674   0.000983   0.000867  -32.591
  470710.39  5892122.70   0.789854   0.000980   0.000865  -32.547
  470709.97  5892123.37   0.790029   0.000978   0.000863  -32.502
  470709.54  5892124.03   0.790201   0.000975   0.000861  -32.458
  470709.12  5892124.70   0.790368   0.000972   0.000859  -32.414
  470708.70  5892125.37   0.790530   0.000970   0.000857  -32.370
  470708.27  5892126.04   0.790689   0.000967   0.000855  -32.326
  470707.85  5892126.71   0.790843   0.000965   0.000853  -32.282
  470707.43  5892127.37   0.790993   0.000962   0.000851  -32.239
  470707.01  5892128.04   0.791139   0.000960   0.000850  -32.195
  470706.59  5892128.71   0.791281   0.000957   0.000848  -32.151
  470706.17  5892129.38   0.791418   0.000955   0.000846  -32.108
  470705.75  5892130.05   0.791552   0.000952   0.000844  -32.065
  470705.33  5892130.73   0.791680   0.000950   0.000842  -32.022
  470704.91  5892131.40   0.791805   0.000948   0.000840  -31.978
  470704.49  5892132.07   0.791926   0.000945   0.000838  -31.935
  470704.07  5892132.74   0.792042   0.000943   0.000837  -31.893
  470703.65  5892133.42   0.792154   0.000941   0.000835  -31.850
  470703.24  5892134.09   0.792261   0.000938   0.000833  -31.807
  470702.82  5892134.76   0.792365   0.000936   0.000831  -31.764
  470702.40  5892135.44   0.792464   0.000934   0.000829  -31.722
  470701.99  5892136.11   0.792559   0.000932   0.000828  -31.680
  470701.57  5892136.79   0.792649   0.000930   0.000826  -31.637
  470701.15  5892137.46   0.792736   0.000927   0.000824  -31.595
  470700.74  5892138.14   0.792818   0.000925   0.000822  -31.553
  470700.33  5892138.81   0.792895   0.000923   0.000821  -31.511
  470699.91  5892139.49   0.792969   0.000921   0.000819  -31.469
  470699.50  5892140.16   0.793038   0.000919   0.000817  -31.427
  470699.08  5892140.84   0.793103   0.000917   0.000816  -31.385
  470698.67  5892141.52   0.793163   0.000915   0.000814  -31.344
  470698.26  5892142.20   0.793220   0.000913   0.000812  -31.302
  470697.85  5892142.88   0.793272   0.000911   0.000811  -31.261
  470697.44  5892143.55   0.793320   0.000909   0.000809  -31.219
  470697.03  5892144.23   0.793363   0.000907   0.000807  -31.178
  470696.62  5892144.91   0.793402   0.000905   0.000806  -31.137
  470696.21  5892145.59   0.793437   0.000903   0.000804  -31.096
  470695.80  5892146.27   0.793467   0.000901   0.000802  -31.055
  470695.39  5892146.95   0.793494   0.000899   0.000801  -31.014
  470694.98  5892147.63   0.793515   0.000897   0.000799  -30.973
  470694.57  5892148.31   0.793533   0.000895   0.000797  -30.932
  470694.16  5892148.99   0.793546   0.000894   0.000796  -30.891
  470693.76  5892149.67   0.793555   0.000892   0.000794  -30.851
  470693.35  5892150.36   0.793560   0.000891   0.000793  -30.810
  470692.95  5892151.04   0.793560   0.000889   0.000792  -30.770
  470692.54  5892151.72   0.793556   0.000887   0.000790  -30.729
  470692.13  5892152.40   0.793547   0.000883   0.000786  -30.689
  470691.73  5892153.08   0.793535   0.000879   0.000782  -30.649
  470691.33  5892153.77   0.793518   0.000875   0.000779  -30.609
  470690.92  5892154.45   0.793497   0.000871   0.000775  -30.569
  470690.52  5892155.13   0.793472   0.000867   0.000772  -30.529
  470690.12  5892155.82   0.793443   0.000863   0.000768  -30.490
  470689.72  5892156.50   0.793409   0.000859   0.000765  -30.451
  470689.31  5892157.19   0.793371   0.000855   0.000761  -30.412
  470688.91  5892157.87   0.793329   0.000851   0.000758  -30.373
  470688.51  5892158.56   0.793283   0.000847   0.000754  -30.334
  470688.11  5892159.24   0.793233   0.000844   0.000751  -30.296
  470687.71  5892159.93   0.793178   0.000840   0.000747  -30.257
  470687.31  5892160.61   0.793119   0.000836   0.000744  -30.219
  470686.91  5892161.30   0.793056   0.000832   0.000740  -30.181
  470686.52  5892161.98   0.792988   0.000829   0.000737  -30.143
  470686.12  5892162.67   0.792916   0.000825   0.000733  -30.106
  470685.72  5892163.35   0.792840   0.000821   0.000730  -30.068
  470685.32  5892164.04   0.792760   0.000817   0.000726  -30.031
  470684.93  5892164.73   0.792675   0.000814   0.000723  -29.994
  470684.53  5892165.41   0.792587   0.000810   0.000720  -29.957
  470684.14  5892166.10   0.792493   0.000806   0.000716  -29.920
  470683.74  5892166.79   0.792396   0.000803   0.000713  -29.883
  470683.35  5892167.48   0.792294   0.000799   0.000709  -29.847
  470682.95  5892168.16   0.792188   0.000796   0.000706  -29.811
  470682.56  5892168.85   0.792078   0.000792   0.000703  -29.774
  470682.17  5892169.54   0.791963   0.000788   0.000699  -29.739
  470681.77  5892170.23   0.791844   0.000785   0.000696  -29.703
  470681.38  5892170.91   0.791721   0.000781   0.000693  -29.667
  470680.99  5892171.60   0.791593   0.000778   0.000689  -29.632
  470680.60  5892172.29   0.791461   0.000774   0.000686  -29.596
  470680.21  5892172.98   0.791325   0.000771   0.000683  -29.561
  470679.82  5892173.67   0.791184   0.000767   0.000679  -29.526
  470679.43  5892174.36   0.791039   0.000764   0.000676  -29.492
  470679.04  5892175.04   0.790890   0.000760   0.000673  -29.457
  470678.65  5892175.73   0.790736   0.000757   0.000669  -29.423
  470678.27  5892176.42   0.790578   0.000753   0.000666  -29.388
  470677.88  5892177.11   0.790415   0.000750   0.000663  -29.354
  470677.49  5892177.80   0.790249   0.000747   0.000659  -29.320
  470677.10  5892178.49   0.790078   0.000743   0.000656  -29.286
  470676.72  5892179.18   0.789902   0.000740   0.000653  -29.253
  470676.33  5892179.87   0.789722   0.000736   0.000650  -29.219
  470675.95  5892180.56   0.789538   0.000733   0.000646  -29.186
  470675.56  5892181.25   0.789349   0.000730   0.000643  -29.153
  470675.18  5892181.94   0.789156   0.000726   0.000640  -29.120
  470674.80  5892182.63   0.788959   0.000723   0.000637  -29.087
  470674.41  5892183.32   0.788757   0.000720   0.000633  -29.054
  470674.03  5892184.00   0.788551   0.000717   0.000630  -29.022
  470673.65  5892184.69   0.788340   0.000713   0.000627  -28.989
  470673.27  5892185.38   0.788125   0.000710   0.000624  -28.957
  470672.88  5892186.07   0.787905   0.000707   0.000620  -28.925
  470672.50  5892186.76   0.787682   0.000703   0.000617  -28.893
  470672.12  5892187.45   0.787453   0.000700   0.000614  -28.861
  470671.74  5892188.14   0.787221   0.000697   0.000611  -28.830
  470671.37  5892188.83   0.786983   0.000694   0.000608  -28.798
  470670.99  5892189.52   0.786742   0.000691   0.000604  -28.767
  470670.61  5892190.21   0.786496   0.000687   0.000601  -28.736
  470670.23  5892190.90   0.786245   0.000684   0.000598  -28.705
  470669.85  5892191.59   0.785990   0.000681   0.000595  -28.674
  470669.48  5892192.28   0.785731   0.000678   0.000592  -28.643
  470669.10  5892192.97   0.785467   0.000675   0.000589  -28.613
  470668.72  5892193.66   0.785199   0.000672   0.000586  -28.583
  470668.35  5892194.35   0.784926   0.000668   0.000582  -28.552
  470667.97  5892195.04   0.784649   0.000665   0.000579  -28.522
  470667.60  5892195.73   0.784368   0.000662   0.000576  -28.492
  470667.23  5892196.42   0.784082   0.000659   0.000573  -28.463
  470666.85  5892197.11   0.783791   0.000656   0.000570  -28.433
  470666.48  5892197.80   0.783496   0.000653   0.000567  -28.404
  470666.11  5892198.49   0.783197   0.000650   0.000564  -28.374
  470665.74  5892199.18   0.782893   0.000647   0.000561  -28.345
  470665.37  5892199.87   0.782584   0.000644   0.000558  -28.316
  470664.99  5892200.55   0.782271   0.000641   0.000554  -28.287
  470664.62  5892201.24   0.781954   0.000638   0.000551  -28.259
  470664.25  5892201.93   0.781632   0.000635   0.000548  -28.230
  470663.89  5892202.62   0.781305   0.000632   0.000545  -28.202
  470663.52  5892203.31   0.780974   0.000629   0.000542  -28.173
  470663.15  5892204.00   0.780639   0.000625   0.000539  -28.145
  470662.78  5892204.69   0.780299   0.000622   0.000536  -28.117
  470662.41  5892205.37   0.779955   0.000619   0.000533  -28.089
  470662.05  5892206.06   0.779606   0.000616   0.000530  -28.062
  470661.68  5892206.75   0.779252   0.000613   0.000527  -28.034
  470661.31  5892207.44   0.778894   0.000610   0.000524  -28.007
  470660.95  5892208.13   0.778532   0.000607   0.000521  -27.980
  470660.58  5892208.81   0.778165   0.000604   0.000517  -27.952
  470660.22  5892209.50   0.777793   0.000601   0.000514  -27.925
  470659.86  5892210.19   0.777417   0.000598   0.000511  -27.899
  470659.49  5892210.88   0.777037   0.000595   0.000508  -27.872
  470659.13  5892211.56   0.776652   0.000592   0.000505  -27.846
  470658.77  5892212.25   0.776262   0.000589   0.000502  -27.819
  470658.41  5892212.94   0.775868   0.000586   0.000499  -27.793
  470658.04  5892213.62   0.775469   0.000583   0.000496  -27.767
  470657.68  5892214.31   0.775066   0.000580   0.000493  -27.741
  470657.32  5892214.99   0.774658   0.000576   0.000489  -27.715
  470656.96  5892215.68   0.774243   0.000571   0.000484  -27.690
  470656.60  5892216.36   0.773822   0.000571   0.000484  -27.664
  470656.24  5892217.05   0.773404   0.000574   0.000486  -27.639
  470655.89  5892217.74   0.772989   0.000577   0.000488  -27.614
  470655.53  5892218.42   0.772576   0.000580   0.000490  -27.588
  470655.17  5892219.11   0.772165   0.000583   0.000492  -27.562
  470654.81  5892219.79   0.771757   0.000586   0.000494  -27.537
  470654.46  5892220.47   0.771351   0.000589   0.000496  -27.511
  470654.10  5892221.16   0.770947   0.000592   0.000498  -27.485
  470653.75  5892221.84   0.770546   0.000595   0.000500  -27.458
  470653.39  5892222.53   0.770148   0.000598   0.000502  -27.432
  470653.04  5892223.21   0.769751   0.000601   0.000504  -27.406
  470652.68  5892223.89   0.769357   0.000604   0.000506  -27.379
  470652.33  5892224.58   0.768966   0.000607   0.000508  -27.353
  470651.98  5892225.26   0.768577   0.000610   0.000510  -27.326
  470651.62  5892225.94   0.768190   0.000613   0.000512  -27.299
  470651.27  5892226.62   0.767806   0.000616   0.000513  -27.272
  470650.92  5892227.31   0.767424   0.000619   0.000515  -27.245
  470650.57  5892227.99   0.767045   0.000622   0.000518  -27.218
  470650.22  5892228.67   0.766668   0.000625   0.000520  -27.190
  470649.87  5892229.35   0.766294   0.000628   0.000521  -27.163
  470649.52  5892230.03   0.765922   0.000630   0.000522  -27.135
  470649.17  5892230.72   0.765551   0.000632   0.000524  -27.108
  470648.82  5892231.40   0.765182   0.000634   0.000525  -27.080
  470648.48  5892232.08   0.764815   0.000636   0.000526  -27.052
  470648.13  5892232.76   0.764449   0.000638   0.000527  -27.024
  470647.78  5892233.44   0.764085   0.000640   0.000528  -26.996
  470647.43  5892234.12   0.763723   0.000642   0.000530  -26.968
  470647.09  5892234.80   0.763363   0.000644   0.000531  -26.940
  470646.74  5892235.48   0.763004   0.000646   0.000532  -26.912
  470646.40  5892236.16   0.762647   0.000648   0.000533  -26.884
  470646.05  5892236.84   0.762292   0.000650   0.000534  -26.856
  470645.71  5892237.52   0.761938   0.000652   0.000535  -26.827
  470645.37  5892238.20   0.761586   0.000654   0.000537  -26.799
  470645.02  5892238.88   0.761236   0.000656   0.000538  -26.770
  470644.68  5892239.56   0.760887   0.000658   0.000539  -26.742
  470644.34  5892240.24   0.760541   0.000660   0.000540  -26.713
  470644.00  5892240.92   0.760196   0.000662   0.000541  -26.684
  470643.66  5892241.60   0.759852   0.000664   0.000542  -26.655
  470643.32  5892242.28   0.759511   0.000666   0.000544  -26.626
  470642.98  5892242.96   0.759171   0.000668   0.000545  -26.597
  470642.64  5892243.64   0.758833   0.000670   0.000546  -26.568
  470642.30  5892244.32   0.758496   0.000672   0.000547  -26.539
  470641.96  5892245.00   0.758161   0.000674   0.000548  -26.510
  470641.62  5892245.67   0.757829   0.000676   0.000549  -26.481
  470641.28  5892246.35   0.757497   0.000678   0.000551  -26.451
  470640.95  5892247.03   0.757168   0.000680   0.000552  -26.422
  470640.61  5892247.71   0.756840   0.000682   0.000553  -26.392
  470640.27  5892248.39   0.756514   0.000684   0.000554  -26.363
  470639.94  5892249.06   0.756190   0.000686   0.000555  -26.333
  470639.60  5892249.74   0.755867   0.000688   0.000556  -26.303
  470639.27  5892250.42   0.755546   0.000690   0.000557  -26.273
  470638.94  5892251.10   0.755227   0.000692   0.000559  -26.244
  470638.60  5892251.78   0.754910   0.000694   0.000560  -26.214
  470638.27  5892252.45   0.754594   0.000697   0.000561  -26.184
  470637.94  5892253.13   0.754280   0.000699   0.000563  -26.153
  470637.60  5892253.81   0.753968   0.000700   0.000563  -26.123
  470637.27  5892254.48   0.753658   0.000700   0.000562  -26.093
  470636.94  5892255.16   0.753349   0.000700   0.000562  -26.063
  470636.61  5892255.84   0.753042   0.000700   0.000561  -26.032
  470636.28  5892256.51   0.752737   0.000700   0.000561  -26.002
  470635.95  5892257.19   0.752433   0.000699   0.000560  -25.972
  470635.62  5892257.87   0.752130   0.000699   0.000559  -25.942
  470635.29  5892258.54   0.751830   0.000699   0.000559  -25.912
  470634.97  5892259.22   0.751531   0.000699   0.000558  -25.882
  470634.64  5892259.90   0.751233   0.000698   0.000557  -25.852
  470634.31  5892260.57   0.750938   0.000698   0.000557  -25.822
  470633.98  5892261.25   0.750644   0.000698   0.000556  -25.792
  470633.66  5892261.92   0.750351   0.000698   0.000555  -25.761
  470633.33  5892262.60   0.750060   0.000697   0.000555  -25.732
  470633.01  5892263.28   0.749771   0.000697   0.000554  -25.702
  470632.68  5892263.95   0.749483   0.000697   0.000553  -25.672
  470632.36  5892264.63   0.749197   0.000696   0.000553  -25.642
  470632.03  5892265.30   0.748913   0.000696   0.000552  -25.612
  470631.71  5892265.98   0.748630   0.000696   0.000551  -25.582
  470631.39  5892266.65   0.748349   0.000695   0.000551  -25.552
  470631.07  5892267.33   0.748070   0.000695   0.000550  -25.522
  470630.74  5892268.00   0.747792   0.000695   0.000549  -25.492
  470630.42  5892268.68   0.747516   0.000694   0.000549  -25.463
  470630.10  5892269.35   0.747241   0.000694   0.000548  -25.433
  470629.78  5892270.03   0.746968   0.000694   0.000547  -25.403
  470629.46  5892270.70   0.746697   0.000693   0.000547  -25.374
  470629.14  5892271.38   0.746427   0.000693   0.000546  -25.344
  470628.82  5892272.05   0.746159   0.000693   0.000545  -25.314
  470628.50  5892272.73   0.745892   0.000692   0.000545  -25.285
  470628.19  5892273.40   0.745627   0.000692   0.000544  -25.255
  470627.87  5892274.08   0.745364   0.000691   0.000543  -25.226
  470627.55  5892274.75   0.745102   0.000691   0.000543  -25.196
  470627.23  5892275.42   0.744842   0.000691   0.000542  -25.166
  470626.92  5892276.10   0.744584   0.000691   0.000542  -25.137
  470626.60  5892276.77   0.744327   0.000691   0.000542  -25.108
  470626.29  5892277.45   0.744071   0.000689   0.000540  -25.078
  470625.97  5892278.12   0.743818   0.000686   0.000536  -25.049
  470625.66  5892278.79   0.743566   0.000682   0.000533  -25.019
  470625.34  5892279.47   0.743316   0.000678   0.000530  -24.990
  470625.03  5892280.14   0.743067   0.000674   0.000527  -24.961
  470624.72  5892280.82   0.742820   0.000671   0.000523  -24.933
  470624.40  5892281.49   0.742575   0.000667   0.000520  -24.904
  470624.09  5892282.16   0.742331   0.000663   0.000517  -24.876
  470623.78  5892282.84   0.742090   0.000659   0.000513  -24.848
  470623.47  5892283.51   0.741849   0.000655   0.000510  -24.820
  470623.16  5892284.18   0.741611   0.000651   0.000507  -24.792
  470622.85  5892284.86   0.741374   0.000648   0.000503  -24.764
  470622.53  5892285.53   0.741139   0.000644   0.000500  -24.737
  470622.23  5892286.20   0.740905   0.000640   0.000497  -24.709
  470621.92  5892286.88   0.740673   0.000636   0.000493  -24.682
  470621.61  5892287.55   0.740443   0.000632   0.000490  -24.655
  470621.30  5892288.22   0.740214   0.000628   0.000487  -24.628
  470620.99  5892288.89   0.739987   0.000624   0.000483  -24.602
  470620.68  5892289.57   0.739761   0.000620   0.000480  -24.575
  470620.38  5892290.24   0.739537   0.000616   0.000477  -24.549
  470620.07  5892290.91   0.739315   0.000612   0.000473  -24.523
  470619.76  5892291.59   0.739095   0.000608   0.000470  -24.497
  470619.46  5892292.26   0.738876   0.000604   0.000467  -24.471
  470619.15  5892292.93   0.738658   0.000600   0.000463  -24.446
  470618.84  5892293.60   0.738443   0.000596   0.000460  -24.420
  470618.54  5892294.28   0.738228   0.000592   0.000457  -24.395
  470618.24  5892294.95   0.738016   0.000588   0.000453  -24.370
  470617.93  5892295.62   0.737805   0.000584   0.000450  -24.345
  470617.63  5892296.29   0.737595   0.000580   0.000446  -24.320
  470617.32  5892296.97   0.737388   0.000576   0.000443  -24.296
  470617.02  5892297.64   0.737182   0.000572   0.000440  -24.271
  470616.72  5892298.31   0.736977   0.000568   0.000436  -24.247
  470616.42  5892298.98   0.736774   0.000564   0.000433  -24.223
  470616.11  5892299.65   0.736573   0.000560   0.000429  -24.199
  470615.81  5892300.32   0.736373   0.000556   0.000426  -24.176
  470615.51  5892301.00   0.736174   0.000552   0.000423  -24.152
  470615.21  5892301.67   0.735978   0.000547   0.000419  -24.129
  470614.91  5892302.34   0.735783   0.000543   0.000416  -24.106
  470614.61  5892303.01   0.735589   0.000539   0.000413  -24.083
  470614.31  5892303.68   0.735397   0.000535   0.000409  -24.060
  470614.01  5892304.36   0.735207   0.000531   0.000406  -24.038
  470613.71  5892305.03   0.735018   0.000527   0.000402  -24.016
  470613.41  5892305.70   0.734830   0.000522   0.000399  -23.993
  470613.11  5892306.37   0.734645   0.000518   0.000395  -23.971
  470612.82  5892307.04   0.734460   0.000514   0.000392  -23.950
  470612.52  5892307.71   0.734278   0.000510   0.000389  -23.928
  470612.22  5892308.38   0.734097   0.000505   0.000385  -23.907
  470611.92  5892309.05   0.733917   0.000501   0.000382  -23.885
  470611.63  5892309.73   0.733739   0.000497   0.000378  -23.864
  470611.33  5892310.40   0.733562   0.000493   0.000375  -23.843
  470611.03  5892311.07   0.733387   0.000488   0.000372  -23.823
  470610.74  5892311.74   0.733214   0.000484   0.000368  -23.802
  470610.44  5892312.41   0.733042   0.000480   0.000365  -23.782
  470610.15  5892313.08   0.732872   0.000476   0.000361  -23.762
  470609.85  5892313.75   0.732703   0.000471   0.000358  -23.742
  470609.56  5892314.42   0.732535   0.000467   0.000354  -23.722
  470609.26  5892315.09   0.732370   0.000463   0.000351  -23.702
  470608.97  5892315.76   0.732205   0.000458   0.000347  -23.683
  470608.67  5892316.43   0.732042   0.000454   0.000344  -23.664
  470608.38  5892317.10   0.731881   0.000450   0.000341  -23.645
  470608.09  5892317.77   0.731721   0.000445   0.000337  -23.626
  470607.79  5892318.44   0.731563   0.000441   0.000334  -23.607
  470607.50  5892319.12   0.731406   0.000436   0.000330  -23.589
  470607.21  5892319.79   0.731251   0.000432   0.000327  -23.570
  470606.92  5892320.46   0.731097   0.000428   0.000323  -23.552
  470606.62  5892321.13   0.730945   0.000423   0.000320  -23.534
  470606.33  5892321.80   0.730794   0.000419   0.000316  -23.517
  470606.04  5892322.47   0.730645   0.000414   0.000313  -23.499
  470605.75  5892323.14   0.730497   0.000410   0.000309  -23.482
  470605.46  5892323.81   0.730351   0.000406   0.000306  -23.464
  470605.17  5892324.48   0.730206   0.000401   0.000302  -23.447
  470604.88  5892325.15   0.730062   0.000397   0.000299  -23.431
  470604.59  5892325.82   0.729921   0.000392   0.000296  -23.414
  470604.30  5892326.49   0.729780   0.000388   0.000292  -23.398
  470604.01  5892327.16   0.729641   0.000383   0.000289  -23.381
  470603.72  5892327.83   0.729504   0.000379   0.000285  -23.365
  470603.43  5892328.50   0.729368   0.000374   0.000281  -23.350
  470603.14  5892329.16   0.729234   0.000369   0.000277  -23.334
  470602.85  5892329.83   0.729101   0.000365   0.000275  -23.319
  470602.56  5892330.50   0.728969   0.000363   0.000273  -23.303
  470602.28  5892331.17   0.728838   0.000362   0.000272  -23.288
  470601.99  5892331.84   0.728708   0.000360   0.000270  -23.273
  470601.70  5892332.51   0.728578   0.000358   0.000269  -23.258
  470601.41  5892333.18   0.728449   0.000356   0.000267  -23.243
  470601.13  5892333.85   0.728321   0.000354   0.000266  -23.228
  470600.84  5892334.52   0.728193   0.000352   0.000264  -23.214
  470600.55  5892335.19   0.728067   0.000350   0.000263  -23.199
  470600.27  5892335.86   0.727941   0.000348   0.000261  -23.184
  470599.98  5892336.53   0.727815   0.000347   0.000260  -23.170
  470599.69  5892337.20   0.727691   0.000345   0.000258  -23.155
  470599.41  5892337.87   0.727567   0.000343   0.000257  -23.141
  470599.12  5892338.54   0.727444   0.000341   0.000255  -23.127
  470598.84  5892339.20   0.727322   0.000339   0.000254  -23.112
  470598.55  5892339.87   0.727201   0.000337   0.000252  -23.098
  470598.27  5892340.54   0.727080   0.000335   0.000250  -23.084
  470597.98  5892341.21   0.726960   0.000333   0.000249  -23.070
  470597.70  5892341.88   0.726841   0.000331   0.000247  -23.056
  470597.41  5892342.55   0.726722   0.000329   0.000246  -23.043
  470597.13  5892343.22   0.726604   0.000327   0.000244  -23.029
  470596.84  5892343.89   0.726487   0.000325   0.000243  -23.015
  470596.56  5892344.55   0.726371   0.000324   0.000241  -23.002
  470596.28  5892345.22   0.726255   0.000322   0.000240  -22.988
  470595.99  5892345.89   0.726141   0.000320   0.000238  -22.975
  470595.71  5892346.56   0.726026   0.000318   0.000237  -22.962
  470595.43  5892347.23   0.725913   0.000316   0.000235  -22.948
  470595.14  5892347.90   0.725800   0.000314   0.000234  -22.935
  470594.86  5892348.57   0.725688   0.000312   0.000232  -22.922
  470594.58  5892349.23   0.725577   0.000310   0.000231  -22.909
  470594.30  5892349.90   0.725467   0.000308   0.000229  -22.896
  470594.01  5892350.57   0.725357   0.000306   0.000228  -22.884
  470593.73  5892351.24   0.725248   0.000304   0.000226  -22.871
  470593.45  5892351.91   0.725140   0.000302   0.000225  -22.858
  470593.17  5892352.58   0.725032   0.000300   0.000223  -22.846
  470592.89  5892353.24   0.724925   0.000298   0.000222  -22.833
  470592.61  5892353.91   0.724819   0.000296   0.000220  -22.821
  470592.33  5892354.58   0.724714   0.000294   0.000219  -22.808
  470592.04  5892355.25   0.724609   0.000292   0.000217  -22.796
  470591.76  5892355.92   0.724505   0.000290   0.000215  -22.784
  470591.48  5892356.58   0.724402   0.000288   0.000214  -22.772
  470591.20  5892357.25   0.724300   0.000286   0.000212  -22.760
  470590.92  5892357.92   0.724198   0.000284   0.000211  -22.748
  470590.64  5892358.59   0.724097   0.000282   0.000209  -22.736
  470590.36  5892359.26   0.723996   0.000280   0.000208  -22.725
  470590.08  5892359.92   0.723897   0.000278   0.000206  -22.713
  470589.80  5892360.59   0.723798   0.000276   0.000205  -22.702
  470589.53  5892361.26   0.723700   0.000274   0.000203  -22.690
  470589.25  5892361.93   0.723602   0.000272   0.000202  -22.679
  470588.97  5892362.59   0.723505   0.000270   0.000200  -22.667
  470588.69  5892363.26   0.723409   0.000268   0.000199  -22.656
  470588.41  5892363.93   0.723314   0.000266   0.000197  -22.645
  470588.13  5892364.60   0.723220   0.000264   0.000195  -22.634
  470587.85  5892365.26   0.723126   0.000262   0.000194  -22.623
  470587.58  5892365.93   0.723032   0.000260   0.000192  -22.612
  470587.30  5892366.60   0.722940   0.000258   0.000191  -22.601
  470587.02  5892367.27   0.722848   0.000256   0.000189  -22.591
  470586.74  5892367.93   0.722757   0.000254   0.000188  -22.580
  470586.47  5892368.60   0.722667   0.000252   0.000186  -22.570
  470586.19  5892369.27   0.722577   0.000250   0.000185  -22.559
  470585.91  5892369.94   0.722488   0.000248   0.000183  -22.549
  470585.63  5892370.60   0.722400   0.000246   0.000182  -22.539
  470585.36  5892371.27   0.722313   0.000244   0.000180  -22.528
  470585.08  5892371.94   0.722226   0.000242   0.000179  -22.518
  470584.80  5892372.61   0.722140   0.000240   0.000177  -22.508
  470584.53  5892373.27   0.722054   0.000238   0.000175  -22.498
  470584.25  5892373.94   0.721970   0.000236   0.000174  -22.488
  470583.98  5892374.61   0.721886   0.000234   0.000172  -22.479
  470583.70  5892375.27   0.721803   0.000232   0.000171  -22.469
  470583.42  5892375.94   0.721720   0.000230   0.000169  -22.459
  470583.15  5892376.61   0.721638   0.000228   0.000168  -22.450
  470582.87  5892377.27   0.721557   0.000226   0.000166  -22.441
  470582.60  5892377.94   0.721477   0.000224   0.000165  -22.431
  470582.32  5892378.61   0.721397   0.000222   0.000163  -22.422
  470582.05  5892379.28   0.721318   0.000219   0.000161  -22.413
  470581.77  5892379.94   0.721239   0.000217   0.000160  -22.404
  470581.50  5892380.61   0.721162   0.000215   0.000158  -22.395
  470581.22  5892381.28   0.721085   0.000213   0.000157  -22.386
  470580.95  5892381.94   0.721009   0.000211   0.000155  -22.377
  470580.67  5892382.61   0.720933   0.000209   0.000154  -22.368
  470580.40  5892383.28   0.720858   0.000207   0.000152  -22.360
  470580.13  5892383.94   0.720784   0.000205   0.000151  -22.351
  470579.85  5892384.61   0.720711   0.000203   0.000149  -22.343
  470579.58  5892385.28   0.720638   0.000201   0.000148  -22.334
  470579.30  5892385.94   0.720566   0.000199   0.000146  -22.326
  470579.03  5892386.61   0.720494   0.000197   0.000144  -22.318
  470578.76  5892387.28   0.720424   0.000195   0.000143  -22.310
  470578.48  5892387.94   0.720354   0.000193   0.000141  -22.302
  470578.21  5892388.61   0.720285   0.000190   0.000140  -22.294
  470577.94  5892389.28   0.720216   0.000188   0.000138  -22.286
  470577.66  5892389.94   0.720148   0.000186   0.000137  -22.278
  470577.39  5892390.61   0.720081   0.000184   0.000135  -22.270
  470577.12  5892391.27   0.720014   0.000182   0.000133  -22.263
  470576.85  5892391.94   0.719949   0.000180   0.000132  -22.255
  470576.57  5892392.61   0.719884   0.000178   0.000130  -22.248
  470576.30  5892393.27   0.719819   0.000176   0.000129  -22.241
  470576.03  5892393.94   0.719755   0.000174   0.000127  -22.233
  470575.76  5892394.61   0.719692   0.000172   0.000126  -22.226
  470575.48  5892395.27   0.719630   0.000169   0.000124  -22.219
  470575.21  5892395.94   0.719568   0.000167   0.000123  -22.212
  470574.94  5892396.60   0.719507   0.000165   0.000121  -22.205
  470574.67  5892397.27   0.719447   0.000163   0.000119  -22.198
  470574.40  5892397.94   0.719387   0.000161   0.000118  -22.192
  470574.13  5892398.60   0.719329   0.000159   0.000116  -22.185
  470573.85  5892399.27   0.719270   0.000157   0.000115  -22.178
  470573.58  5892399.93   0.719213   0.000155   0.000113  -22.172
  470573.31  5892400.60   0.719156   0.000153   0.000112  -22.166
  470573.04  5892401.27   0.719100   0.000150   0.000110  -22.159
  470572.77  5892401.93   0.719044   0.000148   0.000108  -22.153
  470572.50  5892402.60   0.718990   0.000146   0.000107  -22.147
  470572.23  5892403.26   0.718935   0.000144   0.000105  -22.141
  470571.96  5892403.93   0.718882   0.000142   0.000104  -22.135
  470571.68  5892404.60   0.718829   0.000140   0.000102  -22.129
  470571.41  5892405.26   0.718777   0.000138   0.000101  -22.123
  470571.14  5892405.93   0.718726   0.000136   0.000099  -22.118
  470570.87  5892406.59   0.718675   0.000134   0.000098  -22.112
  470570.60  5892407.26   0.718625   0.000131   0.000096  -22.107
  470570.33  5892407.93   0.718576   0.000129   0.000094  -22.101
  470570.06  5892408.59   0.718527   0.000127   0.000093  -22.096
  470569.79  5892409.26   0.718479   0.000125   0.000091  -22.091
  470569.52  5892409.92   0.718432   0.000123   0.000090  -22.086
  470569.25  5892410.59   0.718386   0.000121   0.000088  -22.080
  470568.98  5892411.25   0.718340   0.000119   0.000087  -22.076
  470568.71  5892411.92   0.718294   0.000116   0.000085  -22.071
  470568.44  5892412.59   0.718250   0.000114   0.000083  -22.066
  470568.17  5892413.25   0.718206   0.000112   0.000082  -22.061
  470567.90  5892413.92   0.718163   0.000110   0.000080  -22.057
  470567.63  5892414.58   0.718120   0.000108   0.000079  -22.052
  470567.36  5892415.25   0.718079   0.000106   0.000077  -22.048
  470567.09  5892415.91   0.718038   0.000104   0.000076  -22.043
  470566.82  5892416.58   0.717997   0.000102   0.000074  -22.039
  470566.55  5892417.24   0.717957   0.000099   0.000072  -22.035
  470566.29  5892417.91   0.717918   0.000097   0.000071  -22.031
  470566.02  5892418.58   0.717880   0.000095   0.000069  -22.027
  470565.75  5892419.24   0.717842   0.000093   0.000068  -22.023
  470565.48  5892419.91   0.717805   0.000091   0.000066  -22.019
  470565.21  5892420.57   0.717769   0.000089   0.000065  -22.015
  470564.94  5892421.24   0.717733   0.000086   0.000063  -22.012
  470564.67  5892421.90   0.717698   0.000084   0.000061  -22.008
  470564.40  5892422.57   0.717664   0.000082   0.000060  -22.005
  470564.13  5892423.23   0.717630   0.000080   0.000058  -22.001
  470563.86  5892423.90   0.717597   0.000078   0.000057  -21.998
  470563.60  5892424.56   0.717565   0.000076   0.000055  -21.995
  470563.33  5892425.23   0.717533   0.000074   0.000054  -21.992
  470563.06  5892425.90   0.717502   0.000071   0.000052  -21.989
  470562.79  5892426.56   0.717472   0.000069   0.000050  -21.986
  470562.52  5892427.23   0.717442   0.000067   0.000049  -21.983
  470562.25  5892427.89   0.717413   0.000065   0.000047  -21.980
  470561.98  5892428.56   0.717385   0.000063   0.000046  -21.977
  470561.72  5892429.22   0.717357   0.000061   0.000044  -21.975
  470561.45  5892429.89   0.717331   0.000058   0.000043  -21.972
  470561.18  5892430.55   0.717304   0.000056   0.000041  -21.970
  470560.91  5892431.22   0.717279   0.000054   0.000039  -21.968
  470560.64  5892431.88   0.717254   0.000052   0.000038  -21.965
  470560.37  5892432.55   0.717230   0.000050   0.000036  -21.963
  470560.11  5892433.21   0.717206   0.000048   0.000035  -21.961
  470559.84  5892433.88   0.717183   0.000045   0.000033  -21.959
  470559.57  5892434.54   0.717161   0.000043   0.000031  -21.957
  470559.30  5892435.21   0.717140   0.000041   0.000030  -21.956
  470559.03  5892435.87   0.717119   0.000039   0.000028  -21.954
  470558.77  5892436.54   0.717099   0.000038   0.000027  -21.952
  470558.50  5892437.20   0.717079   0.000036   0.000026  -21.951
  470558.23  5892437.87   0.717060   0.000035   0.000025  -21.949
  470557.96  5892438.53   0.717042   0.000033   0.000024  -21.948
  470557.69  5892439.20   0.717025   0.000032   0.000023  -21.946
  470557.43  5892439.86   0.717008   0.000030   0.000022  -21.945
  470557.16  5892440.53   0.716992   0.000029   0.000021  -21.944
  470556.89  5892441.19   0.716976   0.000027   0.000020  -21.943
  470556.62  5892441.86   0.716961   0.000026   0.000019  -21.942
  470556.35  5892442.52   0.716947   0.000025   0.000018  -21.940
  470556.09  5892443.19   0.716933   0.000023   0.000017  -21.939
  470555.82  5892443.85   0.716920   0.000022   0.000016  -21.939
  470555.55  5892444.52   0.716908   0.000020   0.000015  -21.938
  470555.28  5892445.18   0.716896   0.000019   0.000014  -21.937
  470555.01  5892445.85   0.716886   0.000017   0.000012  -21.936
  470554.75  5892446.51   0.716875   0.000016   0.000012  -21.935
  470554.48  5892447.18   0.716866   0.000015   0.000011  -21.935
  470554.21  5892447.84   0.716856   0.000014   0.000011  -21.934
  470553.94  5892448.51   0.716847   0.000014   0.000010  -21.933
  470553.68  5892449.17   0.716839   0.000013   0.000009  -21.933
  470553.41  5892449.84   0.716831   0.000012   0.000009  -21.932
  470553.14  5892450.50   0.716824   0.000012   0.000008  -21.932
  470552.87  5892451.17   0.716817   0.000011   0.000008  -21.931
  470552.60  5892451.83   0.716810   0.000010   0.000007  -21.931
  470552.34  5892452.50   0.716804   0.000009   0.000007  -21.931
  470552.07  5892453.16   0.716798   0.000009   0.000006  -21.930
  470551.80  5892453.83   0.716793   0.000008   0.000006  -21.930
  470551.53  5892454.49   0.716788   0.000007   0.000005  -21.929
  470551.27  5892455.16   0.716784   0.000007   0.000005  -21.929
  470551.00  5892455.82   0.716780   0.000006   0.000004  -21.929
  470550.73  5892456.49   0.716777   0.000005   0.000004  -21.929
  470550.46  5892457.15   0.716774   0.000004   0.000003  -21.928
  470550.20  5892457.82   0.716771   0.000004   0.000003  -21.928
  470549.93  5892458.48   0.716769   0.000003   0.000002  -21.928
  470549.66  5892459.15   0.716767   0.000002   0.000002  -21.928
  470549.39  5892459.81   0.716766   0.000001   0.000001  -21.928
  470549.12  5892460.48   0.716766   0.000001   0.000001  -21.928
