  474471.01  5892633.50   0.333831   0.000048   0.000008    0.000
  474470.81  5892633.23   0.335510   0.000096   0.000015 -143.509
  474470.61  5892632.96   0.338865   0.000187   0.000030 -143.507
  474470.41  5892632.69   0.342217   0.000273   0.000045 -143.503
  474470.20  5892632.41   0.345565   0.000356   0.000060 -143.498
  474469.99  5892632.13   0.348911   0.000434   0.000075 -143.491
  474469.79  5892631.85   0.352253   0.000509   0.000089 -143.482
  474469.57  5892631.56   0.355592   0.000580   0.000104 -143.472
  474469.36  5892631.28   0.358928   0.000648   0.000118 -143.460
  474469.15  5892630.99   0.362261   0.000713   0.000132 -143.447
  474468.93  5892630.69   0.365591   0.000774   0.000146 -143.432
  474468.71  5892630.40   0.368917   0.000833   0.000160 -143.416
  474468.49  5892630.10   0.372241   0.000889   0.000174 -143.398
  474468.27  5892629.80   0.375561   0.000942   0.000188 -143.379
  474468.04  5892629.50   0.378878   0.000993   0.000202 -143.359
  474467.82  5892629.19   0.382192   0.001041   0.000215 -143.338
  474467.59  5892628.89   0.385503   0.001087   0.000229 -143.315
  474467.35  5892628.58   0.388811   0.001131   0.000242 -143.291
  474467.12  5892628.26   0.392116   0.001173   0.000255 -143.266
  474466.89  5892627.95   0.395417   0.001213   0.000268 -143.239
  474466.65  5892627.63   0.398716   0.001251   0.000281 -143.212
  474466.41  5892627.31   0.402012   0.001288   0.000294 -143.183
  474466.17  5892626.99   0.405304   0.001323   0.000307 -143.153
  474465.92  5892626.66   0.408594   0.001356   0.000320 -143.123
  474465.67  5892626.33   0.411880   0.001387   0.000333 -143.091
  474465.43  5892626.00   0.415164   0.001418   0.000346 -143.058
  474465.18  5892625.67   0.418445   0.001446   0.000358 -143.025
  474464.92  5892625.33   0.421722   0.001474   0.000371 -142.990
  474464.67  5892625.00   0.424997   0.001500   0.000383 -142.954
  474464.41  5892624.66   0.428269   0.001525   0.000396 -142.918
  474464.15  5892624.31   0.431538   0.001549   0.000408 -142.880
  474463.89  5892623.97   0.434804   0.001571   0.000420 -142.842
  474463.63  5892623.62   0.438068   0.001593   0.000432 -142.803
  474463.36  5892623.27   0.441328   0.001614   0.000444 -142.763
  474463.09  5892622.92   0.444586   0.001633   0.000457 -142.722
  474462.82  5892622.56   0.447840   0.001652   0.000469 -142.680
  474462.55  5892622.20   0.451092   0.001670   0.000481 -142.638
  474462.27  5892621.85   0.454342   0.001687   0.000492 -142.595
  474462.00  5892621.48   0.457588   0.001703   0.000504 -142.551
  474461.72  5892621.12   0.460832   0.001719   0.000516 -142.506
  474461.43  5892620.75   0.464073   0.001733   0.000528 -142.461
  474461.15  5892620.38   0.467311   0.001747   0.000540 -142.415
  474460.86  5892620.01   0.470547   0.001761   0.000551 -142.368
  474460.58  5892619.64   0.473780   0.001773   0.000563 -142.321
  474460.28  5892619.26   0.477011   0.001785   0.000574 -142.272
  474459.99  5892618.88   0.480239   0.001797   0.000586 -142.224
  474459.70  5892618.50   0.483464   0.001808   0.000597 -142.174
  474459.40  5892618.12   0.486687   0.001818   0.000609 -142.124
  474459.10  5892617.74   0.489907   0.001828   0.000620 -142.073
  474458.80  5892617.35   0.493124   0.001837   0.000632 -142.022
  474458.49  5892616.96   0.496339   0.001846   0.000643 -141.970
  474458.18  5892616.57   0.499552   0.001854   0.000654 -141.918
  474457.87  5892616.17   0.502762   0.001862   0.000665 -141.865
  474457.56  5892615.78   0.505970   0.001869   0.000677 -141.811
  474457.25  5892615.38   0.509175   0.001876   0.000688 -141.757
  474456.93  5892614.98   0.512378   0.001883   0.000699 -141.702
  474456.61  5892614.57   0.515579   0.001889   0.000710 -141.647
  474456.29  5892614.17   0.518777   0.001895   0.000721 -141.591
  474455.97  5892613.76   0.521973   0.001900   0.000732 -141.535
  474455.64  5892613.35   0.525167   0.001905   0.000743 -141.478
  474455.31  5892612.94   0.528358   0.001910   0.000754 -141.421
  474454.98  5892612.52   0.531547   0.001915   0.000765 -141.363
  474454.65  5892612.11   0.534734   0.001919   0.000776 -141.305
  474454.31  5892611.69   0.537919   0.001923   0.000787 -141.246
  474453.97  5892611.27   0.541101   0.001926   0.000798 -141.186
  474453.63  5892610.85   0.544282   0.001930   0.000808 -141.127
  474453.29  5892610.42   0.547460   0.001933   0.000819 -141.067
  474452.95  5892610.00   0.550636   0.001936   0.000830 -141.006
  474452.60  5892609.57   0.553810   0.001938   0.000841 -140.945
  474452.25  5892609.14   0.556982   0.001941   0.000851 -140.883
  474451.89  5892608.70   0.560152   0.001943   0.000862 -140.821
  474451.54  5892608.27   0.563320   0.001945   0.000873 -140.759
  474451.18  5892607.83   0.566486   0.001946   0.000883 -140.696
  474450.82  5892607.39   0.569650   0.001948   0.000894 -140.633
  474450.46  5892606.95   0.572812   0.001949   0.000904 -140.570
  474450.09  5892606.51   0.575972   0.001950   0.000915 -140.506
  474449.73  5892606.06   0.579130   0.001951   0.000926 -140.441
  474449.35  5892605.61   0.582286   0.001952   0.000936 -140.377
  474448.98  5892605.17   0.585441   0.001953   0.000947 -140.311
  474448.61  5892604.71   0.588594   0.001953   0.000957 -140.246
  474448.23  5892604.26   0.591745   0.001954   0.000967 -140.180
  474447.85  5892603.81   0.594894   0.001954   0.000978 -140.114
  474447.47  5892603.35   0.598041   0.001954   0.000988 -140.047
  474447.08  5892602.89   0.601187   0.001954   0.000999 -139.980
  474446.69  5892602.43   0.604331   0.001953   0.001009 -139.913
  474446.30  5892601.97   0.607474   0.001953   0.001019 -139.845
  474445.91  5892601.50   0.610614   0.001953   0.001030 -139.777
  474445.51  5892601.03   0.613754   0.001952   0.001040 -139.709
  474445.11  5892600.56   0.616891   0.001951   0.001050 -139.640
  474444.71  5892600.09   0.620027   0.001951   0.001060 -139.571
  474444.31  5892599.62   0.623162   0.001950   0.001071 -139.502
  474443.90  5892599.15   0.626295   0.001949   0.001081 -139.432
  474443.49  5892598.67   0.629426   0.001947   0.001091 -139.363
  474443.08  5892598.19   0.632556   0.001946   0.001101 -139.292
  474442.67  5892597.71   0.635685   0.001945   0.001112 -139.222
  474442.25  5892597.23   0.638812   0.001944   0.001122 -139.151
  474441.83  5892596.75   0.641938   0.001942   0.001132 -139.080
  474441.41  5892596.26   0.645063   0.001941   0.001142 -139.008
  474440.98  5892595.77   0.648186   0.001939   0.001152 -138.937
  474440.56  5892595.28   0.651308   0.001937   0.001162 -138.865
  474440.13  5892594.79   0.654429   0.001935   0.001172 -138.792
  474439.69  5892594.30   0.657548   0.001934   0.001182 -138.720
  474439.26  5892593.80   0.660667   0.001932   0.001192 -138.647
  474438.82  5892593.31   0.663784   0.001930   0.001202 -138.574
  474438.38  5892592.81   0.666900   0.001928   0.001212 -138.500
  474437.94  5892592.31   0.670015   0.001925   0.001222 -138.427
  474437.49  5892591.81   0.673128   0.001923   0.001232 -138.353
  474437.04  5892591.30   0.676241   0.001921   0.001242 -138.279
  474436.59  5892590.80   0.679353   0.001919   0.001252 -138.204
  474436.13  5892590.29   0.682463   0.001916   0.001262 -138.130
  474435.68  5892589.78   0.685573   0.001914   0.001272 -138.055
  474435.22  5892589.27   0.688682   0.001912   0.001282 -137.979
  474434.75  5892588.76   0.691789   0.001909   0.001292 -137.904
  474434.29  5892588.25   0.694896   0.001906   0.001302 -137.828
  474433.82  5892587.73   0.698002   0.001904   0.001312 -137.752
  474433.35  5892587.21   0.701107   0.001901   0.001322 -137.676
  474432.88  5892586.69   0.704212   0.001899   0.001332 -137.600
  474432.40  5892586.17   0.707315   0.001896   0.001341 -137.523
  474431.92  5892585.65   0.710418   0.001893   0.001351 -137.446
  474431.44  5892585.13   0.713520   0.001890   0.001361 -137.369
  474430.95  5892584.60   0.716621   0.001888   0.001371 -137.292
  474430.46  5892584.08   0.719722   0.001885   0.001381 -137.215
  474429.97  5892583.55   0.722822   0.001882   0.001390 -137.137
  474429.48  5892583.02   0.725921   0.001879   0.001400 -137.059
  474428.98  5892582.48   0.729020   0.001876   0.001410 -136.981
  474428.49  5892581.95   0.732118   0.001873   0.001420 -136.902
  474427.98  5892581.42   0.735216   0.001870   0.001430 -136.824
  474427.48  5892580.88   0.738313   0.001867   0.001439 -136.745
  474426.97  5892580.34   0.741409   0.001864   0.001449 -136.666
  474426.46  5892579.80   0.744506   0.001861   0.001459 -136.587
  474425.95  5892579.26   0.747601   0.001858   0.001468 -136.508
  474425.43  5892578.72   0.750697   0.001855   0.001478 -136.428
  474424.91  5892578.17   0.753792   0.001851   0.001488 -136.348
  474424.39  5892577.63   0.756886   0.001848   0.001497 -136.268
  474423.86  5892577.08   0.759981   0.001845   0.001507 -136.188
  474423.34  5892576.53   0.763075   0.001842   0.001517 -136.108
  474422.80  5892575.98   0.766169   0.001839   0.001526 -136.027
  474422.27  5892575.43   0.769262   0.001835   0.001536 -135.947
  474421.73  5892574.88   0.772356   0.001832   0.001546 -135.866
  474421.19  5892574.32   0.775449   0.001829   0.001555 -135.785
  474420.65  5892573.77   0.778542   0.001826   0.001565 -135.703
  474420.11  5892573.21   0.781635   0.001822   0.001574 -135.622
  474419.56  5892572.65   0.784728   0.001819   0.001584 -135.540
  474419.01  5892572.09   0.787821   0.001816   0.001594 -135.459
  474418.45  5892571.53   0.790914   0.001812   0.001603 -135.377
  474417.89  5892570.96   0.794007   0.001809   0.001613 -135.294
  474417.33  5892570.40   0.797100   0.001805   0.001622 -135.212
  474416.77  5892569.83   0.800193   0.001802   0.001632 -135.130
  474416.20  5892569.27   0.803286   0.001799   0.001641 -135.047
  474415.63  5892568.70   0.806379   0.001795   0.001651 -134.964
  474415.06  5892568.13   0.809472   0.001792   0.001660 -134.881
  474414.49  5892567.55   0.812566   0.001788   0.001670 -134.798
  474413.91  5892566.98   0.815659   0.001785   0.001679 -134.715
  474413.33  5892566.41   0.818753   0.001781   0.001689 -134.632
  474412.74  5892565.83   0.821848   0.001778   0.001698 -134.548
  474412.15  5892565.26   0.824942   0.001774   0.001708 -134.464
  474411.56  5892564.68   0.828037   0.001771   0.001717 -134.380
  474410.97  5892564.10   0.831132   0.001774   0.001733 -134.296
  474410.37  5892563.52   0.834237   0.001776   0.001748 -134.212
  474409.77  5892562.94   0.837343   0.001760   0.001745 -134.127
  474409.17  5892562.35   0.840430   0.001733   0.001731 -134.042
  474408.56  5892561.77   0.843498   0.001705   0.001716 -133.959
  474407.95  5892561.18   0.846547   0.001679   0.001702 -133.877
  474407.34  5892560.60   0.849577   0.001653   0.001687 -133.795
  474406.73  5892560.01   0.852588   0.001628   0.001673 -133.715
  474406.11  5892559.42   0.855580   0.001603   0.001659 -133.635
  474405.49  5892558.83   0.858553   0.001579   0.001646 -133.557
  474404.86  5892558.24   0.861506   0.001555   0.001632 -133.479
  474404.24  5892557.64   0.864441   0.001531   0.001618 -133.402
  474403.61  5892557.05   0.867356   0.001509   0.001605 -133.326
  474402.97  5892556.45   0.870252   0.001486   0.001592 -133.251
  474402.34  5892555.86   0.873128   0.001464   0.001579 -133.177
  474401.70  5892555.26   0.875986   0.001443   0.001566 -133.104
  474401.06  5892554.66   0.878823   0.001422   0.001553 -133.032
  474400.41  5892554.06   0.881642   0.001401   0.001540 -132.960
  474399.77  5892553.46   0.884441   0.001381   0.001527 -132.889
  474399.12  5892552.86   0.887221   0.001361   0.001515 -132.819
  474398.47  5892552.25   0.889981   0.001341   0.001503 -132.750
  474397.81  5892551.65   0.892721   0.001322   0.001490 -132.682
  474397.15  5892551.04   0.895442   0.001304   0.001478 -132.614
  474396.49  5892550.44   0.898143   0.001285   0.001466 -132.547
  474395.83  5892549.83   0.900825   0.001267   0.001454 -132.481
  474395.16  5892549.22   0.903487   0.001249   0.001442 -132.416
  474394.49  5892548.61   0.906126   0.001231   0.001430 -132.351
  474393.82  5892548.00   0.908745   0.001215   0.001419 -132.287
  474393.15  5892547.39   0.911351   0.001201   0.001410 -132.224
  474392.47  5892546.78   0.913945   0.001186   0.001401 -132.161
  474391.79  5892546.16   0.916526   0.001172   0.001392 -132.099
  474391.11  5892545.55   0.919094   0.001158   0.001383 -132.037
  474390.43  5892544.93   0.921650   0.001144   0.001374 -131.976
  474389.74  5892544.32   0.924193   0.001130   0.001365 -131.916
  474389.05  5892543.70   0.926722   0.001117   0.001356 -131.856
  474388.36  5892543.08   0.929239   0.001104   0.001348 -131.797
  474387.66  5892542.46   0.931744   0.001091   0.001339 -131.738
  474386.97  5892541.84   0.934235   0.001078   0.001331 -131.680
  474386.27  5892541.22   0.936714   0.001065   0.001322 -131.622
  474385.57  5892540.60   0.939179   0.001053   0.001314 -131.565
  474384.86  5892539.97   0.941632   0.001041   0.001305 -131.508
  474384.16  5892539.35   0.944072   0.001029   0.001297 -131.452
  474383.45  5892538.73   0.946499   0.001017   0.001289 -131.397
  474382.74  5892538.10   0.948912   0.001006   0.001281 -131.341
  474382.02  5892537.47   0.951313   0.000994   0.001272 -131.287
  474381.30  5892536.84   0.953701   0.000983   0.001264 -131.233
  474380.59  5892536.22   0.956076   0.000972   0.001257 -131.179
  474379.87  5892535.59   0.958438   0.000961   0.001249 -131.126
  474379.14  5892534.96   0.960787   0.000950   0.001241 -131.073
  474378.42  5892534.32   0.963122   0.000940   0.001233 -131.020
  474377.69  5892533.69   0.965445   0.000930   0.001225 -130.969
  474376.96  5892533.06   0.967755   0.000919   0.001218 -130.917
  474376.22  5892532.43   0.970051   0.000909   0.001210 -130.866
  474375.49  5892531.79   0.972334   0.000899   0.001203 -130.816
  474374.75  5892531.15   0.974605   0.000890   0.001195 -130.766
  474374.01  5892530.52   0.976862   0.000880   0.001188 -130.716
  474373.27  5892529.88   0.979106   0.000871   0.001180 -130.667
  474372.53  5892529.24   0.981336   0.000861   0.001173 -130.618
  474371.78  5892528.60   0.983554   0.000852   0.001166 -130.569
  474371.03  5892527.96   0.985758   0.000843   0.001158 -130.521
  474370.28  5892527.32   0.987949   0.000834   0.001151 -130.474
  474369.53  5892526.68   0.990127   0.000825   0.001144 -130.427
  474368.77  5892526.04   0.992292   0.000817   0.001137 -130.380
  474368.02  5892525.40   0.994444   0.000808   0.001130 -130.333
  474367.26  5892524.75   0.996582   0.000800   0.001123 -130.287
  474366.50  5892524.11   0.998707   0.000791   0.001116 -130.242
  474365.73  5892523.46   1.000818   0.000783   0.001110 -130.196
  474364.97  5892522.82   1.002917   0.000775   0.001103 -130.151
  474364.20  5892522.17   1.005002   0.000767   0.001096 -130.107
  474363.43  5892521.52   1.007073   0.000759   0.001089 -130.063
  474362.66  5892520.88   1.009132   0.000752   0.001083 -130.019
  474361.88  5892520.23   1.011177   0.000744   0.001076 -129.975
  474361.11  5892519.58   1.013205   0.000736   0.001069 -129.932
  474360.33  5892518.93   1.015220   0.000729   0.001063 -129.890
  474359.55  5892518.28   1.017228   0.000723   0.001058 -129.847
  474358.77  5892517.62   1.019230   0.000717   0.001053 -129.805
  474357.98  5892516.97   1.021224   0.000710   0.001048 -129.763
  474357.19  5892516.32   1.023212   0.000704   0.001043 -129.722
  474356.41  5892515.66   1.025192   0.000698   0.001038 -129.680
  474355.62  5892515.01   1.027166   0.000692   0.001033 -129.639
  474354.82  5892514.35   1.029133   0.000686   0.001028 -129.599
  474354.03  5892513.70   1.031093   0.000680   0.001023 -129.558
  474353.23  5892513.04   1.033046   0.000674   0.001018 -129.518
  474352.44  5892512.38   1.034992   0.000669   0.001013 -129.478
  474351.64  5892511.73   1.036931   0.000663   0.001008 -129.438
  474350.83  5892511.07   1.038863   0.000657   0.001003 -129.399
  474350.03  5892510.41   1.040788   0.000652   0.000998 -129.360
  474349.22  5892509.75   1.042706   0.000646   0.000994 -129.321
  474348.42  5892509.09   1.044617   0.000641   0.000989 -129.282
  474347.61  5892508.42   1.046522   0.000635   0.000984 -129.244
  474346.79  5892507.76   1.048419   0.000630   0.000979 -129.206
  474345.98  5892507.10   1.050309   0.000625   0.000975 -129.168
  474345.17  5892506.44   1.052192   0.000620   0.000970 -129.130
  474344.35  5892505.77   1.054069   0.000614   0.000965 -129.093
  474343.53  5892505.11   1.055938   0.000609   0.000961 -129.056
  474342.71  5892504.44   1.057800   0.000604   0.000956 -129.019
  474341.88  5892503.78   1.059655   0.000599   0.000952 -128.983
  474341.06  5892503.11   1.061503   0.000594   0.000947 -128.946
  474340.23  5892502.44   1.063344   0.000589   0.000943 -128.910
  474339.40  5892501.77   1.065178   0.000585   0.000938 -128.874
  474338.57  5892501.11   1.067005   0.000580   0.000934 -128.838
  474337.74  5892500.44   1.068825   0.000575   0.000929 -128.803
  474336.91  5892499.77   1.070638   0.000570   0.000925 -128.768
  474336.07  5892499.10   1.072444   0.000566   0.000920 -128.733
  474335.23  5892498.42   1.074243   0.000561   0.000916 -128.698
  474334.39  5892497.75   1.076034   0.000557   0.000912 -128.663
  474333.55  5892497.08   1.077819   0.000552   0.000907 -128.629
  474332.71  5892496.41   1.079596   0.000548   0.000903 -128.595
  474331.87  5892495.73   1.081367   0.000543   0.000899 -128.561
  474331.02  5892495.06   1.083130   0.000539   0.000894 -128.527
  474330.17  5892494.39   1.084886   0.000535   0.000890 -128.494
  474329.32  5892493.71   1.086635   0.000531   0.000886 -128.461
  474328.47  5892493.03   1.088377   0.000526   0.000882 -128.428
  474327.61  5892492.36   1.090112   0.000522   0.000878 -128.395
  474326.76  5892491.68   1.091840   0.000518   0.000873 -128.362
  474325.90  5892491.00   1.093560   0.000514   0.000869 -128.330
  474325.04  5892490.32   1.095274   0.000510   0.000865 -128.298
  474324.18  5892489.65   1.096980   0.000506   0.000861 -128.266
  474323.32  5892488.97   1.098679   0.000502   0.000857 -128.234
  474322.46  5892488.29   1.100371   0.000498   0.000853 -128.202
  474321.59  5892487.61   1.102056   0.000494   0.000849 -128.171
  474320.72  5892486.92   1.103733   0.000490   0.000845 -128.140
  474319.85  5892486.24   1.105404   0.000487   0.000841 -128.109
  474318.98  5892485.56   1.107067   0.000483   0.000837 -128.078
  474318.11  5892484.88   1.108723   0.000479   0.000833 -128.047
  474317.24  5892484.19   1.110372   0.000475   0.000829 -128.017
  474316.36  5892483.51   1.112014   0.000472   0.000825 -127.986
  474315.48  5892482.83   1.113649   0.000468   0.000821 -127.956
  474314.60  5892482.14   1.115276   0.000465   0.000817 -127.927
  474313.72  5892481.46   1.116896   0.000461   0.000813 -127.897
  474312.84  5892480.77   1.118509   0.000458   0.000810 -127.867
  474311.96  5892480.08   1.120115   0.000454   0.000806 -127.838
  474311.07  5892479.40   1.121713   0.000451   0.000802 -127.809
  474310.18  5892478.71   1.123305   0.000447   0.000798 -127.780
  474309.30  5892478.02   1.124889   0.000444   0.000794 -127.751
  474308.40  5892477.33   1.126466   0.000441   0.000791 -127.723
  474307.51  5892476.64   1.128036   0.000437   0.000787 -127.694
  474306.62  5892475.95   1.129598   0.000434   0.000783 -127.666
  474305.72  5892475.26   1.131153   0.000431   0.000779 -127.638
  474304.83  5892474.57   1.132701   0.000428   0.000776 -127.610
  474303.93  5892473.88   1.134242   0.000424   0.000772 -127.582
  474303.03  5892473.19   1.135775   0.000421   0.000768 -127.554
  474302.13  5892472.50   1.137302   0.000418   0.000765 -127.527
  474301.22  5892471.80   1.138821   0.000415   0.000761 -127.500
  474300.32  5892471.11   1.140332   0.000412   0.000757 -127.473
  474299.41  5892470.42   1.141837   0.000409   0.000754 -127.446
  474298.51  5892469.72   1.143334   0.000406   0.000750 -127.419
  474297.60  5892469.03   1.144824   0.000403   0.000747 -127.393
  474296.69  5892468.33   1.146307   0.000400   0.000743 -127.366
  474295.78  5892467.64   1.147782   0.000397   0.000740 -127.340
  474294.86  5892466.94   1.149250   0.000394   0.000736 -127.314
  474293.95  5892466.24   1.150711   0.000391   0.000733 -127.288
  474293.03  5892465.55   1.152165   0.000388   0.000729 -127.262
  474292.11  5892464.85   1.153611   0.000386   0.000726 -127.236
  474291.19  5892464.15   1.155050   0.000383   0.000722 -127.211
  474290.27  5892463.45   1.156482   0.000380   0.000719 -127.186
  474289.35  5892462.75   1.157906   0.000377   0.000715 -127.160
  474288.43  5892462.05   1.159323   0.000375   0.000712 -127.135
  474287.50  5892461.35   1.160733   0.000372   0.000708 -127.110
  474286.58  5892460.65   1.162135   0.000369   0.000705 -127.086
  474285.65  5892459.95   1.163531   0.000366   0.000702 -127.061
  474284.72  5892459.25   1.164918   0.000364   0.000698 -127.037
  474283.79  5892458.55   1.166299   0.000361   0.000695 -127.012
  474282.86  5892457.85   1.167672   0.000359   0.000692 -126.988
  474281.92  5892457.14   1.169038   0.000356   0.000688 -126.964
  474280.99  5892456.44   1.170397   0.000354   0.000685 -126.940
  474280.05  5892455.74   1.171748   0.000351   0.000682 -126.917
  474279.11  5892455.03   1.173092   0.000348   0.000677 -126.893
  474278.17  5892454.33   1.174426   0.000345   0.000673 -126.870
  474277.23  5892453.63   1.175753   0.000344   0.000672 -126.847
  474276.29  5892452.92   1.177077   0.000343   0.000673 -126.823
  474275.35  5892452.21   1.178399   0.000343   0.000674 -126.800
  474274.40  5892451.51   1.179717   0.000343   0.000675 -126.777
  474273.46  5892450.80   1.181033   0.000343   0.000676 -126.754
  474272.51  5892450.10   1.182345   0.000342   0.000677 -126.731
  474271.56  5892449.39   1.183655   0.000342   0.000678 -126.708
  474270.61  5892448.68   1.184962   0.000342   0.000679 -126.684
  474269.66  5892447.97   1.186267   0.000341   0.000680 -126.661
  474268.71  5892447.27   1.187568   0.000341   0.000681 -126.638
  474267.76  5892446.56   1.188867   0.000341   0.000682 -126.615
  474266.80  5892445.85   1.190163   0.000341   0.000683 -126.591
  474265.84  5892445.14   1.191456   0.000340   0.000684 -126.568
  474264.89  5892444.43   1.192746   0.000340   0.000685 -126.545
  474263.93  5892443.72   1.194033   0.000340   0.000686 -126.522
  474262.97  5892443.01   1.195317   0.000340   0.000687 -126.498
  474262.01  5892442.30   1.196599   0.000340   0.000688 -126.475
  474261.04  5892441.58   1.197878   0.000339   0.000689 -126.452
  474260.08  5892440.87   1.199154   0.000339   0.000690 -126.429
  474259.11  5892440.16   1.200427   0.000339   0.000691 -126.405
  474258.15  5892439.45   1.201697   0.000339   0.000692 -126.382
  474257.18  5892438.74   1.202965   0.000338   0.000693 -126.359
  474256.21  5892438.02   1.204230   0.000338   0.000694 -126.335
  474255.24  5892437.31   1.205491   0.000338   0.000695 -126.312
  474254.27  5892436.60   1.206750   0.000338   0.000696 -126.289
  474253.29  5892435.88   1.208007   0.000338   0.000697 -126.265
  474252.32  5892435.17   1.209260   0.000337   0.000698 -126.242
  474251.34  5892434.45   1.210511   0.000337   0.000699 -126.219
  474250.36  5892433.74   1.211758   0.000337   0.000700 -126.195
  474249.38  5892433.02   1.213003   0.000337   0.000701 -126.172
  474248.40  5892432.31   1.214245   0.000337   0.000702 -126.148
  474247.42  5892431.59   1.215485   0.000336   0.000703 -126.125
  474246.44  5892430.87   1.216721   0.000336   0.000704 -126.102
  474245.46  5892430.16   1.217955   0.000336   0.000705 -126.078
  474244.47  5892429.44   1.219186   0.000336   0.000706 -126.055
  474243.49  5892428.72   1.220414   0.000336   0.000707 -126.031
  474242.50  5892428.00   1.221639   0.000335   0.000708 -126.008
  474241.51  5892427.28   1.222862   0.000335   0.000709 -125.984
  474240.52  5892426.57   1.224081   0.000335   0.000710 -125.961
  474239.53  5892425.85   1.225298   0.000335   0.000711 -125.937
  474238.53  5892425.13   1.226512   0.000335   0.000712 -125.914
  474237.54  5892424.41   1.227723   0.000335   0.000713 -125.890
  474236.54  5892423.69   1.228932   0.000335   0.000715 -125.867
  474235.55  5892422.97   1.230137   0.000334   0.000716 -125.843
  474234.55  5892422.25   1.231340   0.000334   0.000717 -125.820
  474233.55  5892421.53   1.232540   0.000334   0.000718 -125.796
  474232.55  5892420.81   1.233737   0.000334   0.000719 -125.772
  474231.55  5892420.09   1.234932   0.000334   0.000720 -125.749
  474230.55  5892419.37   1.236123   0.000334   0.000721 -125.725
  474229.54  5892418.64   1.237312   0.000334   0.000722 -125.702
  474228.54  5892417.92   1.238498   0.000333   0.000723 -125.678
  474227.53  5892417.20   1.239681   0.000333   0.000724 -125.654
  474226.52  5892416.48   1.240862   0.000333   0.000725 -125.631
  474225.51  5892415.75   1.242039   0.000333   0.000727 -125.607
  474224.50  5892415.03   1.243214   0.000333   0.000728 -125.583
  474223.49  5892414.31   1.244386   0.000333   0.000729 -125.560
  474222.48  5892413.58   1.245556   0.000333   0.000730 -125.536
  474221.46  5892412.86   1.246722   0.000333   0.000731 -125.512
  474220.45  5892412.14   1.247886   0.000332   0.000732 -125.488
  474219.43  5892411.41   1.249047   0.000332   0.000733 -125.465
  474218.41  5892410.69   1.250205   0.000332   0.000734 -125.441
  474217.39  5892409.96   1.251360   0.000332   0.000736 -125.417
  474216.37  5892409.24   1.252512   0.000332   0.000737 -125.393
  474215.35  5892408.51   1.253662   0.000332   0.000738 -125.369
  474214.33  5892407.79   1.254809   0.000332   0.000739 -125.345
  474213.30  5892407.06   1.255953   0.000332   0.000740 -125.322
  474212.28  5892406.33   1.257095   0.000332   0.000742 -125.298
  474211.25  5892405.61   1.258235   0.000332   0.000744 -125.274
  474210.22  5892404.88   1.259372   0.000332   0.000744 -125.250
  474209.19  5892404.15   1.260504   0.000330   0.000742 -125.226
  474208.16  5892403.43   1.261630   0.000329   0.000741 -125.202
  474207.13  5892402.70   1.262750   0.000328   0.000740 -125.178
  474206.10  5892401.97   1.263865   0.000327   0.000739 -125.155
  474205.06  5892401.25   1.264974   0.000326   0.000738 -125.131
  474204.03  5892400.52   1.266078   0.000325   0.000737 -125.107
  474202.99  5892399.79   1.267176   0.000324   0.000736 -125.084
  474201.95  5892399.06   1.268269   0.000323   0.000735 -125.060
  474200.91  5892398.33   1.269356   0.000322   0.000734 -125.037
  474199.87  5892397.60   1.270437   0.000321   0.000733 -125.013
  474198.83  5892396.88   1.271513   0.000320   0.000732 -124.990
  474197.79  5892396.15   1.272584   0.000319   0.000731 -124.966
  474196.75  5892395.42   1.273648   0.000318   0.000730 -124.943
  474195.70  5892394.69   1.274707   0.000317   0.000729 -124.920
  474194.66  5892393.96   1.275761   0.000316   0.000728 -124.897
  474193.61  5892393.23   1.276809   0.000315   0.000727 -124.874
  474192.56  5892392.50   1.277851   0.000314   0.000726 -124.851
  474191.51  5892391.77   1.278888   0.000313   0.000725 -124.828
  474190.46  5892391.04   1.279919   0.000312   0.000724 -124.805
  474189.41  5892390.31   1.280945   0.000311   0.000723 -124.782
  474188.36  5892389.58   1.281965   0.000311   0.000722 -124.759
  474187.30  5892388.85   1.282979   0.000310   0.000721 -124.736
  474186.25  5892388.12   1.283988   0.000309   0.000720 -124.713
  474185.19  5892387.38   1.284991   0.000308   0.000719 -124.691
  474184.13  5892386.65   1.285988   0.000307   0.000718 -124.668
  474183.08  5892385.92   1.286980   0.000306   0.000717 -124.645
  474182.02  5892385.19   1.287967   0.000305   0.000716 -124.623
  474180.96  5892384.46   1.288948   0.000304   0.000715 -124.600
  474179.89  5892383.73   1.289923   0.000304   0.000714 -124.578
  474178.83  5892383.00   1.290892   0.000303   0.000713 -124.555
  474177.77  5892382.26   1.291856   0.000302   0.000713 -124.533
  474176.70  5892381.53   1.292815   0.000301   0.000712 -124.511
  474175.64  5892380.80   1.293768   0.000300   0.000711 -124.488
  474174.57  5892380.07   1.294715   0.000300   0.000710 -124.466
  474173.50  5892379.33   1.295656   0.000299   0.000709 -124.444
  474172.43  5892378.60   1.296592   0.000298   0.000708 -124.422
  474171.36  5892377.87   1.297523   0.000297   0.000707 -124.400
  474170.29  5892377.14   1.298448   0.000296   0.000707 -124.377
  474169.22  5892376.40   1.299367   0.000295   0.000705 -124.355
  474168.15  5892375.67   1.300278   0.000294   0.000703 -124.333
  474167.07  5892374.94   1.301183   0.000294   0.000704 -124.312
  474166.00  5892374.20   1.302088   0.000295   0.000707 -124.290
  474164.92  5892373.47   1.302993   0.000296   0.000711 -124.268
  474163.84  5892372.74   1.303897   0.000297   0.000714 -124.246
  474162.76  5892372.00   1.304802   0.000298   0.000717 -124.223
  474161.68  5892371.27   1.305706   0.000299   0.000720 -124.201
  474160.60  5892370.53   1.306609   0.000300   0.000723 -124.179
  474159.52  5892369.80   1.307513   0.000301   0.000727 -124.156
  474158.44  5892369.07   1.308416   0.000301   0.000730 -124.134
  474157.36  5892368.33   1.309319   0.000302   0.000733 -124.111
  474156.27  5892367.60   1.310222   0.000303   0.000736 -124.088
  474155.18  5892366.86   1.311124   0.000304   0.000739 -124.066
  474154.10  5892366.13   1.312027   0.000305   0.000743 -124.043
  474153.01  5892365.40   1.312929   0.000306   0.000746 -124.020
  474151.92  5892364.66   1.313831   0.000307   0.000749 -123.997
  474150.83  5892363.93   1.314732   0.000308   0.000752 -123.974
  474149.74  5892363.19   1.315634   0.000309   0.000755 -123.951
  474148.65  5892362.46   1.316535   0.000309   0.000759 -123.927
  474147.56  5892361.72   1.317436   0.000310   0.000762 -123.904
  474146.46  5892360.99   1.318337   0.000311   0.000765 -123.881
  474145.37  5892360.25   1.319237   0.000312   0.000768 -123.857
  474144.27  5892359.52   1.320138   0.000313   0.000771 -123.834
  474143.17  5892358.78   1.321038   0.000314   0.000775 -123.810
  474142.07  5892358.05   1.321938   0.000315   0.000778 -123.786
  474140.97  5892357.31   1.322837   0.000316   0.000781 -123.762
  474139.87  5892356.58   1.323737   0.000316   0.000784 -123.738
  474138.77  5892355.84   1.324636   0.000317   0.000787 -123.714
  474137.67  5892355.11   1.325535   0.000318   0.000790 -123.690
  474136.57  5892354.37   1.326434   0.000319   0.000794 -123.666
  474135.46  5892353.64   1.327333   0.000320   0.000797 -123.642
  474134.36  5892352.90   1.328232   0.000321   0.000800 -123.618
  474133.25  5892352.17   1.329130   0.000321   0.000803 -123.593
  474132.14  5892351.43   1.330028   0.000322   0.000806 -123.569
  474131.03  5892350.70   1.330926   0.000323   0.000809 -123.544
  474129.92  5892349.96   1.331824   0.000324   0.000813 -123.519
  474128.81  5892349.23   1.332722   0.000325   0.000816 -123.495
  474127.70  5892348.49   1.333619   0.000326   0.000819 -123.470
  474126.59  5892347.76   1.334517   0.000326   0.000822 -123.445
  474125.47  5892347.02   1.335414   0.000327   0.000825 -123.420
  474124.36  5892346.29   1.336311   0.000328   0.000828 -123.395
  474123.24  5892345.55   1.337208   0.000329   0.000832 -123.370
  474122.12  5892344.82   1.338104   0.000330   0.000835 -123.345
  474121.00  5892344.08   1.339001   0.000330   0.000838 -123.320
  474119.89  5892343.35   1.339898   0.000331   0.000841 -123.294
  474118.76  5892342.61   1.340794   0.000332   0.000844 -123.269
  474117.64  5892341.88   1.341690   0.000333   0.000847 -123.243
  474116.52  5892341.14   1.342586   0.000333   0.000850 -123.218
  474115.40  5892340.41   1.343481   0.000334   0.000852 -123.192
  474114.27  5892339.67   1.344377   0.000335   0.000857 -123.166
  474113.14  5892338.94   1.345273   0.000337   0.000864 -123.141
  474112.02  5892338.20   1.346170   0.000340   0.000871 -123.115
  474110.89  5892337.46   1.347068   0.000342   0.000877 -123.088
  474109.76  5892336.73   1.347967   0.000344   0.000884 -123.062
  474108.63  5892335.99   1.348866   0.000346   0.000891 -123.035
  474107.50  5892335.26   1.349767   0.000349   0.000898 -123.009
  474106.37  5892334.52   1.350668   0.000351   0.000905 -122.982
  474105.23  5892333.79   1.351571   0.000353   0.000912 -122.955
  474104.10  5892333.05   1.352474   0.000355   0.000918 -122.927
  474102.96  5892332.32   1.353379   0.000357   0.000925 -122.900
  474101.82  5892331.58   1.354284   0.000359   0.000932 -122.872
  474100.69  5892330.85   1.355190   0.000362   0.000939 -122.844
  474099.55  5892330.12   1.356098   0.000364   0.000946 -122.816
  474098.41  5892329.38   1.357006   0.000366   0.000953 -122.788
  474097.26  5892328.65   1.357915   0.000368   0.000959 -122.759
  474096.12  5892327.91   1.358825   0.000370   0.000966 -122.731
  474094.98  5892327.18   1.359736   0.000372   0.000973 -122.702
  474093.83  5892326.44   1.360649   0.000374   0.000980 -122.673
  474092.69  5892325.71   1.361562   0.000376   0.000987 -122.644
  474091.54  5892324.97   1.362476   0.000378   0.000993 -122.614
  474090.39  5892324.24   1.363391   0.000380   0.001000 -122.585
  474089.24  5892323.51   1.364307   0.000383   0.001007 -122.555
  474088.09  5892322.77   1.365225   0.000385   0.001014 -122.525
  474086.94  5892322.04   1.366143   0.000387   0.001020 -122.495
  474085.79  5892321.31   1.367063   0.000389   0.001027 -122.465
  474084.63  5892320.57   1.367983   0.000391   0.001034 -122.434
  474083.48  5892319.84   1.368904   0.000393   0.001041 -122.404
  474082.32  5892319.11   1.369827   0.000395   0.001047 -122.373
  474081.16  5892318.37   1.370751   0.000397   0.001054 -122.342
  474080.00  5892317.64   1.371676   0.000399   0.001061 -122.311
  474078.84  5892316.91   1.372601   0.000401   0.001068 -122.279
  474077.68  5892316.17   1.373528   0.000403   0.001074 -122.248
  474076.52  5892315.44   1.374456   0.000405   0.001081 -122.216
  474075.36  5892314.71   1.375386   0.000407   0.001088 -122.184
  474074.19  5892313.98   1.376316   0.000409   0.001094 -122.152
  474073.03  5892313.25   1.377247   0.000411   0.001101 -122.120
  474071.86  5892312.51   1.378180   0.000412   0.001108 -122.088
  474070.69  5892311.78   1.379114   0.000414   0.001115 -122.055
  474069.52  5892311.05   1.380049   0.000416   0.001121 -122.022
  474068.35  5892310.32   1.380985   0.000418   0.001128 -121.990
  474067.18  5892309.59   1.381922   0.000420   0.001135 -121.956
  474066.00  5892308.86   1.382861   0.000422   0.001141 -121.923
  474064.83  5892308.13   1.383800   0.000424   0.001148 -121.890
  474063.65  5892307.40   1.384741   0.000426   0.001155 -121.856
  474062.48  5892306.67   1.385683   0.000428   0.001161 -121.822
  474061.30  5892305.93   1.386627   0.000429   0.001168 -121.788
  474060.12  5892305.20   1.387571   0.000431   0.001174 -121.754
  474058.94  5892304.48   1.388517   0.000433   0.001181 -121.720
  474057.76  5892303.75   1.389464   0.000435   0.001188 -121.686
  474056.57  5892303.02   1.390412   0.000437   0.001194 -121.651
  474055.39  5892302.29   1.391362   0.000439   0.001201 -121.616
  474054.20  5892301.56   1.392312   0.000440   0.001208 -121.581
  474053.02  5892300.83   1.393265   0.000442   0.001214 -121.546
  474051.83  5892300.10   1.394218   0.000444   0.001221 -121.511
  474050.64  5892299.37   1.395173   0.000446   0.001227 -121.475
  474049.45  5892298.64   1.396129   0.000448   0.001234 -121.440
  474048.25  5892297.92   1.397086   0.000449   0.001240 -121.404
  474047.06  5892297.19   1.398044   0.000451   0.001247 -121.368
  474045.87  5892296.46   1.399004   0.000453   0.001254 -121.332
  474044.67  5892295.74   1.399966   0.000455   0.001260 -121.295
  474043.47  5892295.01   1.400928   0.000456   0.001267 -121.259
  474042.28  5892294.28   1.401892   0.000458   0.001273 -121.222
  474041.08  5892293.56   1.402858   0.000460   0.001280 -121.185
  474039.87  5892292.83   1.403824   0.000462   0.001286 -121.148
  474038.67  5892292.10   1.404792   0.000463   0.001293 -121.111
  474037.47  5892291.38   1.405762   0.000465   0.001299 -121.074
  474036.26  5892290.65   1.406733   0.000467   0.001306 -121.037
  474035.06  5892289.93   1.407705   0.000468   0.001312 -120.999
  474033.85  5892289.21   1.408679   0.000470   0.001319 -120.961
  474032.64  5892288.48   1.409654   0.000472   0.001325 -120.923
  474031.43  5892287.76   1.410631   0.000473   0.001332 -120.885
  474030.22  5892287.03   1.411609   0.000475   0.001338 -120.847
  474029.01  5892286.31   1.412588   0.000477   0.001345 -120.809
  474027.79  5892285.59   1.413569   0.000478   0.001351 -120.770
  474026.58  5892284.86   1.414552   0.000480   0.001358 -120.731
  474025.36  5892284.14   1.415536   0.000481   0.001364 -120.692
  474024.14  5892283.42   1.416521   0.000483   0.001371 -120.653
  474022.92  5892282.70   1.417508   0.000485   0.001377 -120.614
  474021.70  5892281.98   1.418496   0.000486   0.001384 -120.575
  474020.48  5892281.26   1.419486   0.000488   0.001390 -120.535
  474019.26  5892280.54   1.420478   0.000489   0.001397 -120.496
  474018.03  5892279.82   1.421471   0.000491   0.001403 -120.456
  474016.80  5892279.10   1.422466   0.000493   0.001409 -120.416
  474015.58  5892278.38   1.423462   0.000494   0.001416 -120.376
  474014.35  5892277.66   1.424459   0.000496   0.001422 -120.335
  474013.12  5892276.94   1.425459   0.000497   0.001429 -120.295
  474011.89  5892276.22   1.426460   0.000499   0.001435 -120.254
  474010.65  5892275.50   1.427462   0.000500   0.001441 -120.213
  474009.42  5892274.78   1.428466   0.000502   0.001448 -120.173
  474008.18  5892274.07   1.429472   0.000503   0.001454 -120.131
  474006.95  5892273.35   1.430479   0.000505   0.001461 -120.090
  474005.71  5892272.63   1.431488   0.000506   0.001467 -120.049
  474004.47  5892271.92   1.432499   0.000508   0.001473 -120.007
  474003.23  5892271.20   1.433511   0.000509   0.001480 -119.966
  474001.98  5892270.49   1.434525   0.000511   0.001486 -119.924
  474000.74  5892269.77   1.435541   0.000512   0.001492 -119.882
  473999.49  5892269.06   1.436558   0.000514   0.001499 -119.840
  473998.25  5892268.34   1.437577   0.000515   0.001505 -119.798
  473997.00  5892267.63   1.438598   0.000516   0.001511 -119.755
  473995.75  5892266.92   1.439620   0.000518   0.001518 -119.713
  473994.50  5892266.20   1.440645   0.000519   0.001524 -119.670
  473993.24  5892265.49   1.441670   0.000521   0.001530 -119.627
  473991.99  5892264.78   1.442698   0.000522   0.001537 -119.584
  473990.73  5892264.07   1.443728   0.000523   0.001543 -119.541
  473989.48  5892263.36   1.444759   0.000525   0.001549 -119.498
  473988.22  5892262.64   1.445792   0.000526   0.001555 -119.454
  473986.96  5892261.93   1.446826   0.000528   0.001562 -119.411
  473985.70  5892261.22   1.447863   0.000529   0.001568 -119.367
  473984.43  5892260.52   1.448901   0.000530   0.001574 -119.323
  473983.17  5892259.81   1.449941   0.000532   0.001580 -119.279
  473981.90  5892259.10   1.450983   0.000533   0.001587 -119.235
  473980.64  5892258.39   1.452027   0.000534   0.001593 -119.190
  473979.37  5892257.68   1.453073   0.000536   0.001599 -119.146
  473978.10  5892256.98   1.454120   0.000537   0.001605 -119.101
  473976.83  5892256.27   1.455170   0.000538   0.001612 -119.057
  473975.55  5892255.56   1.456221   0.000539   0.001618 -119.012
  473974.28  5892254.86   1.457274   0.000541   0.001624 -118.967
  473973.00  5892254.15   1.458329   0.000542   0.001630 -118.922
  473971.73  5892253.45   1.459386   0.000543   0.001636 -118.876
  473970.45  5892252.74   1.460445   0.000545   0.001643 -118.831
  473969.17  5892252.04   1.461506   0.000546   0.001649 -118.785
  473967.88  5892251.34   1.462569   0.000547   0.001655 -118.740
  473966.60  5892250.64   1.463634   0.000548   0.001661 -118.694
  473965.32  5892249.93   1.464700   0.000550   0.001667 -118.648
  473964.03  5892249.23   1.465769   0.000551   0.001673 -118.602
  473962.74  5892248.53   1.466840   0.000552   0.001679 -118.555
  473961.45  5892247.83   1.467912   0.000553   0.001686 -118.509
  473960.16  5892247.13   1.468987   0.000555   0.001692 -118.463
  473958.87  5892246.43   1.470063   0.000556   0.001699 -118.416
  473957.57  5892245.73   1.471142   0.000557   0.001704 -118.369
  473956.28  5892245.03   1.472223   0.000557   0.001707 -118.322
  473954.98  5892244.34   1.473306   0.000557   0.001711 -118.275
  473953.68  5892243.64   1.474391   0.000558   0.001714 -118.228
  473952.38  5892242.94   1.475479   0.000558   0.001718 -118.181
  473951.08  5892242.25   1.476569   0.000558   0.001721 -118.134
  473949.78  5892241.55   1.477661   0.000558   0.001724 -118.087
  473948.47  5892240.86   1.478756   0.000559   0.001728 -118.039
  473947.17  5892240.16   1.479853   0.000559   0.001731 -117.992
  473945.86  5892239.47   1.480952   0.000559   0.001734 -117.945
  473944.55  5892238.78   1.482054   0.000559   0.001738 -117.897
  473943.24  5892238.08   1.483158   0.000560   0.001741 -117.850
  473941.93  5892237.39   1.484264   0.000560   0.001744 -117.802
  473940.61  5892236.70   1.485373   0.000560   0.001748 -117.755
  473939.30  5892236.01   1.486484   0.000560   0.001751 -117.707
  473937.98  5892235.32   1.487597   0.000561   0.001754 -117.659
  473936.66  5892234.63   1.488713   0.000561   0.001758 -117.611
  473935.34  5892233.94   1.489831   0.000561   0.001761 -117.563
  473934.02  5892233.25   1.490951   0.000561   0.001764 -117.516
  473932.70  5892232.56   1.492074   0.000561   0.001768 -117.468
  473931.37  5892231.88   1.493199   0.000562   0.001771 -117.420
  473930.04  5892231.19   1.494327   0.000562   0.001774 -117.372
  473928.72  5892230.50   1.495457   0.000562   0.001777 -117.324
  473927.39  5892229.82   1.496589   0.000562   0.001781 -117.275
  473926.06  5892229.13   1.497724   0.000562   0.001784 -117.227
  473924.72  5892228.45   1.498861   0.000563   0.001787 -117.179
  473923.39  5892227.76   1.500001   0.000563   0.001791 -117.131
  473922.05  5892227.08   1.501142   0.000563   0.001794 -117.082
  473920.71  5892226.40   1.502285   0.000563   0.001797 -117.034
  473919.38  5892225.72   1.503433   0.000563   0.001800 -116.985
  473918.03  5892225.04   1.504587   0.000563   0.001803 -116.937
  473916.69  5892224.35   1.505745   0.000563   0.001806 -116.888
  473915.35  5892223.67   1.506908   0.000563   0.001809 -116.840
  473914.00  5892222.99   1.508077   0.000563   0.001812 -116.791
  473912.66  5892222.32   1.509250   0.000563   0.001815 -116.742
  473911.31  5892221.64   1.510429   0.000563   0.001818 -116.694
  473909.96  5892220.96   1.511613   0.000563   0.001821 -116.645
  473908.60  5892220.28   1.512802   0.000563   0.001824 -116.596
  473907.25  5892219.61   1.513995   0.000563   0.001826 -116.547
  473905.89  5892218.93   1.515194   0.000563   0.001829 -116.498
  473904.54  5892218.26   1.516398   0.000563   0.001832 -116.449
  473903.18  5892217.58   1.517607   0.000563   0.001835 -116.401
  473901.82  5892216.91   1.518822   0.000563   0.001838 -116.352
  473900.46  5892216.23   1.520041   0.000563   0.001841 -116.303
  473899.09  5892215.56   1.521265   0.000563   0.001844 -116.253
  473897.73  5892214.89   1.522495   0.000563   0.001846 -116.204
  473896.36  5892214.22   1.523730   0.000563   0.001849 -116.155
  473894.99  5892213.55   1.524970   0.000563   0.001852 -116.106
  473893.62  5892212.88   1.526214   0.000563   0.001855 -116.057
  473892.25  5892212.21   1.527465   0.000563   0.001857 -116.008
  473890.87  5892211.54   1.528720   0.000563   0.001860 -115.958
  473889.50  5892210.87   1.529980   0.000563   0.001863 -115.909
  473888.12  5892210.20   1.531246   0.000563   0.001866 -115.860
  473886.74  5892209.54   1.532516   0.000563   0.001868 -115.810
  473885.36  5892208.87   1.533792   0.000562   0.001871 -115.761
  473883.98  5892208.20   1.535073   0.000562   0.001874 -115.712
  473882.59  5892207.54   1.536360   0.000562   0.001876 -115.662
  473881.21  5892206.87   1.537651   0.000562   0.001879 -115.613
  473879.82  5892206.21   1.538948   0.000562   0.001882 -115.563
  473878.43  5892205.55   1.540249   0.000562   0.001884 -115.514
  473877.04  5892204.88   1.541556   0.000561   0.001887 -115.464
  473875.65  5892204.22   1.542868   0.000561   0.001890 -115.414
  473874.25  5892203.56   1.544186   0.000561   0.001892 -115.365
  473872.86  5892202.90   1.545508   0.000561   0.001895 -115.315
  473871.46  5892202.24   1.546836   0.000561   0.001897 -115.265
  473870.06  5892201.58   1.548169   0.000561   0.001900 -115.216
  473868.66  5892200.92   1.549507   0.000560   0.001902 -115.166
  473867.25  5892200.27   1.550851   0.000560   0.001905 -115.116
  473865.85  5892199.61   1.552199   0.000560   0.001908 -115.067
  473864.44  5892198.95   1.553553   0.000560   0.001910 -115.017
  473863.03  5892198.30   1.554913   0.000559   0.001913 -114.967
  473861.62  5892197.64   1.556277   0.000559   0.001915 -114.917
  473860.21  5892196.99   1.557647   0.000559   0.001918 -114.867
  473858.79  5892196.33   1.559022   0.000559   0.001920 -114.817
  473857.38  5892195.68   1.560402   0.000558   0.001922 -114.768
  473855.96  5892195.02   1.561787   0.000558   0.001925 -114.718
  473854.54  5892194.37   1.563178   0.000558   0.001927 -114.668
  473853.12  5892193.72   1.564574   0.000557   0.001930 -114.618
  473851.69  5892193.07   1.565975   0.000557   0.001932 -114.568
  473850.27  5892192.42   1.567382   0.000557   0.001935 -114.518
  473848.84  5892191.77   1.568793   0.000556   0.001937 -114.468
  473847.41  5892191.12   1.570211   0.000556   0.001939 -114.418
  473845.98  5892190.47   1.571633   0.000556   0.001942 -114.368
  473844.55  5892189.83   1.573061   0.000555   0.001944 -114.318
  473843.11  5892189.18   1.574494   0.000555   0.001946 -114.268
  473841.68  5892188.53   1.575932   0.000555   0.001949 -114.217
  473840.24  5892187.89   1.577376   0.000554   0.001951 -114.167
  473838.80  5892187.24   1.578825   0.000554   0.001953 -114.117
  473837.36  5892186.60   1.580279   0.000554   0.001956 -114.067
  473835.91  5892185.96   1.581738   0.000553   0.001958 -114.017
  473834.46  5892185.31   1.583203   0.000553   0.001960 -113.967
  473833.02  5892184.67   1.584674   0.000553   0.001962 -113.917
  473831.57  5892184.03   1.586149   0.000552   0.001965 -113.867
  473830.12  5892183.39   1.587630   0.000552   0.001967 -113.816
  473828.66  5892182.75   1.589116   0.000551   0.001969 -113.766
  473827.21  5892182.11   1.590608   0.000551   0.001971 -113.716
  473825.75  5892181.47   1.592105   0.000550   0.001973 -113.666
  473824.29  5892180.83   1.593607   0.000550   0.001976 -113.616
  473822.83  5892180.19   1.595115   0.000550   0.001978 -113.565
  473821.36  5892179.56   1.596628   0.000549   0.001980 -113.515
  473819.90  5892178.92   1.598147   0.000549   0.001982 -113.465
  473818.43  5892178.29   1.599671   0.000548   0.001984 -113.415
  473816.96  5892177.65   1.601200   0.000548   0.001986 -113.364
  473815.49  5892177.02   1.602734   0.000547   0.001988 -113.314
  473814.02  5892176.38   1.604274   0.000547   0.001990 -113.264
  473812.54  5892175.75   1.605820   0.000546   0.001992 -113.214
  473811.07  5892175.12   1.607370   0.000546   0.001995 -113.163
  473809.59  5892174.49   1.608927   0.000545   0.001997 -113.113
  473808.11  5892173.86   1.610488   0.000545   0.001999 -113.063
  473806.62  5892173.23   1.612055   0.000544   0.002001 -113.013
  473805.14  5892172.60   1.613627   0.000544   0.002003 -112.962
  473803.65  5892171.97   1.615205   0.000543   0.002005 -112.912
  473802.16  5892171.34   1.616788   0.000543   0.002007 -112.862
  473800.67  5892170.72   1.618377   0.000542   0.002009 -112.811
  473799.18  5892170.09   1.619971   0.000542   0.002011 -112.761
  473797.68  5892169.46   1.621571   0.000541   0.002013 -112.711
  473796.19  5892168.84   1.623175   0.000541   0.002015 -112.661
  473794.69  5892168.21   1.624786   0.000540   0.002016 -112.610
  473793.19  5892167.59   1.626402   0.000540   0.002018 -112.560
  473791.68  5892166.97   1.628023   0.000539   0.002020 -112.510
  473790.18  5892166.34   1.629649   0.000538   0.002022 -112.459
  473788.67  5892165.72   1.631282   0.000538   0.002024 -112.409
  473787.16  5892165.10   1.632919   0.000537   0.002026 -112.359
  473785.65  5892164.48   1.634562   0.000537   0.002028 -112.309
  473784.13  5892163.86   1.636211   0.000536   0.002029 -112.258
  473782.62  5892163.24   1.637865   0.000535   0.002030 -112.208
  473781.10  5892162.63   1.639525   0.000535   0.002033 -112.158
  473779.58  5892162.01   1.641189   0.000535   0.002037 -112.108
  473778.06  5892161.39   1.642858   0.000535   0.002041 -112.057
  473776.54  5892160.78   1.644532   0.000535   0.002045 -112.007
  473775.01  5892160.16   1.646211   0.000535   0.002050 -111.957
  473773.48  5892159.55   1.647894   0.000535   0.002054 -111.906
  473771.95  5892158.93   1.649582   0.000535   0.002058 -111.856
  473770.42  5892158.32   1.651274   0.000535   0.002061 -111.805
  473768.88  5892157.71   1.652972   0.000535   0.002065 -111.755
  473767.35  5892157.10   1.654674   0.000534   0.002069 -111.704
  473765.81  5892156.48   1.656380   0.000534   0.002073 -111.653
  473764.27  5892155.87   1.658092   0.000534   0.002077 -111.603
  473762.73  5892155.27   1.659808   0.000534   0.002081 -111.552
  473761.18  5892154.66   1.661529   0.000534   0.002085 -111.501
  473759.63  5892154.05   1.663255   0.000534   0.002089 -111.450
  473758.08  5892153.44   1.664985   0.000534   0.002093 -111.399
  473756.53  5892152.84   1.666720   0.000534   0.002097 -111.348
  473754.98  5892152.23   1.668460   0.000534   0.002101 -111.297
  473753.42  5892151.62   1.670205   0.000533   0.002105 -111.246
  473751.86  5892151.02   1.671954   0.000533   0.002108 -111.195
  473750.30  5892150.42   1.673710   0.000533   0.002112 -111.144
  473748.74  5892149.81   1.675469   0.000533   0.002116 -111.093
  473747.18  5892149.21   1.677233   0.000533   0.002120 -111.042
  473745.61  5892148.61   1.678999   0.000533   0.002123 -110.991
  473744.04  5892148.01   1.680769   0.000532   0.002127 -110.939
  473742.47  5892147.41   1.682542   0.000532   0.002130 -110.888
  473740.90  5892146.81   1.684319   0.000532   0.002134 -110.837
  473739.32  5892146.21   1.686098   0.000532   0.002137 -110.786
  473737.74  5892145.62   1.687881   0.000531   0.002141 -110.734
  473736.16  5892145.02   1.689668   0.000531   0.002144 -110.683
  473734.58  5892144.42   1.691458   0.000531   0.002148 -110.631
  473733.00  5892143.83   1.693251   0.000531   0.002151 -110.580
  473731.41  5892143.24   1.695047   0.000530   0.002155 -110.529
  473729.82  5892142.64   1.696847   0.000530   0.002158 -110.477
  473728.23  5892142.05   1.698651   0.000530   0.002162 -110.426
  473726.64  5892141.46   1.700457   0.000529   0.002165 -110.374
  473725.04  5892140.87   1.702267   0.000529   0.002168 -110.322
  473723.45  5892140.28   1.704081   0.000529   0.002172 -110.271
  473721.85  5892139.69   1.705898   0.000529   0.002175 -110.219
  473720.24  5892139.10   1.707718   0.000528   0.002179 -110.167
  473718.64  5892138.51   1.709542   0.000528   0.002182 -110.116
  473717.03  5892137.93   1.711369   0.000528   0.002186 -110.064
  473715.42  5892137.34   1.713199   0.000527   0.002189 -110.012
  473713.81  5892136.75   1.715033   0.000527   0.002192 -109.961
  473712.20  5892136.17   1.716871   0.000527   0.002196 -109.909
  473710.58  5892135.59   1.718711   0.000526   0.002199 -109.857
  473708.97  5892135.00   1.720556   0.000526   0.002202 -109.805
  473707.34  5892134.42   1.722403   0.000526   0.002206 -109.753
  473705.72  5892133.84   1.724255   0.000525   0.002209 -109.701
  473704.10  5892133.26   1.726109   0.000525   0.002212 -109.649
  473702.47  5892132.68   1.727968   0.000525   0.002216 -109.598
  473700.84  5892132.10   1.729829   0.000524   0.002219 -109.546
  473699.21  5892131.53   1.731694   0.000524   0.002222 -109.494
  473697.58  5892130.95   1.733563   0.000524   0.002226 -109.442
  473695.94  5892130.37   1.735435   0.000523   0.002229 -109.390
  473694.30  5892129.80   1.737311   0.000523   0.002232 -109.338
  473692.66  5892129.22   1.739190   0.000523   0.002236 -109.286
  473691.02  5892128.65   1.741073   0.000522   0.002239 -109.233
  473689.37  5892128.08   1.742959   0.000522   0.002242 -109.181
  473687.72  5892127.51   1.744849   0.000522   0.002245 -109.129
  473686.07  5892126.94   1.746742   0.000521   0.002249 -109.077
  473684.42  5892126.37   1.748639   0.000521   0.002252 -109.025
  473682.77  5892125.80   1.750540   0.000520   0.002255 -108.973
  473681.11  5892125.23   1.752444   0.000520   0.002258 -108.921
  473679.45  5892124.66   1.754351   0.000520   0.002262 -108.868
  473677.79  5892124.10   1.756263   0.000519   0.002265 -108.816
  473676.13  5892123.53   1.758177   0.000519   0.002268 -108.764
  473674.46  5892122.97   1.760096   0.000518   0.002271 -108.712
  473672.79  5892122.40   1.762018   0.000518   0.002274 -108.659
  473671.12  5892121.84   1.763943   0.000518   0.002277 -108.607
  473669.45  5892121.28   1.765872   0.000517   0.002281 -108.555
  473667.77  5892120.72   1.767805   0.000517   0.002284 -108.502
  473666.09  5892120.16   1.769741   0.000516   0.002287 -108.450
  473664.41  5892119.60   1.771681   0.000516   0.002290 -108.398
  473662.73  5892119.04   1.773625   0.000515   0.002293 -108.345
  473661.05  5892118.49   1.775572   0.000515   0.002296 -108.293
  473659.36  5892117.93   1.777523   0.000515   0.002299 -108.241
  473657.67  5892117.37   1.779478   0.000514   0.002303 -108.188
  473655.98  5892116.82   1.781436   0.000514   0.002306 -108.136
  473654.28  5892116.27   1.783398   0.000513   0.002309 -108.083
  473652.59  5892115.71   1.785363   0.000513   0.002312 -108.031
  473650.89  5892115.16   1.787332   0.000512   0.002315 -107.978
  473649.19  5892114.61   1.789305   0.000512   0.002318 -107.926
  473647.48  5892114.06   1.791282   0.000511   0.002321 -107.873
  473645.78  5892113.51   1.793262   0.000511   0.002324 -107.821
  473644.07  5892112.97   1.795246   0.000511   0.002327 -107.768
  473642.36  5892112.42   1.797234   0.000510   0.002330 -107.716
  473640.64  5892111.87   1.799225   0.000510   0.002333 -107.663
  473638.93  5892111.33   1.801220   0.000509   0.002336 -107.611
  473637.21  5892110.79   1.803219   0.000509   0.002339 -107.558
  473635.49  5892110.24   1.805222   0.000508   0.002342 -107.506
  473633.77  5892109.70   1.807228   0.000508   0.002345 -107.453
  473632.04  5892109.16   1.809238   0.000507   0.002348 -107.401
  473630.31  5892108.62   1.811252   0.000507   0.002351 -107.348
  473628.58  5892108.08   1.813269   0.000506   0.002354 -107.295
  473626.85  5892107.54   1.815290   0.000506   0.002357 -107.243
  473625.11  5892107.01   1.817315   0.000505   0.002360 -107.190
  473623.38  5892106.47   1.819344   0.000505   0.002363 -107.138
  473621.64  5892105.94   1.821377   0.000504   0.002366 -107.085
  473619.89  5892105.40   1.823413   0.000504   0.002369 -107.032
  473618.15  5892104.87   1.825453   0.000503   0.002372 -106.980
  473616.40  5892104.34   1.827497   0.000503   0.002375 -106.927
  473614.65  5892103.81   1.829545   0.000502   0.002378 -106.874
  473612.90  5892103.28   1.831596   0.000502   0.002380 -106.822
  473611.14  5892102.75   1.833652   0.000501   0.002383 -106.769
  473609.39  5892102.22   1.835711   0.000501   0.002386 -106.716
  473607.63  5892101.70   1.837774   0.000500   0.002389 -106.664
  473605.87  5892101.17   1.839840   0.000500   0.002392 -106.611
  473604.10  5892100.65   1.841911   0.000499   0.002395 -106.558
  473602.33  5892100.12   1.843985   0.000499   0.002398 -106.506
  473600.56  5892099.60   1.846064   0.000498   0.002401 -106.453
  473598.79  5892099.08   1.848146   0.000498   0.002403 -106.400
  473597.02  5892098.56   1.850232   0.000497   0.002406 -106.348
  473595.24  5892098.04   1.852321   0.000496   0.002409 -106.295
  473593.46  5892097.52   1.854415   0.000496   0.002412 -106.242
  473591.68  5892097.00   1.856513   0.000495   0.002415 -106.190
  473589.90  5892096.49   1.858614   0.000495   0.002417 -106.137
  473588.11  5892095.97   1.860719   0.000494   0.002420 -106.084
  473586.32  5892095.46   1.862829   0.000494   0.002423 -106.032
  473584.53  5892094.94   1.864942   0.000493   0.002426 -105.979
  473582.73  5892094.43   1.867059   0.000493   0.002428 -105.926
  473580.94  5892093.92   1.869185   0.000492   0.002431 -105.874
  473579.14  5892093.41   1.871315   0.000491   0.002434 -105.821
  473577.34  5892092.90   1.873439   0.000491   0.002437 -105.768
  473575.53  5892092.39   1.875554   0.000491   0.002440 -105.715
  473573.72  5892091.89   1.877663   0.000490   0.002444 -105.663
  473571.91  5892091.38   1.879764   0.000490   0.002447 -105.610
  473570.10  5892090.88   1.881857   0.000489   0.002450 -105.557
  473568.29  5892090.37   1.883944   0.000489   0.002453 -105.504
  473566.47  5892089.87   1.886023   0.000488   0.002457 -105.452
  473564.65  5892089.37   1.888095   0.000488   0.002460 -105.399
  473562.83  5892088.87   1.890159   0.000488   0.002463 -105.346
  473561.01  5892088.37   1.892216   0.000487   0.002467 -105.293
  473559.18  5892087.87   1.894266   0.000487   0.002470 -105.241
  473557.35  5892087.38   1.896309   0.000486   0.002474 -105.188
  473555.52  5892086.88   1.898344   0.000486   0.002477 -105.135
  473553.68  5892086.39   1.900372   0.000486   0.002480 -105.082
  473551.85  5892085.89   1.902393   0.000485   0.002484 -105.029
  473550.01  5892085.40   1.904407   0.000485   0.002487 -104.976
  473548.17  5892084.91   1.906413   0.000485   0.002491 -104.923
  473546.32  5892084.42   1.908412   0.000484   0.002494 -104.870
  473544.48  5892083.93   1.910404   0.000484   0.002498 -104.817
  473542.63  5892083.45   1.912389   0.000484   0.002502 -104.764
  473540.78  5892082.96   1.914366   0.000483   0.002505 -104.711
  473538.93  5892082.48   1.916337   0.000483   0.002509 -104.658
  473537.07  5892081.99   1.918300   0.000483   0.002512 -104.605
  473535.21  5892081.51   1.920255   0.000482   0.002516 -104.552
  473533.35  5892081.03   1.922204   0.000482   0.002520 -104.499
  473531.49  5892080.55   1.924146   0.000482   0.002523 -104.446
  473529.63  5892080.07   1.926081   0.000482   0.002527 -104.393
  473527.76  5892079.59   1.928010   0.000481   0.002531 -104.340
  473525.89  5892079.12   1.929928   0.000481   0.002535 -104.287
  473524.02  5892078.64   1.931837   0.000481   0.002538 -104.233
  473522.15  5892078.17   1.933735   0.000481   0.002542 -104.180
  473520.27  5892077.70   1.935624   0.000481   0.002546 -104.127
  473518.39  5892077.23   1.937503   0.000480   0.002550 -104.074
  473516.51  5892076.76   1.939371   0.000480   0.002554 -104.020
  473514.63  5892076.29   1.941230   0.000480   0.002558 -103.967
  473512.74  5892075.82   1.943078   0.000480   0.002562 -103.914
  473510.85  5892075.36   1.944917   0.000480   0.002566 -103.860
  473508.96  5892074.89   1.946746   0.000479   0.002570 -103.807
  473507.07  5892074.43   1.948565   0.000479   0.002574 -103.753
  473505.18  5892073.97   1.950373   0.000479   0.002578 -103.700
  473503.28  5892073.51   1.952172   0.000479   0.002582 -103.646
  473501.38  5892073.05   1.953961   0.000479   0.002586 -103.593
  473499.48  5892072.59   1.955740   0.000479   0.002590 -103.539
  473497.58  5892072.13   1.957510   0.000479   0.002594 -103.485
  473495.68  5892071.68   1.959269   0.000479   0.002598 -103.432
  473493.77  5892071.23   1.961018   0.000479   0.002602 -103.378
  473491.86  5892070.77   1.962758   0.000478   0.002607 -103.324
  473489.95  5892070.32   1.964488   0.000478   0.002611 -103.270
  473488.04  5892069.87   1.966207   0.000478   0.002615 -103.217
  473486.12  5892069.43   1.967917   0.000478   0.002619 -103.163
  473484.20  5892068.98   1.969617   0.000478   0.002624 -103.109
  473482.28  5892068.53   1.971308   0.000478   0.002628 -103.055
  473480.36  5892068.09   1.972988   0.000478   0.002633 -103.001
  473478.44  5892067.65   1.974659   0.000478   0.002637 -102.947
  473476.51  5892067.21   1.976320   0.000478   0.002641 -102.893
  473474.58  5892066.77   1.977971   0.000478   0.002646 -102.839
  473472.65  5892066.33   1.979612   0.000478   0.002650 -102.784
  473470.72  5892065.89   1.981244   0.000478   0.002655 -102.730
  473468.79  5892065.46   1.982865   0.000478   0.002660 -102.676
  473466.85  5892065.02   1.984477   0.000478   0.002664 -102.621
  473464.92  5892064.59   1.986079   0.000478   0.002669 -102.567
  473462.98  5892064.16   1.987672   0.000478   0.002673 -102.513
  473461.03  5892063.73   1.989255   0.000479   0.002678 -102.458
  473459.09  5892063.31   1.990828   0.000479   0.002683 -102.404
  473457.15  5892062.88   1.992391   0.000479   0.002687 -102.349
  473455.20  5892062.46   1.993944   0.000479   0.002692 -102.294
  473453.25  5892062.03   1.995488   0.000479   0.002697 -102.240
  473451.30  5892061.61   1.997022   0.000479   0.002702 -102.185
  473449.34  5892061.19   1.998547   0.000479   0.002707 -102.130
  473447.39  5892060.77   2.000062   0.000479   0.002711 -102.075
  473445.43  5892060.36   2.001567   0.000479   0.002716 -102.020
  473443.47  5892059.94   2.003063   0.000480   0.002721 -101.965
  473441.51  5892059.53   2.004548   0.000480   0.002726 -101.910
  473439.55  5892059.12   2.006025   0.000480   0.002731 -101.855
  473437.59  5892058.71   2.007491   0.000480   0.002736 -101.800
  473435.62  5892058.30   2.008948   0.000480   0.002741 -101.745
  473433.65  5892057.89   2.010396   0.000480   0.002746 -101.690
  473431.68  5892057.48   2.011834   0.000481   0.002751 -101.634
  473429.71  5892057.08   2.013262   0.000481   0.002756 -101.579
  473427.74  5892056.68   2.014681   0.000481   0.002761 -101.523
  473425.76  5892056.28   2.016090   0.000481   0.002766 -101.468
  473423.78  5892055.88   2.017490   0.000481   0.002772 -101.412
  473421.81  5892055.48   2.018880   0.000482   0.002777 -101.357
  473419.83  5892055.09   2.020260   0.000482   0.002782 -101.301
  473417.84  5892054.69   2.021631   0.000482   0.002787 -101.245
  473415.86  5892054.30   2.022993   0.000482   0.002792 -101.189
  473413.87  5892053.91   2.024345   0.000483   0.002798 -101.133
  473411.89  5892053.52   2.025687   0.000483   0.002803 -101.077
  473409.90  5892053.13   2.027021   0.000483   0.002808 -101.021
  473407.91  5892052.75   2.028344   0.000484   0.002814 -100.965
  473405.91  5892052.36   2.029658   0.000484   0.002819 -100.909
  473403.92  5892051.98   2.030963   0.000484   0.002825 -100.853
  473401.93  5892051.60   2.032259   0.000485   0.002830 -100.796
  473399.93  5892051.22   2.033545   0.000485   0.002836 -100.740
  473397.93  5892050.84   2.034821   0.000485   0.002841 -100.683
  473395.93  5892050.47   2.036088   0.000486   0.002847 -100.627
  473393.93  5892050.09   2.037346   0.000486   0.002852 -100.570
  473391.92  5892049.72   2.038594   0.000486   0.002858 -100.513
  473389.92  5892049.35   2.039833   0.000487   0.002863 -100.457
  473387.91  5892048.98   2.041063   0.000487   0.002869 -100.400
  473385.90  5892048.62   2.042284   0.000487   0.002875 -100.343
  473383.89  5892048.25   2.043495   0.000488   0.002880 -100.286
  473381.88  5892047.89   2.044696   0.000488   0.002886 -100.229
  473379.87  5892047.53   2.045889   0.000489   0.002892 -100.171
  473377.85  5892047.17   2.047072   0.000489   0.002898 -100.114
  473375.84  5892046.81   2.048246   0.000489   0.002903 -100.057
  473373.82  5892046.46   2.049411   0.000490   0.002909  -99.999
  473371.80  5892046.10   2.050566   0.000490   0.002915  -99.942
  473369.78  5892045.75   2.051712   0.000491   0.002921  -99.884
  473367.76  5892045.40   2.052849   0.000491   0.002927  -99.827
  473365.73  5892045.05   2.053977   0.000492   0.002933  -99.769
  473363.71  5892044.70   2.055095   0.000492   0.002939  -99.711
  473361.68  5892044.36   2.056205   0.000493   0.002945  -99.653
  473359.65  5892044.02   2.057305   0.000493   0.002951  -99.595
  473357.62  5892043.68   2.058396   0.000493   0.002957  -99.537
  473355.59  5892043.34   2.059478   0.000494   0.002963  -99.479
  473353.56  5892043.00   2.060551   0.000494   0.002969  -99.420
  473351.53  5892042.66   2.061614   0.000495   0.002975  -99.362
  473349.49  5892042.33   2.062669   0.000495   0.002981  -99.304
  473347.46  5892042.00   2.063714   0.000496   0.002988  -99.245
  473345.42  5892041.67   2.064751   0.000497   0.002994  -99.186
  473343.38  5892041.34   2.065778   0.000497   0.003000  -99.128
  473341.34  5892041.02   2.066796   0.000498   0.003006  -99.069
  473339.30  5892040.69   2.067806   0.000498   0.003013  -99.010
  473337.25  5892040.37   2.068806   0.000499   0.003019  -98.951
  473335.21  5892040.05   2.069797   0.000499   0.003025  -98.892
  473333.16  5892039.73   2.070779   0.000500   0.003032  -98.832
  473331.12  5892039.42   2.071753   0.000501   0.003040  -98.773
  473329.07  5892039.10   2.072716   0.000502   0.003048  -98.714
  473327.02  5892038.79   2.073671   0.000502   0.003051  -98.654
  473324.97  5892038.48   2.074618   0.000501   0.003051  -98.595
  473322.92  5892038.17   2.075557   0.000501   0.003051  -98.535
  473320.86  5892037.87   2.076489   0.000500   0.003051  -98.475
  473318.81  5892037.56   2.077413   0.000500   0.003051  -98.416
  473316.75  5892037.26   2.078329   0.000499   0.003051  -98.356
  473314.69  5892036.96   2.079238   0.000499   0.003051  -98.297
  473312.64  5892036.66   2.080139   0.000499   0.003051  -98.237
  473310.58  5892036.37   2.081032   0.000498   0.003052  -98.178
  473308.52  5892036.07   2.081918   0.000498   0.003052  -98.119
  473306.45  5892035.78   2.082796   0.000497   0.003052  -98.059
  473304.39  5892035.49   2.083667   0.000497   0.003052  -98.000
  473302.33  5892035.20   2.084529   0.000497   0.003053  -97.941
  473300.26  5892034.92   2.085385   0.000496   0.003053  -97.881
  473298.20  5892034.63   2.086232   0.000496   0.003054  -97.822
  473296.13  5892034.35   2.087070   0.000496   0.003055  -97.763
  473294.06  5892034.07   2.087900   0.000495   0.003054  -97.703
  473291.99  5892033.79   2.088726   0.000494   0.003050  -97.644
  473289.92  5892033.52   2.089549   0.000493   0.003047  -97.585
  473287.85  5892033.25   2.090368   0.000493   0.003044  -97.526
  473285.77  5892032.97   2.091183   0.000492   0.003040  -97.467
  473283.70  5892032.70   2.091993   0.000491   0.003037  -97.408
  473281.62  5892032.44   2.092800   0.000490   0.003034  -97.349
  473279.55  5892032.17   2.093604   0.000489   0.003030  -97.290
  473277.47  5892031.91   2.094403   0.000488   0.003027  -97.232
  473275.39  5892031.65   2.095198   0.000487   0.003024  -97.173
  473273.31  5892031.39   2.095990   0.000486   0.003020  -97.115
  473271.23  5892031.13   2.096777   0.000485   0.003017  -97.056
  473269.15  5892030.87   2.097561   0.000484   0.003014  -96.998
  473267.07  5892030.62   2.098340   0.000483   0.003010  -96.940
  473264.98  5892030.37   2.099116   0.000483   0.003007  -96.882
  473262.90  5892030.12   2.099888   0.000482   0.003004  -96.824
  473260.81  5892029.87   2.100656   0.000481   0.003001  -96.766
  473258.73  5892029.63   2.101420   0.000480   0.002998  -96.708
  473256.64  5892029.38   2.102179   0.000479   0.002994  -96.650
  473254.55  5892029.14   2.102935   0.000478   0.002991  -96.592
  473252.46  5892028.90   2.103687   0.000477   0.002988  -96.535
  473250.37  5892028.66   2.104435   0.000477   0.002985  -96.477
  473248.28  5892028.43   2.105179   0.000476   0.002982  -96.420
  473246.19  5892028.20   2.105919   0.000475   0.002979  -96.362
  473244.09  5892027.96   2.106655   0.000474   0.002976  -96.305
  473242.00  5892027.73   2.107387   0.000473   0.002973  -96.248
  473239.90  5892027.51   2.108115   0.000472   0.002970  -96.191
  473237.81  5892027.28   2.108839   0.000472   0.002967  -96.133
  473235.71  5892027.06   2.109559   0.000471   0.002964  -96.076
  473233.61  5892026.84   2.110274   0.000470   0.002961  -96.020
  473231.51  5892026.62   2.110986   0.000469   0.002958  -95.963
  473229.41  5892026.40   2.111694   0.000469   0.002955  -95.906
  473227.31  5892026.19   2.112397   0.000468   0.002952  -95.849
  473225.21  5892025.97   2.113097   0.000467   0.002949  -95.793
  473223.11  5892025.76   2.113793   0.000466   0.002946  -95.736
  473221.00  5892025.55   2.114484   0.000465   0.002943  -95.680
  473218.90  5892025.35   2.115171   0.000465   0.002940  -95.623
  473216.79  5892025.14   2.115855   0.000464   0.002937  -95.567
  473214.69  5892024.94   2.116534   0.000463   0.002934  -95.511
  473212.58  5892024.74   2.117209   0.000462   0.002931  -95.455
  473210.47  5892024.54   2.117880   0.000462   0.002929  -95.398
  473208.36  5892024.34   2.118546   0.000461   0.002926  -95.342
  473206.25  5892024.14   2.119209   0.000460   0.002923  -95.286
  473204.14  5892023.95   2.119868   0.000459   0.002920  -95.231
  473202.03  5892023.76   2.120522   0.000459   0.002917  -95.175
  473199.92  5892023.57   2.121172   0.000458   0.002915  -95.119
  473197.80  5892023.38   2.121819   0.000457   0.002912  -95.063
  473195.69  5892023.20   2.122461   0.000457   0.002909  -95.008
  473193.57  5892023.01   2.123099   0.000456   0.002907  -94.952
  473191.46  5892022.83   2.123732   0.000455   0.002904  -94.897
  473189.34  5892022.65   2.124362   0.000455   0.002901  -94.841
  473187.23  5892022.48   2.124987   0.000454   0.002899  -94.786
  473185.11  5892022.30   2.125608   0.000453   0.002896  -94.731
  473182.99  5892022.13   2.126225   0.000453   0.002893  -94.676
  473180.87  5892021.96   2.126838   0.000452   0.002891  -94.620
  473178.75  5892021.79   2.127447   0.000451   0.002888  -94.565
  473176.63  5892021.62   2.128051   0.000451   0.002885  -94.510
  473174.51  5892021.45   2.128651   0.000450   0.002883  -94.455
  473172.38  5892021.29   2.129248   0.000449   0.002880  -94.401
  473170.26  5892021.13   2.129839   0.000449   0.002878  -94.346
  473168.14  5892020.97   2.130427   0.000448   0.002875  -94.291
  473166.01  5892020.81   2.131010   0.000447   0.002873  -94.236
  473163.88  5892020.66   2.131589   0.000447   0.002870  -94.182
  473161.76  5892020.50   2.132164   0.000446   0.002868  -94.127
  473159.63  5892020.35   2.132735   0.000445   0.002865  -94.073
  473157.50  5892020.20   2.133301   0.000445   0.002863  -94.018
  473155.37  5892020.06   2.133864   0.000444   0.002860  -93.964
  473153.25  5892019.91   2.134422   0.000444   0.002858  -93.910
  473151.12  5892019.77   2.134975   0.000443   0.002856  -93.855
  473148.99  5892019.63   2.135525   0.000442   0.002853  -93.801
  473146.85  5892019.49   2.136070   0.000442   0.002851  -93.747
  473144.72  5892019.35   2.136611   0.000441   0.002849  -93.693
  473142.59  5892019.21   2.137145   0.000441   0.002848  -93.639
  473140.46  5892019.08   2.137676   0.000440   0.002844  -93.585
  473138.32  5892018.95   2.138206   0.000439   0.002839  -93.531
  473136.19  5892018.82   2.138735   0.000438   0.002834  -93.477
  473134.05  5892018.69   2.139264   0.000437   0.002829  -93.424
  473131.92  5892018.56   2.139792   0.000436   0.002824  -93.370
  473129.78  5892018.44   2.140320   0.000435   0.002819  -93.317
  473127.64  5892018.32   2.140848   0.000434   0.002814  -93.263
  473125.51  5892018.20   2.141374   0.000433   0.002809  -93.210
  473123.37  5892018.08   2.141901   0.000432   0.002803  -93.157
  473121.23  5892017.96   2.142426   0.000431   0.002798  -93.104
  473119.09  5892017.85   2.142951   0.000430   0.002793  -93.051
  473116.95  5892017.74   2.143476   0.000429   0.002788  -92.998
  473114.81  5892017.63   2.144000   0.000428   0.002783  -92.945
  473112.67  5892017.52   2.144523   0.000427   0.002778  -92.893
  473110.52  5892017.41   2.145046   0.000426   0.002773  -92.840
  473108.38  5892017.31   2.145568   0.000425   0.002768  -92.788
  473106.24  5892017.21   2.146089   0.000424   0.002763  -92.736
  473104.09  5892017.11   2.146610   0.000423   0.002759  -92.683
  473101.95  5892017.01   2.147130   0.000422   0.002754  -92.631
  473099.80  5892016.91   2.147650   0.000421   0.002749  -92.579
  473097.66  5892016.82   2.148168   0.000420   0.002744  -92.528
  473095.51  5892016.72   2.148686   0.000419   0.002739  -92.476
  473093.36  5892016.63   2.149204   0.000418   0.002734  -92.424
  473091.22  5892016.54   2.149721   0.000418   0.002729  -92.373
  473089.07  5892016.46   2.150236   0.000417   0.002724  -92.321
  473086.92  5892016.37   2.150752   0.000416   0.002719  -92.270
  473084.77  5892016.29   2.151266   0.000415   0.002714  -92.219
  473082.62  5892016.21   2.151780   0.000414   0.002709  -92.168
  473080.47  5892016.13   2.152293   0.000413   0.002704  -92.117
  473078.32  5892016.05   2.152805   0.000412   0.002699  -92.066
  473076.17  5892015.97   2.153317   0.000411   0.002694  -92.015
  473074.01  5892015.90   2.153828   0.000410   0.002690  -91.964
  473071.86  5892015.83   2.154337   0.000409   0.002686  -91.914
  473069.71  5892015.76   2.154846   0.000408   0.002680  -91.863
  473067.55  5892015.69   2.155355   0.000407   0.002671  -91.813
  473065.40  5892015.62   2.155864   0.000405   0.002663  -91.762
  473063.24  5892015.56   2.156373   0.000404   0.002655  -91.712
  473061.09  5892015.50   2.156882   0.000402   0.002646  -91.663
  473058.93  5892015.44   2.157392   0.000401   0.002638  -91.613
  473056.78  5892015.38   2.157902   0.000399   0.002630  -91.563
  473054.62  5892015.32   2.158411   0.000398   0.002622  -91.514
  473052.46  5892015.27   2.158921   0.000396   0.002613  -91.465
  473050.30  5892015.21   2.159431   0.000395   0.002605  -91.416
  473048.14  5892015.16   2.159941   0.000394   0.002597  -91.367
  473045.98  5892015.11   2.160452   0.000392   0.002589  -91.318
  473043.82  5892015.06   2.160962   0.000391   0.002580  -91.270
  473041.66  5892015.02   2.161472   0.000389   0.002572  -91.221
  473039.50  5892014.97   2.161982   0.000388   0.002564  -91.173
  473037.34  5892014.93   2.162493   0.000386   0.002556  -91.125
  473035.18  5892014.89   2.163003   0.000385   0.002547  -91.077
  473033.01  5892014.85   2.163513   0.000384   0.002539  -91.029
  473030.85  5892014.81   2.164023   0.000382   0.002531  -90.982
  473028.69  5892014.78   2.164533   0.000381   0.002523  -90.934
  473026.52  5892014.74   2.165043   0.000379   0.002515  -90.887
  473024.36  5892014.71   2.165553   0.000378   0.002506  -90.840
  473022.19  5892014.68   2.166063   0.000377   0.002498  -90.793
  473020.03  5892014.65   2.166573   0.000375   0.002490  -90.746
  473017.86  5892014.63   2.167082   0.000374   0.002482  -90.700
  473015.69  5892014.60   2.167592   0.000372   0.002474  -90.653
  473013.52  5892014.58   2.168101   0.000371   0.002465  -90.607
  473011.36  5892014.56   2.168610   0.000369   0.002457  -90.561
  473009.19  5892014.54   2.169119   0.000368   0.002449  -90.515
  473007.02  5892014.52   2.169628   0.000367   0.002441  -90.470
  473004.85  5892014.51   2.170137   0.000365   0.002433  -90.424
  473002.68  5892014.49   2.170645   0.000364   0.002425  -90.379
  473000.51  5892014.48   2.171153   0.000362   0.002416  -90.333
  472998.33  5892014.47   2.171661   0.000361   0.002408  -90.288
  472996.16  5892014.46   2.172168   0.000360   0.002400  -90.243
  472993.99  5892014.45   2.172676   0.000358   0.002392  -90.199
  472991.82  5892014.45   2.173183   0.000357   0.002384  -90.154
  472989.64  5892014.44   2.173689   0.000356   0.002376  -90.109
  472987.47  5892014.44   2.174196   0.000354   0.002367  -90.065
  472985.30  5892014.44   2.174702   0.000353   0.002359  -90.021
  472983.12  5892014.44   2.175208   0.000351   0.002351  -89.977
  472980.95  5892014.44   2.175713   0.000350   0.002343  -89.933
  472978.77  5892014.45   2.176218   0.000349   0.002335  -89.890
  472976.59  5892014.45   2.176722   0.000347   0.002327  -89.846
  472974.42  5892014.46   2.177227   0.000346   0.002319  -89.803
  472972.24  5892014.47   2.177730   0.000345   0.002311  -89.760
  472970.06  5892014.48   2.178234   0.000343   0.002302  -89.717
  472967.88  5892014.49   2.178737   0.000342   0.002294  -89.674
  472965.70  5892014.51   2.179239   0.000340   0.002286  -89.631
  472963.52  5892014.52   2.179741   0.000339   0.002278  -89.589
  472961.34  5892014.54   2.180242   0.000338   0.002270  -89.546
  472959.16  5892014.56   2.180743   0.000336   0.002262  -89.504
  472956.98  5892014.58   2.181244   0.000335   0.002254  -89.462
  472954.80  5892014.60   2.181744   0.000334   0.002246  -89.420
  472952.62  5892014.62   2.182243   0.000332   0.002238  -89.379
  472950.44  5892014.65   2.182742   0.000331   0.002230  -89.337
  472948.25  5892014.68   2.183241   0.000330   0.002222  -89.296
  472946.07  5892014.70   2.183739   0.000328   0.002214  -89.255
  472943.89  5892014.73   2.184236   0.000327   0.002205  -89.213
  472941.70  5892014.77   2.184732   0.000326   0.002197  -89.173
  472939.52  5892014.80   2.185228   0.000324   0.002189  -89.132
  472937.33  5892014.83   2.185724   0.000323   0.002181  -89.091
  472935.15  5892014.87   2.186219   0.000322   0.002173  -89.051
  472932.96  5892014.91   2.186713   0.000320   0.002165  -89.011
  472930.77  5892014.95   2.187206   0.000319   0.002157  -88.970
  472928.59  5892014.99   2.187699   0.000318   0.002149  -88.930
  472926.40  5892015.03   2.188191   0.000316   0.002141  -88.891
  472924.21  5892015.07   2.188683   0.000315   0.002133  -88.851
  472922.02  5892015.12   2.189174   0.000314   0.002125  -88.811
  472919.83  5892015.17   2.189664   0.000312   0.002117  -88.772
  472917.64  5892015.21   2.190153   0.000311   0.002109  -88.733
  472915.46  5892015.26   2.190642   0.000310   0.002101  -88.694
  472913.26  5892015.32   2.191130   0.000308   0.002093  -88.655
  472911.07  5892015.37   2.191617   0.000307   0.002085  -88.616
  472908.88  5892015.42   2.192103   0.000306   0.002077  -88.578
  472906.69  5892015.48   2.192589   0.000304   0.002069  -88.539
  472904.50  5892015.54   2.193074   0.000303   0.002061  -88.501
  472902.31  5892015.59   2.193558   0.000302   0.002053  -88.463
  472900.11  5892015.66   2.194041   0.000300   0.002045  -88.425
  472897.92  5892015.72   2.194523   0.000299   0.002037  -88.387
  472895.73  5892015.78   2.195005   0.000298   0.002029  -88.350
  472893.53  5892015.84   2.195486   0.000297   0.002021  -88.312
  472891.34  5892015.91   2.195966   0.000295   0.002013  -88.275
  472889.14  5892015.98   2.196445   0.000294   0.002005  -88.238
  472886.95  5892016.05   2.196923   0.000293   0.001998  -88.201
  472884.75  5892016.12   2.197400   0.000291   0.001990  -88.164
  472882.55  5892016.19   2.197876   0.000290   0.001982  -88.127
  472880.36  5892016.26   2.198352   0.000289   0.001974  -88.091
  472878.16  5892016.34   2.198826   0.000287   0.001966  -88.055
  472875.96  5892016.41   2.199300   0.000286   0.001958  -88.018
  472873.76  5892016.49   2.199772   0.000285   0.001950  -87.982
  472871.57  5892016.57   2.200244   0.000284   0.001942  -87.946
  472869.37  5892016.65   2.200715   0.000282   0.001934  -87.911
  472867.17  5892016.73   2.201185   0.000281   0.001926  -87.875
  472864.97  5892016.81   2.201653   0.000280   0.001918  -87.840
  472862.77  5892016.90   2.202121   0.000279   0.001910  -87.804
  472860.57  5892016.98   2.202588   0.000277   0.001902  -87.769
  472858.36  5892017.07   2.203054   0.000276   0.001895  -87.734
  472856.16  5892017.16   2.203518   0.000275   0.001887  -87.699
  472853.96  5892017.25   2.203982   0.000273   0.001879  -87.665
  472851.76  5892017.34   2.204445   0.000272   0.001871  -87.630
  472849.56  5892017.43   2.204906   0.000271   0.001863  -87.596
  472847.35  5892017.53   2.205367   0.000270   0.001855  -87.561
  472845.15  5892017.62   2.205826   0.000268   0.001847  -87.527
  472842.95  5892017.72   2.206285   0.000267   0.001839  -87.493
  472840.74  5892017.82   2.206742   0.000266   0.001832  -87.460
  472838.54  5892017.92   2.207198   0.000265   0.001824  -87.426
  472836.33  5892018.02   2.207653   0.000263   0.001816  -87.393
  472834.13  5892018.12   2.208107   0.000262   0.001808  -87.359
  472831.92  5892018.22   2.208560   0.000261   0.001800  -87.326
  472829.71  5892018.33   2.209012   0.000260   0.001792  -87.293
  472827.51  5892018.43   2.209462   0.000258   0.001785  -87.260
  472825.30  5892018.54   2.209911   0.000257   0.001777  -87.227
  472823.09  5892018.65   2.210360   0.000256   0.001769  -87.195
  472820.88  5892018.76   2.210807   0.000255   0.001761  -87.162
  472818.68  5892018.87   2.211252   0.000254   0.001753  -87.130
  472816.47  5892018.98   2.211697   0.000252   0.001745  -87.098
  472814.26  5892019.09   2.212140   0.000251   0.001738  -87.066
  472812.05  5892019.21   2.212583   0.000250   0.001730  -87.034
  472809.84  5892019.32   2.213024   0.000249   0.001722  -87.003
  472807.63  5892019.44   2.213463   0.000247   0.001714  -86.971
  472805.42  5892019.56   2.213902   0.000246   0.001706  -86.940
  472803.21  5892019.68   2.214339   0.000245   0.001699  -86.908
  472801.00  5892019.80   2.214775   0.000244   0.001691  -86.877
  472798.79  5892019.92   2.215210   0.000243   0.001683  -86.846
  472796.57  5892020.04   2.215643   0.000241   0.001675  -86.816
  472794.36  5892020.17   2.216075   0.000240   0.001668  -86.785
  472792.15  5892020.29   2.216506   0.000239   0.001660  -86.754
  472789.93  5892020.42   2.216935   0.000238   0.001652  -86.724
  472787.72  5892020.55   2.217364   0.000236   0.001644  -86.694
  472785.51  5892020.68   2.217790   0.000235   0.001637  -86.664
  472783.29  5892020.81   2.218216   0.000234   0.001629  -86.634
  472781.08  5892020.94   2.218640   0.000233   0.001621  -86.604
  472778.86  5892021.07   2.219063   0.000232   0.001613  -86.575
  472776.65  5892021.20   2.219485   0.000230   0.001606  -86.545
  472774.43  5892021.34   2.219905   0.000229   0.001598  -86.516
  472772.22  5892021.47   2.220323   0.000228   0.001590  -86.487
  472770.00  5892021.61   2.220741   0.000227   0.001582  -86.458
  472767.78  5892021.75   2.221157   0.000226   0.001575  -86.429
  472765.57  5892021.89   2.221571   0.000224   0.001567  -86.400
  472763.35  5892022.03   2.221984   0.000223   0.001559  -86.372
  472761.13  5892022.17   2.222396   0.000222   0.001551  -86.343
  472758.91  5892022.31   2.222806   0.000221   0.001544  -86.315
  472756.70  5892022.46   2.223215   0.000220   0.001536  -86.287
  472754.48  5892022.60   2.223623   0.000219   0.001528  -86.259
  472752.26  5892022.75   2.224029   0.000217   0.001521  -86.231
  472750.04  5892022.90   2.224433   0.000216   0.001513  -86.203
  472747.82  5892023.05   2.224836   0.000215   0.001505  -86.176
  472745.60  5892023.19   2.225238   0.000214   0.001498  -86.148
  472743.38  5892023.35   2.225638   0.000213   0.001490  -86.121
  472741.16  5892023.50   2.226037   0.000212   0.001482  -86.094
  472738.94  5892023.65   2.226434   0.000210   0.001475  -86.067
  472736.72  5892023.80   2.226829   0.000209   0.001467  -86.040
  472734.49  5892023.96   2.227223   0.000208   0.001459  -86.013
  472732.27  5892024.11   2.227616   0.000207   0.001452  -85.987
  472730.05  5892024.27   2.228007   0.000206   0.001444  -85.960
  472727.83  5892024.43   2.228397   0.000205   0.001436  -85.934
  472725.60  5892024.59   2.228785   0.000203   0.001429  -85.908
  472723.38  5892024.75   2.229171   0.000202   0.001421  -85.882
  472721.16  5892024.91   2.229556   0.000201   0.001413  -85.856
  472718.93  5892025.07   2.229939   0.000200   0.001406  -85.831
  472716.71  5892025.23   2.230321   0.000199   0.001398  -85.805
  472714.49  5892025.40   2.230701   0.000198   0.001390  -85.780
  472712.26  5892025.56   2.231080   0.000196   0.001383  -85.754
  472710.04  5892025.73   2.231457   0.000195   0.001375  -85.729
  472707.81  5892025.90   2.231832   0.000194   0.001368  -85.704
  472705.58  5892026.07   2.232206   0.000193   0.001360  -85.679
  472703.36  5892026.23   2.232578   0.000192   0.001352  -85.655
  472701.13  5892026.40   2.232949   0.000191   0.001345  -85.630
  472698.91  5892026.58   2.233318   0.000190   0.001337  -85.606
  472696.68  5892026.75   2.233685   0.000188   0.001329  -85.582
  472694.45  5892026.92   2.234051   0.000187   0.001322  -85.557
  472692.22  5892027.09   2.234415   0.000186   0.001314  -85.533
  472690.00  5892027.27   2.234777   0.000185   0.001307  -85.510
  472687.77  5892027.45   2.235138   0.000184   0.001299  -85.486
  472685.54  5892027.62   2.235497   0.000183   0.001291  -85.462
  472683.31  5892027.80   2.235854   0.000182   0.001284  -85.439
  472681.08  5892027.98   2.236210   0.000180   0.001276  -85.416
  472678.85  5892028.16   2.236564   0.000179   0.001269  -85.393
  472676.62  5892028.34   2.236916   0.000178   0.001261  -85.370
  472674.39  5892028.52   2.237267   0.000177   0.001254  -85.347
  472672.16  5892028.70   2.237616   0.000176   0.001246  -85.324
  472669.93  5892028.89   2.237963   0.000175   0.001238  -85.302
  472667.70  5892029.07   2.238308   0.000174   0.001231  -85.279
  472665.47  5892029.26   2.238652   0.000173   0.001223  -85.257
  472663.24  5892029.44   2.238994   0.000171   0.001216  -85.235
  472661.01  5892029.63   2.239334   0.000170   0.001208  -85.213
  472658.78  5892029.82   2.239673   0.000169   0.001201  -85.191
  472656.55  5892030.00   2.240009   0.000168   0.001193  -85.169
  472654.31  5892030.19   2.240344   0.000167   0.001186  -85.148
  472652.08  5892030.38   2.240678   0.000166   0.001178  -85.126
  472649.85  5892030.58   2.241009   0.000165   0.001171  -85.105
  472647.62  5892030.77   2.241339   0.000164   0.001163  -85.084
  472645.38  5892030.96   2.241667   0.000163   0.001155  -85.063
  472643.15  5892031.15   2.241993   0.000161   0.001148  -85.042
  472640.92  5892031.35   2.242317   0.000160   0.001140  -85.021
  472638.68  5892031.54   2.242640   0.000159   0.001133  -85.000
  472636.45  5892031.74   2.242961   0.000158   0.001125  -84.980
  472634.21  5892031.94   2.243280   0.000157   0.001118  -84.960
  472631.98  5892032.14   2.243597   0.000156   0.001110  -84.939
  472629.74  5892032.33   2.243912   0.000155   0.001103  -84.919
  472627.51  5892032.53   2.244226   0.000154   0.001095  -84.899
  472625.27  5892032.73   2.244537   0.000153   0.001088  -84.880
  472623.04  5892032.94   2.244847   0.000152   0.001080  -84.860
  472620.80  5892033.14   2.245155   0.000150   0.001073  -84.841
  472618.57  5892033.34   2.245461   0.000149   0.001065  -84.821
  472616.33  5892033.54   2.245765   0.000148   0.001058  -84.802
  472614.09  5892033.75   2.246068   0.000147   0.001050  -84.783
  472611.86  5892033.95   2.246368   0.000146   0.001043  -84.764
  472609.62  5892034.16   2.246667   0.000145   0.001035  -84.745
  472607.38  5892034.36   2.246964   0.000144   0.001028  -84.726
  472605.14  5892034.57   2.247259   0.000143   0.001020  -84.708
  472602.91  5892034.78   2.247552   0.000142   0.001013  -84.690
  472600.67  5892034.99   2.247843   0.000141   0.001005  -84.671
  472598.43  5892035.20   2.248132   0.000140   0.000998  -84.653
  472596.19  5892035.41   2.248420   0.000139   0.000991  -84.635
  472593.95  5892035.62   2.248705   0.000137   0.000983  -84.617
  472591.71  5892035.83   2.248989   0.000136   0.000976  -84.600
  472589.47  5892036.04   2.249271   0.000135   0.000968  -84.582
  472587.24  5892036.26   2.249550   0.000134   0.000961  -84.565
  472585.00  5892036.47   2.249828   0.000133   0.000953  -84.547
  472582.76  5892036.68   2.250104   0.000132   0.000946  -84.530
  472580.52  5892036.90   2.250378   0.000131   0.000938  -84.513
  472578.28  5892037.12   2.250650   0.000130   0.000931  -84.496
  472576.04  5892037.33   2.250920   0.000129   0.000923  -84.479
  472573.80  5892037.55   2.251188   0.000128   0.000916  -84.463
  472571.55  5892037.77   2.251454   0.000127   0.000909  -84.446
  472569.31  5892037.99   2.251719   0.000126   0.000901  -84.430
  472567.07  5892038.21   2.251981   0.000125   0.000894  -84.414
  472564.83  5892038.42   2.252241   0.000124   0.000886  -84.398
  472562.59  5892038.65   2.252499   0.000122   0.000879  -84.382
  472560.35  5892038.87   2.252756   0.000121   0.000871  -84.366
  472558.11  5892039.09   2.253010   0.000120   0.000864  -84.350
  472555.86  5892039.31   2.253263   0.000119   0.000857  -84.335
  472553.62  5892039.53   2.253513   0.000118   0.000849  -84.319
  472551.38  5892039.76   2.253761   0.000117   0.000842  -84.304
  472549.14  5892039.98   2.254008   0.000116   0.000834  -84.289
  472546.89  5892040.21   2.254252   0.000115   0.000827  -84.274
  472544.65  5892040.43   2.254495   0.000114   0.000820  -84.259
  472542.41  5892040.66   2.254735   0.000113   0.000812  -84.244
  472540.16  5892040.89   2.254974   0.000112   0.000805  -84.230
  472537.92  5892041.11   2.255210   0.000111   0.000797  -84.215
  472535.68  5892041.34   2.255444   0.000110   0.000790  -84.201
  472533.43  5892041.57   2.255677   0.000109   0.000783  -84.187
  472531.19  5892041.80   2.255907   0.000108   0.000775  -84.173
  472528.94  5892042.03   2.256135   0.000107   0.000768  -84.159
  472526.70  5892042.26   2.256362   0.000106   0.000760  -84.145
  472524.45  5892042.49   2.256586   0.000105   0.000753  -84.131
  472522.21  5892042.72   2.256808   0.000104   0.000746  -84.118
  472519.96  5892042.95   2.257028   0.000102   0.000738  -84.104
  472517.72  5892043.18   2.257246   0.000101   0.000731  -84.091
  472515.47  5892043.42   2.257462   0.000100   0.000723  -84.078
  472513.23  5892043.65   2.257676   0.000099   0.000716  -84.065
  472510.98  5892043.88   2.257888   0.000098   0.000709  -84.052
  472508.74  5892044.12   2.258098   0.000097   0.000701  -84.040
  472506.49  5892044.35   2.258306   0.000096   0.000694  -84.027
  472504.25  5892044.59   2.258512   0.000095   0.000687  -84.014
  472502.00  5892044.82   2.258715   0.000094   0.000679  -84.002
  472499.75  5892045.06   2.258917   0.000093   0.000672  -83.990
  472497.51  5892045.30   2.259116   0.000092   0.000665  -83.978
  472495.26  5892045.54   2.259314   0.000091   0.000657  -83.966
  472493.01  5892045.77   2.259509   0.000090   0.000650  -83.954
  472490.77  5892046.01   2.259702   0.000089   0.000642  -83.943
  472488.52  5892046.25   2.259893   0.000088   0.000635  -83.931
  472486.27  5892046.49   2.260082   0.000087   0.000628  -83.920
  472484.02  5892046.73   2.260269   0.000086   0.000620  -83.908
  472481.78  5892046.97   2.260454   0.000085   0.000613  -83.897
  472479.53  5892047.21   2.260637   0.000084   0.000606  -83.886
  472477.28  5892047.45   2.260818   0.000083   0.000598  -83.875
  472475.03  5892047.69   2.260996   0.000082   0.000591  -83.865
  472472.78  5892047.94   2.261173   0.000081   0.000584  -83.854
  472470.54  5892048.18   2.261347   0.000080   0.000576  -83.844
  472468.29  5892048.42   2.261519   0.000079   0.000569  -83.833
  472466.04  5892048.67   2.261689   0.000078   0.000562  -83.823
  472463.79  5892048.91   2.261857   0.000077   0.000554  -83.813
  472461.54  5892049.15   2.262023   0.000076   0.000547  -83.803
  472459.29  5892049.40   2.262186   0.000075   0.000540  -83.793
  472457.04  5892049.64   2.262348   0.000074   0.000532  -83.784
  472454.80  5892049.89   2.262507   0.000073   0.000525  -83.774
  472452.55  5892050.13   2.262665   0.000071   0.000518  -83.765
  472450.30  5892050.38   2.262820   0.000070   0.000510  -83.756
  472448.05  5892050.63   2.262973   0.000069   0.000503  -83.746
  472445.80  5892050.87   2.263124   0.000068   0.000496  -83.737
  472443.55  5892051.12   2.263272   0.000067   0.000488  -83.728
  472441.30  5892051.37   2.263419   0.000066   0.000481  -83.720
  472439.05  5892051.62   2.263563   0.000065   0.000474  -83.711
  472436.80  5892051.86   2.263705   0.000064   0.000466  -83.703
  472434.55  5892052.11   2.263845   0.000063   0.000459  -83.694
  472432.30  5892052.36   2.263983   0.000062   0.000452  -83.686
  472430.05  5892052.61   2.264119   0.000061   0.000444  -83.678
  472427.80  5892052.86   2.264253   0.000060   0.000437  -83.670
  472425.55  5892053.11   2.264384   0.000059   0.000430  -83.662
  472423.30  5892053.36   2.264513   0.000058   0.000423  -83.655
  472421.05  5892053.61   2.264640   0.000057   0.000415  -83.647
  472418.80  5892053.86   2.264765   0.000056   0.000408  -83.640
  472416.54  5892054.11   2.264888   0.000055   0.000401  -83.632
  472414.29  5892054.37   2.265009   0.000054   0.000393  -83.625
  472412.04  5892054.62   2.265127   0.000053   0.000386  -83.618
  472409.79  5892054.87   2.265243   0.000052   0.000379  -83.611
  472407.54  5892055.12   2.265357   0.000051   0.000371  -83.604
  472405.29  5892055.37   2.265469   0.000050   0.000364  -83.598
  472403.04  5892055.63   2.265579   0.000049   0.000357  -83.591
  472400.79  5892055.88   2.265686   0.000048   0.000350  -83.585
  472398.53  5892056.13   2.265791   0.000047   0.000342  -83.579
  472396.28  5892056.39   2.265894   0.000046   0.000335  -83.572
  472394.03  5892056.64   2.265995   0.000045   0.000328  -83.566
  472391.78  5892056.90   2.266094   0.000044   0.000320  -83.561
  472389.53  5892057.15   2.266191   0.000043   0.000313  -83.555
  472387.28  5892057.40   2.266285   0.000042   0.000306  -83.549
  472385.02  5892057.66   2.266377   0.000041   0.000298  -83.544
  472382.77  5892057.91   2.266467   0.000040   0.000291  -83.539
  472380.52  5892058.17   2.266555   0.000039   0.000284  -83.533
  472378.27  5892058.42   2.266640   0.000038   0.000277  -83.528
  472376.02  5892058.68   2.266723   0.000037   0.000269  -83.523
  472373.76  5892058.94   2.266804   0.000036   0.000262  -83.518
  472371.51  5892059.19   2.266883   0.000035   0.000255  -83.514
  472369.26  5892059.45   2.266960   0.000034   0.000247  -83.509
  472367.01  5892059.71   2.267034   0.000033   0.000240  -83.505
  472364.75  5892059.96   2.267107   0.000032   0.000233  -83.501
  472362.50  5892060.22   2.267177   0.000031   0.000226  -83.496
  472360.25  5892060.48   2.267245   0.000030   0.000218  -83.492
  472358.00  5892060.73   2.267310   0.000029   0.000211  -83.488
  472355.74  5892060.99   2.267374   0.000028   0.000204  -83.485
  472353.49  5892061.25   2.267435   0.000027   0.000196  -83.481
  472351.24  5892061.50   2.267494   0.000026   0.000189  -83.478
  472348.98  5892061.76   2.267551   0.000025   0.000182  -83.474
  472346.73  5892062.02   2.267605   0.000024   0.000175  -83.471
  472344.48  5892062.28   2.267657   0.000023   0.000167  -83.468
  472342.23  5892062.54   2.267707   0.000022   0.000160  -83.465
  472339.97  5892062.79   2.267755   0.000021   0.000153  -83.462
  472337.72  5892063.05   2.267801   0.000020   0.000145  -83.459
  472335.47  5892063.31   2.267844   0.000019   0.000138  -83.457
  472333.21  5892063.57   2.267886   0.000018   0.000131  -83.454
  472330.96  5892063.83   2.267925   0.000017   0.000124  -83.452
  472328.71  5892064.09   2.267961   0.000016   0.000116  -83.450
  472326.45  5892064.35   2.267996   0.000015   0.000109  -83.447
  472324.20  5892064.60   2.268028   0.000014   0.000102  -83.446
  472321.95  5892064.86   2.268058   0.000013   0.000095  -83.444
  472319.69  5892065.12   2.268086   0.000012   0.000087  -83.442
  472317.44  5892065.38   2.268112   0.000011   0.000080  -83.440
  472315.19  5892065.64   2.268135   0.000010   0.000073  -83.439
  472312.94  5892065.90   2.268156   0.000009   0.000065  -83.438
  472310.68  5892066.16   2.268175   0.000008   0.000058  -83.437
  472308.43  5892066.42   2.268192   0.000007   0.000051  -83.436
  472306.18  5892066.68   2.268207   0.000006   0.000044  -83.435
  472303.92  5892066.94   2.268219   0.000005   0.000036  -83.434
  472301.67  5892067.20   2.268229   0.000004   0.000029  -83.433
  472299.42  5892067.46   2.268237   0.000003   0.000022  -83.433
  472297.16  5892067.72   2.268242   0.000002   0.000013  -83.432
  472294.91  5892067.98   2.268244   0.000001   0.000007  -83.432
