  466661.00  5895283.50   0.120609   0.000133   0.000003    0.000
  466661.12  5895283.50   0.121742   0.000258   0.000005   90.453
  466661.24  5895283.50   0.124005   0.000492   0.000011   90.455
  466661.37  5895283.50   0.126260   0.000705   0.000016   90.459
  466661.50  5895283.50   0.128510   0.000900   0.000021   90.464
  466661.63  5895283.50   0.130753   0.001077   0.000026   90.470
  466661.76  5895283.50   0.132989   0.001239   0.000031   90.478
  466661.89  5895283.49   0.135219   0.001388   0.000036   90.488
  466662.03  5895283.49   0.137442   0.001524   0.000041   90.499
  466662.17  5895283.49   0.139659   0.001648   0.000045   90.511
  466662.31  5895283.49   0.141869   0.001762   0.000050   90.524
  466662.45  5895283.49   0.144073   0.001867   0.000055   90.538
  466662.60  5895283.49   0.146270   0.001963   0.000059   90.553
  466662.74  5895283.49   0.148461   0.002051   0.000064   90.570
  466662.89  5895283.48   0.150646   0.002132   0.000068   90.587
  466663.04  5895283.48   0.152823   0.002206   0.000073   90.606
  466663.20  5895283.48   0.154995   0.002274   0.000077   90.625
  466663.35  5895283.48   0.157159   0.002337   0.000082   90.645
  466663.51  5895283.48   0.159318   0.002395   0.000086   90.666
  466663.67  5895283.48   0.161470   0.002448   0.000090   90.688
  466663.84  5895283.47   0.163615   0.002497   0.000095   90.711
  466664.00  5895283.47   0.165754   0.002541   0.000099   90.734
  466664.17  5895283.47   0.167886   0.002583   0.000103   90.758
  466664.34  5895283.47   0.170012   0.002620   0.000107   90.783
  466664.51  5895283.46   0.172131   0.002655   0.000111   90.809
  466664.68  5895283.46   0.174244   0.002687   0.000115   90.835
  466664.86  5895283.46   0.176351   0.002716   0.000119   90.862
  466665.03  5895283.46   0.178451   0.002743   0.000124   90.889
  466665.21  5895283.45   0.180545   0.002767   0.000128   90.917
  466665.39  5895283.45   0.182632   0.002790   0.000132   90.946
  466665.58  5895283.45   0.184713   0.002810   0.000136   90.975
  466665.76  5895283.44   0.186787   0.002829   0.000140   91.005
  466665.95  5895283.44   0.188855   0.002846   0.000144   91.035
  466666.14  5895283.44   0.190916   0.002862   0.000148   91.066
  466666.33  5895283.43   0.192971   0.002876   0.000151   91.097
  466666.53  5895283.43   0.195020   0.002889   0.000155   91.129
  466666.72  5895283.43   0.197062   0.002901   0.000159   91.161
  466666.92  5895283.42   0.199098   0.002911   0.000163   91.194
  466667.12  5895283.42   0.201127   0.002921   0.000167   91.227
  466667.32  5895283.41   0.203150   0.002929   0.000171   91.261
  466667.53  5895283.41   0.205167   0.002937   0.000175   91.295
  466667.73  5895283.40   0.207178   0.002943   0.000179   91.329
  466667.94  5895283.40   0.209181   0.002950   0.000183   91.364
  466668.15  5895283.39   0.211178   0.002955   0.000186   91.400
  466668.36  5895283.39   0.213167   0.002960   0.000190   91.436
  466668.58  5895283.38   0.215150   0.002965   0.000194   91.472
  466668.79  5895283.38   0.217125   0.002968   0.000198   91.508
  466669.01  5895283.37   0.219094   0.002972   0.000202   91.545
  466669.23  5895283.37   0.221056   0.002975   0.000206   91.582
  466669.45  5895283.36   0.223011   0.002977   0.000209   91.620
  466669.68  5895283.35   0.224959   0.002979   0.000213   91.658
  466669.90  5895283.35   0.226900   0.002980   0.000217   91.697
  466670.13  5895283.34   0.228834   0.002982   0.000221   91.735
  466670.36  5895283.33   0.230761   0.002983   0.000225   91.774
  466670.59  5895283.32   0.232681   0.002983   0.000228   91.814
  466670.83  5895283.32   0.234595   0.002984   0.000232   91.854
  466671.06  5895283.31   0.236501   0.002984   0.000236   91.894
  466671.30  5895283.30   0.238400   0.002984   0.000240   91.934
  466671.54  5895283.29   0.240293   0.002983   0.000244   91.975
  466671.78  5895283.28   0.242179   0.002983   0.000247   92.016
  466672.02  5895283.28   0.244058   0.002982   0.000251   92.057
  466672.27  5895283.27   0.245930   0.002981   0.000255   92.099
  466672.51  5895283.26   0.247795   0.002980   0.000259   92.141
  466672.76  5895283.25   0.249653   0.002979   0.000263   92.183
  466673.01  5895283.24   0.251505   0.002978   0.000266   92.226
  466673.26  5895283.23   0.253349   0.002976   0.000270   92.269
  466673.52  5895283.22   0.255187   0.002975   0.000274   92.312
  466673.77  5895283.21   0.257018   0.002973   0.000278   92.356
  466674.03  5895283.20   0.258842   0.002972   0.000282   92.399
  466674.29  5895283.19   0.260660   0.002970   0.000285   92.443
  466674.55  5895283.17   0.262470   0.002968   0.000289   92.488
  466674.82  5895283.16   0.264274   0.002966   0.000293   92.532
  466675.08  5895283.15   0.266071   0.002964   0.000297   92.577
  466675.35  5895283.14   0.267861   0.002963   0.000301   92.623
  466675.62  5895283.13   0.269644   0.002961   0.000304   92.668
  466675.89  5895283.11   0.271420   0.002959   0.000308   92.714
  466676.16  5895283.10   0.273190   0.002957   0.000312   92.760
  466676.43  5895283.09   0.274953   0.002955   0.000316   92.806
  466676.71  5895283.07   0.276709   0.002953   0.000320   92.853
  466676.99  5895283.06   0.278459   0.002951   0.000324   92.899
  466677.26  5895283.04   0.280201   0.002949   0.000327   92.947
  466677.54  5895283.03   0.281937   0.002947   0.000331   92.994
  466677.83  5895283.01   0.283666   0.002945   0.000335   93.041
  466678.11  5895283.00   0.285389   0.002943   0.000339   93.089
  466678.40  5895282.98   0.287105   0.002941   0.000343   93.137
  466678.68  5895282.97   0.288814   0.002939   0.000347   93.186
  466678.97  5895282.95   0.290516   0.002937   0.000351   93.234
  466679.26  5895282.93   0.292212   0.002935   0.000354   93.283
  466679.56  5895282.92   0.293901   0.002934   0.000358   93.333
  466679.85  5895282.90   0.295583   0.002932   0.000362   93.382
  466680.15  5895282.88   0.297258   0.002930   0.000366   93.432
  466680.44  5895282.86   0.298927   0.002928   0.000370   93.481
  466680.74  5895282.85   0.300589   0.002927   0.000374   93.532
  466681.04  5895282.83   0.302245   0.002925   0.000378   93.582
  466681.35  5895282.81   0.303894   0.002923   0.000382   93.633
  466681.65  5895282.79   0.305536   0.002922   0.000386   93.684
  466681.96  5895282.77   0.307172   0.002920   0.000390   93.735
  466682.26  5895282.75   0.308801   0.002919   0.000394   93.786
  466682.57  5895282.73   0.310423   0.002917   0.000398   93.838
  466682.88  5895282.71   0.312039   0.002916   0.000402   93.890
  466683.20  5895282.68   0.313648   0.002915   0.000405   93.942
  466683.51  5895282.66   0.315250   0.002913   0.000409   93.994
  466683.83  5895282.64   0.316846   0.002912   0.000413   94.047
  466684.14  5895282.62   0.318436   0.002911   0.000417   94.100
  466684.46  5895282.59   0.320019   0.002910   0.000421   94.153
  466684.78  5895282.57   0.321595   0.002909   0.000425   94.206
  466685.10  5895282.55   0.323164   0.002908   0.000429   94.260
  466685.42  5895282.52   0.324728   0.002907   0.000433   94.314
  466685.75  5895282.50   0.326284   0.002906   0.000438   94.368
  466686.08  5895282.47   0.327834   0.002905   0.000442   94.422
  466686.40  5895282.45   0.329378   0.002904   0.000446   94.477
  466686.73  5895282.42   0.330915   0.002904   0.000450   94.531
  466687.06  5895282.39   0.332445   0.002903   0.000454   94.586
  466687.39  5895282.37   0.333969   0.002902   0.000458   94.642
  466687.73  5895282.34   0.335487   0.002902   0.000462   94.697
  466688.06  5895282.31   0.336998   0.002901   0.000466   94.753
  466688.40  5895282.28   0.338502   0.002901   0.000470   94.809
  466688.74  5895282.26   0.340000   0.002901   0.000474   94.865
  466689.08  5895282.23   0.341492   0.002900   0.000478   94.922
  466689.42  5895282.20   0.342977   0.002900   0.000482   94.979
  466689.76  5895282.17   0.344455   0.002900   0.000487   95.036
  466690.10  5895282.14   0.345928   0.002900   0.000491   95.093
  466690.45  5895282.10   0.347394   0.002900   0.000495   95.150
  466690.80  5895282.07   0.348853   0.002900   0.000499   95.208
  466691.14  5895282.04   0.350306   0.002900   0.000503   95.266
  466691.49  5895282.01   0.351753   0.002900   0.000507   95.324
  466691.85  5895281.98   0.353193   0.002900   0.000512   95.383
  466692.20  5895281.94   0.354627   0.002901   0.000516   95.441
  466692.55  5895281.91   0.356054   0.002901   0.000520   95.500
  466692.91  5895281.87   0.357475   0.002901   0.000524   95.559
  466693.26  5895281.84   0.358890   0.002902   0.000529   95.619
  466693.62  5895281.80   0.360298   0.002902   0.000533   95.678
  466693.98  5895281.77   0.361700   0.002903   0.000537   95.738
  466694.34  5895281.73   0.363096   0.002904   0.000541   95.799
  466694.70  5895281.69   0.364485   0.002904   0.000546   95.859
  466695.07  5895281.65   0.365869   0.002905   0.000550   95.920
  466695.43  5895281.62   0.367245   0.002906   0.000554   95.981
  466695.80  5895281.58   0.368616   0.002907   0.000559   96.042
  466696.16  5895281.54   0.369980   0.002908   0.000563   96.103
  466696.53  5895281.50   0.371338   0.002909   0.000567   96.165
  466696.90  5895281.46   0.372690   0.002910   0.000572   96.227
  466697.27  5895281.42   0.374035   0.002911   0.000576   96.289
  466697.65  5895281.38   0.375375   0.002913   0.000580   96.351
  466698.02  5895281.33   0.376708   0.002914   0.000585   96.414
  466698.39  5895281.29   0.378034   0.002915   0.000589   96.477
  466698.77  5895281.25   0.379355   0.002917   0.000594   96.540
  466699.15  5895281.20   0.380669   0.002918   0.000598   96.603
  466699.53  5895281.16   0.381978   0.002920   0.000602   96.667
  466699.91  5895281.12   0.383280   0.002921   0.000607   96.731
  466700.29  5895281.07   0.384575   0.002923   0.000611   96.795
  466700.67  5895281.02   0.385865   0.002925   0.000616   96.859
  466701.05  5895280.98   0.387149   0.002927   0.000620   96.924
  466701.44  5895280.93   0.388426   0.002928   0.000625   96.989
  466701.82  5895280.88   0.389698   0.002930   0.000629   97.054
  466702.21  5895280.83   0.390963   0.002932   0.000634   97.119
  466702.60  5895280.79   0.392222   0.002934   0.000638   97.185
  466702.99  5895280.74   0.393475   0.002937   0.000643   97.251
  466703.38  5895280.69   0.394722   0.002939   0.000648   97.317
  466703.77  5895280.63   0.395963   0.002941   0.000652   97.384
  466704.17  5895280.58   0.397198   0.002943   0.000657   97.451
  466704.56  5895280.53   0.398426   0.002946   0.000661   97.517
  466704.96  5895280.48   0.399649   0.002948   0.000666   97.585
  466705.35  5895280.43   0.400866   0.002951   0.000671   97.652
  466705.75  5895280.37   0.402077   0.002953   0.000675   97.720
  466706.15  5895280.32   0.403281   0.002956   0.000680   97.788
  466706.55  5895280.26   0.404480   0.002958   0.000684   97.856
  466706.95  5895280.21   0.405673   0.002961   0.000689   97.925
  466707.35  5895280.15   0.406860   0.002964   0.000694   97.994
  466707.76  5895280.09   0.408040   0.002967   0.000699   98.063
  466708.16  5895280.03   0.409215   0.002970   0.000703   98.132
  466708.57  5895279.98   0.410384   0.002973   0.000708   98.202
  466708.97  5895279.92   0.411547   0.002976   0.000713   98.272
  466709.38  5895279.86   0.412705   0.002979   0.000718   98.342
  466709.79  5895279.80   0.413856   0.002982   0.000722   98.412
  466710.20  5895279.74   0.415001   0.002985   0.000727   98.483
  466710.61  5895279.67   0.416141   0.002989   0.000732   98.554
  466711.02  5895279.61   0.417275   0.002996   0.000738   98.625
  466711.44  5895279.55   0.418398   0.003003   0.000744   98.697
  466711.85  5895279.48   0.419516   0.002999   0.000746   98.769
  466712.27  5895279.42   0.420636   0.002986   0.000747   98.841
  466712.68  5895279.35   0.421760   0.002973   0.000748   98.913
  466713.10  5895279.29   0.422886   0.002960   0.000749   98.985
  466713.52  5895279.22   0.424016   0.002948   0.000749   99.057
  466713.94  5895279.15   0.425148   0.002935   0.000750   99.128
  466714.36  5895279.09   0.426284   0.002922   0.000751   99.200
  466714.78  5895279.02   0.427422   0.002909   0.000752   99.271
  466715.20  5895278.95   0.428563   0.002897   0.000752   99.342
  466715.62  5895278.88   0.429708   0.002884   0.000753   99.413
  466716.05  5895278.81   0.430855   0.002872   0.000754   99.484
  466716.47  5895278.74   0.432005   0.002859   0.000755   99.555
  466716.90  5895278.66   0.433159   0.002847   0.000755   99.626
  466717.33  5895278.59   0.434315   0.002834   0.000756   99.697
  466717.76  5895278.52   0.435474   0.002822   0.000757   99.767
  466718.19  5895278.44   0.436636   0.002809   0.000757   99.838
  466718.62  5895278.37   0.437801   0.002797   0.000758   99.908
  466719.05  5895278.29   0.438970   0.002784   0.000759   99.978
  466719.48  5895278.21   0.440141   0.002772   0.000759  100.048
  466719.91  5895278.14   0.441315   0.002760   0.000760  100.118
  466720.35  5895278.06   0.442492   0.002747   0.000761  100.188
  466720.79  5895277.98   0.443672   0.002735   0.000761  100.257
  466721.22  5895277.90   0.444855   0.002723   0.000762  100.327
  466721.66  5895277.82   0.446041   0.002711   0.000763  100.396
  466722.10  5895277.74   0.447231   0.002699   0.000763  100.466
  466722.54  5895277.66   0.448423   0.002687   0.000764  100.535
  466722.98  5895277.57   0.449618   0.002675   0.000765  100.604
  466723.42  5895277.49   0.450816   0.002665   0.000766  100.673
  466723.87  5895277.41   0.452015   0.002656   0.000767  100.742
  466724.31  5895277.32   0.453218   0.002639   0.000767  100.810
  466724.76  5895277.24   0.454427   0.002616   0.000764  100.879
  466725.20  5895277.15   0.455642   0.002593   0.000761  100.947
  466725.65  5895277.06   0.456864   0.002570   0.000759  101.015
  466726.10  5895276.97   0.458093   0.002548   0.000756  101.082
  466726.55  5895276.89   0.459328   0.002526   0.000754  101.149
  466727.00  5895276.80   0.460570   0.002503   0.000751  101.215
  466727.45  5895276.71   0.461818   0.002481   0.000748  101.282
  466727.91  5895276.61   0.463073   0.002459   0.000746  101.347
  466728.36  5895276.52   0.464335   0.002437   0.000743  101.412
  466728.82  5895276.43   0.465603   0.002415   0.000740  101.477
  466729.27  5895276.34   0.466877   0.002393   0.000738  101.542
  466729.73  5895276.24   0.468159   0.002371   0.000735  101.606
  466730.19  5895276.15   0.469446   0.002350   0.000732  101.669
  466730.65  5895276.05   0.470740   0.002328   0.000730  101.732
  466731.11  5895275.96   0.472041   0.002307   0.000727  101.795
  466731.58  5895275.86   0.473348   0.002286   0.000724  101.858
  466732.04  5895275.76   0.474662   0.002265   0.000722  101.920
  466732.51  5895275.66   0.475982   0.002244   0.000719  101.981
  466732.97  5895275.56   0.477308   0.002223   0.000716  102.042
  466733.44  5895275.46   0.478641   0.002202   0.000714  102.103
  466733.91  5895275.36   0.479981   0.002182   0.000711  102.164
  466734.38  5895275.26   0.481327   0.002161   0.000708  102.224
  466734.85  5895275.16   0.482679   0.002141   0.000705  102.283
  466735.32  5895275.05   0.484038   0.002121   0.000703  102.342
  466735.79  5895274.95   0.485404   0.002100   0.000700  102.401
  466736.27  5895274.85   0.486775   0.002080   0.000697  102.460
  466736.74  5895274.74   0.488154   0.002060   0.000694  102.518
  466737.22  5895274.63   0.489538   0.002041   0.000692  102.575
  466737.70  5895274.53   0.490929   0.002021   0.000689  102.633
  466738.18  5895274.42   0.492327   0.002002   0.000686  102.689
  466738.66  5895274.31   0.493731   0.001982   0.000683  102.746
  466739.14  5895274.20   0.495141   0.001963   0.000681  102.802
  466739.63  5895274.09   0.496558   0.001944   0.000678  102.858
  466740.11  5895273.98   0.497981   0.001925   0.000675  102.913
  466740.60  5895273.87   0.499410   0.001906   0.000672  102.968
  466741.08  5895273.75   0.500846   0.001887   0.000669  103.022
  466741.57  5895273.64   0.502288   0.001869   0.000667  103.077
  466742.06  5895273.53   0.503737   0.001850   0.000664  103.130
  466742.55  5895273.41   0.505192   0.001832   0.000661  103.184
  466743.05  5895273.29   0.506653   0.001813   0.000658  103.237
  466743.54  5895273.18   0.508121   0.001795   0.000656  103.289
  466744.03  5895273.06   0.509595   0.001777   0.000653  103.342
  466744.53  5895272.94   0.511075   0.001760   0.000650  103.394
  466745.03  5895272.82   0.512562   0.001742   0.000647  103.445
  466745.53  5895272.70   0.514055   0.001724   0.000644  103.496
  466746.03  5895272.58   0.515554   0.001707   0.000642  103.547
  466746.53  5895272.46   0.517060   0.001689   0.000639  103.597
  466747.03  5895272.34   0.518572   0.001672   0.000636  103.647
  466747.54  5895272.22   0.520090   0.001655   0.000633  103.697
  466748.04  5895272.09   0.521615   0.001638   0.000630  103.746
  466748.55  5895271.97   0.523146   0.001621   0.000628  103.795
  466749.06  5895271.84   0.524683   0.001605   0.000625  103.844
  466749.57  5895271.72   0.526227   0.001588   0.000622  103.892
  466750.08  5895271.59   0.527776   0.001572   0.000619  103.940
  466750.59  5895271.46   0.529333   0.001555   0.000616  103.988
  466751.11  5895271.33   0.530895   0.001539   0.000613  104.035
  466751.62  5895271.20   0.532464   0.001523   0.000611  104.082
  466752.14  5895271.07   0.534038   0.001507   0.000608  104.128
  466752.66  5895270.94   0.535620   0.001491   0.000605  104.174
  466753.18  5895270.81   0.537207   0.001476   0.000602  104.220
  466753.70  5895270.68   0.538801   0.001460   0.000599  104.265
  466754.22  5895270.55   0.540401   0.001444   0.000597  104.310
  466754.75  5895270.41   0.542007   0.001429   0.000594  104.355
  466755.27  5895270.28   0.543619   0.001414   0.000591  104.400
  466755.80  5895270.14   0.545238   0.001399   0.000588  104.444
  466756.33  5895270.00   0.546863   0.001384   0.000585  104.487
  466756.86  5895269.87   0.548494   0.001369   0.000582  104.531
  466757.39  5895269.73   0.550131   0.001354   0.000580  104.574
  466757.92  5895269.59   0.551774   0.001340   0.000577  104.616
  466758.46  5895269.45   0.553424   0.001325   0.000574  104.659
  466759.00  5895269.31   0.555080   0.001311   0.000571  104.701
  466759.53  5895269.17   0.556742   0.001297   0.000568  104.742
  466760.07  5895269.02   0.558411   0.001283   0.000566  104.784
  466760.61  5895268.88   0.560085   0.001269   0.000563  104.825
  466761.16  5895268.74   0.561766   0.001255   0.000560  104.866
  466761.70  5895268.59   0.563453   0.001241   0.000557  104.906
  466762.24  5895268.45   0.565146   0.001227   0.000554  104.946
  466762.79  5895268.30   0.566845   0.001214   0.000552  104.986
  466763.34  5895268.15   0.568551   0.001201   0.000549  105.025
  466763.89  5895268.01   0.570262   0.001187   0.000546  105.064
  466764.44  5895267.86   0.571980   0.001174   0.000543  105.103
  466764.99  5895267.71   0.573704   0.001161   0.000540  105.142
  466765.55  5895267.56   0.575434   0.001148   0.000538  105.180
  466766.10  5895267.41   0.577170   0.001135   0.000535  105.218
  466766.66  5895267.25   0.578913   0.001123   0.000532  105.255
  466767.22  5895267.10   0.580661   0.001110   0.000529  105.292
  466767.78  5895266.95   0.582416   0.001098   0.000526  105.329
  466768.34  5895266.79   0.584177   0.001085   0.000524  105.366
  466768.91  5895266.64   0.585944   0.001073   0.000521  105.402
  466769.47  5895266.48   0.587717   0.001061   0.000518  105.438
  466770.04  5895266.32   0.589496   0.001049   0.000515  105.474
  466770.61  5895266.17   0.591281   0.001037   0.000513  105.509
  466771.18  5895266.01   0.593073   0.001025   0.000510  105.545
  466771.75  5895265.85   0.594870   0.001013   0.000507  105.579
  466772.33  5895265.69   0.596674   0.001002   0.000504  105.614
  466772.90  5895265.53   0.598484   0.000990   0.000502  105.648
  466773.48  5895265.36   0.600299   0.000979   0.000499  105.682
  466774.06  5895265.20   0.602121   0.000967   0.000496  105.716
  466774.64  5895265.04   0.603950   0.000956   0.000493  105.749
  466775.22  5895264.87   0.605784   0.000945   0.000491  105.782
  466775.80  5895264.71   0.607624   0.000934   0.000488  105.815
  466776.39  5895264.54   0.609470   0.000923   0.000485  105.848
  466776.98  5895264.37   0.611323   0.000913   0.000482  105.880
  466777.57  5895264.21   0.613181   0.000902   0.000480  105.912
  466778.16  5895264.04   0.615046   0.000891   0.000477  105.944
  466778.75  5895263.87   0.616917   0.000881   0.000474  105.975
  466779.34  5895263.70   0.618793   0.000871   0.000471  106.006
  466779.94  5895263.53   0.620676   0.000860   0.000469  106.037
  466780.53  5895263.36   0.622565   0.000850   0.000466  106.068
  466781.13  5895263.18   0.624460   0.000840   0.000463  106.098
  466781.73  5895263.01   0.626361   0.000830   0.000461  106.128
  466782.34  5895262.83   0.628268   0.000820   0.000458  106.158
  466782.94  5895262.66   0.630181   0.000810   0.000455  106.187
  466783.55  5895262.48   0.632100   0.000801   0.000452  106.216
  466784.16  5895262.31   0.634026   0.000791   0.000450  106.245
  466784.76  5895262.13   0.635957   0.000782   0.000447  106.274
  466785.38  5895261.95   0.637894   0.000772   0.000444  106.303
  466785.99  5895261.77   0.639837   0.000763   0.000442  106.331
  466786.60  5895261.59   0.641787   0.000754   0.000439  106.359
  466787.22  5895261.41   0.643742   0.000744   0.000436  106.387
  466787.84  5895261.22   0.645704   0.000735   0.000434  106.414
  466788.46  5895261.04   0.647671   0.000726   0.000431  106.441
  466789.08  5895260.86   0.649645   0.000718   0.000428  106.468
  466789.71  5895260.67   0.651624   0.000709   0.000426  106.495
  466790.33  5895260.49   0.653610   0.000700   0.000423  106.521
  466790.96  5895260.30   0.655601   0.000692   0.000420  106.548
  466791.59  5895260.11   0.657599   0.000683   0.000418  106.574
  466792.22  5895259.93   0.659602   0.000675   0.000415  106.599
  466792.85  5895259.74   0.661612   0.000666   0.000412  106.625
  466793.49  5895259.55   0.663628   0.000658   0.000410  106.650
  466794.12  5895259.36   0.665649   0.000650   0.000407  106.675
  466794.76  5895259.16   0.667677   0.000642   0.000405  106.700
  466795.40  5895258.97   0.669710   0.000634   0.000402  106.724
  466796.04  5895258.78   0.671750   0.000626   0.000399  106.749
  466796.69  5895258.58   0.673796   0.000618   0.000397  106.773
  466797.33  5895258.39   0.675847   0.000610   0.000394  106.797
  466797.98  5895258.19   0.677905   0.000603   0.000392  106.820
  466798.63  5895258.00   0.679969   0.000595   0.000389  106.844
  466799.28  5895257.80   0.682038   0.000587   0.000386  106.867
  466799.94  5895257.60   0.684113   0.000579   0.000383  106.890
  466800.59  5895257.40   0.686194   0.000571   0.000380  106.912
  466801.25  5895257.20   0.688280   0.000564   0.000378  106.935
  466801.91  5895257.00   0.690372   0.000556   0.000375  106.957
  466802.57  5895256.80   0.692470   0.000549   0.000372  106.979
  466803.23  5895256.60   0.694573   0.000541   0.000369  107.001
  466803.90  5895256.39   0.696682   0.000534   0.000367  107.023
  466804.57  5895256.19   0.698796   0.000527   0.000364  107.044
  466805.24  5895255.98   0.700916   0.000520   0.000361  107.065
  466805.91  5895255.78   0.703042   0.000513   0.000358  107.086
  466806.58  5895255.57   0.705173   0.000506   0.000356  107.106
  466807.25  5895255.36   0.707310   0.000499   0.000353  107.127
  466807.93  5895255.15   0.709453   0.000492   0.000350  107.147
  466808.61  5895254.94   0.711601   0.000485   0.000347  107.167
  466809.29  5895254.73   0.713755   0.000478   0.000345  107.187
  466809.97  5895254.52   0.715914   0.000472   0.000342  107.206
  466810.66  5895254.31   0.718079   0.000465   0.000339  107.226
  466811.35  5895254.09   0.720250   0.000459   0.000336  107.245
  466812.03  5895253.88   0.722426   0.000452   0.000334  107.264
  466812.73  5895253.67   0.724608   0.000446   0.000331  107.283
  466813.42  5895253.45   0.726795   0.000440   0.000328  107.301
  466814.11  5895253.23   0.728988   0.000433   0.000326  107.319
  466814.81  5895253.02   0.731187   0.000427   0.000323  107.337
  466815.51  5895252.80   0.733391   0.000421   0.000320  107.355
  466816.21  5895252.58   0.735601   0.000415   0.000318  107.373
  466816.91  5895252.36   0.737816   0.000409   0.000315  107.391
  466817.62  5895252.14   0.740037   0.000403   0.000312  107.408
  466818.33  5895251.91   0.742264   0.000398   0.000310  107.425
  466819.03  5895251.69   0.744496   0.000392   0.000307  107.442
  466819.75  5895251.47   0.746734   0.000386   0.000304  107.459
  466820.46  5895251.24   0.748977   0.000381   0.000302  107.475
  466821.17  5895251.02   0.751226   0.000375   0.000299  107.491
  466821.89  5895250.79   0.753480   0.000369   0.000297  107.508
  466822.61  5895250.56   0.755740   0.000364   0.000294  107.524
  466823.33  5895250.34   0.758006   0.000359   0.000291  107.539
  466824.06  5895250.11   0.760277   0.000353   0.000289  107.555
  466824.78  5895249.88   0.762554   0.000348   0.000286  107.570
  466825.51  5895249.65   0.764836   0.000343   0.000284  107.585
  466826.24  5895249.42   0.767124   0.000338   0.000281  107.600
  466826.97  5895249.18   0.769418   0.000333   0.000279  107.615
  466827.71  5895248.95   0.771717   0.000328   0.000276  107.630
  466828.44  5895248.72   0.774021   0.000323   0.000273  107.644
  466829.18  5895248.48   0.776332   0.000318   0.000271  107.659
  466829.92  5895248.24   0.778647   0.000313   0.000268  107.673
  466830.67  5895248.01   0.780969   0.000308   0.000266  107.687
  466831.41  5895247.77   0.783295   0.000303   0.000263  107.701
  466832.16  5895247.53   0.785628   0.000299   0.000261  107.714
  466832.91  5895247.29   0.787966   0.000294   0.000258  107.728
  466833.66  5895247.05   0.790309   0.000289   0.000256  107.741
  466834.41  5895246.81   0.792659   0.000285   0.000253  107.754
  466835.17  5895246.57   0.795013   0.000280   0.000251  107.767
  466835.93  5895246.32   0.797373   0.000276   0.000248  107.780
  466836.69  5895246.08   0.799739   0.000272   0.000246  107.792
  466837.45  5895245.83   0.802111   0.000267   0.000243  107.805
  466838.22  5895245.59   0.804487   0.000263   0.000241  107.817
  466838.98  5895245.34   0.806870   0.000259   0.000238  107.829
  466839.75  5895245.09   0.809258   0.000255   0.000236  107.841
  466840.52  5895244.85   0.811651   0.000250   0.000233  107.853
  466841.30  5895244.60   0.814050   0.000246   0.000231  107.865
  466842.07  5895244.35   0.816455   0.000242   0.000228  107.876
  466842.85  5895244.10   0.818865   0.000238   0.000226  107.887
  466843.63  5895243.84   0.821281   0.000234   0.000223  107.899
  466844.41  5895243.59   0.823702   0.000230   0.000221  107.910
  466845.20  5895243.34   0.826129   0.000227   0.000219  107.921
  466845.99  5895243.08   0.828561   0.000223   0.000216  107.931
  466846.78  5895242.83   0.830999   0.000219   0.000214  107.942
  466847.57  5895242.57   0.833442   0.000215   0.000211  107.952
  466848.36  5895242.31   0.835891   0.000212   0.000209  107.963
  466849.16  5895242.05   0.838346   0.000208   0.000207  107.973
  466849.96  5895241.80   0.840806   0.000204   0.000204  107.983
  466850.76  5895241.54   0.843271   0.000201   0.000202  107.993
  466851.56  5895241.27   0.845742   0.000197   0.000199  108.002
  466852.37  5895241.01   0.848219   0.000194   0.000197  108.012
  466853.17  5895240.75   0.850701   0.000190   0.000195  108.021
  466853.98  5895240.49   0.853189   0.000187   0.000192  108.030
  466854.80  5895240.22   0.855682   0.000184   0.000190  108.040
  466855.61  5895239.96   0.858181   0.000178   0.000186  108.049
  466856.43  5895239.69   0.860688   0.000174   0.000182  108.057
  466857.25  5895239.42   0.863201   0.000174   0.000183  108.066
  466858.07  5895239.15   0.865713   0.000177   0.000188  108.074
  466858.89  5895238.88   0.868225   0.000181   0.000193  108.083
  466859.72  5895238.61   0.870735   0.000184   0.000197  108.092
  466860.55  5895238.34   0.873245   0.000187   0.000202  108.101
  466861.38  5895238.07   0.875753   0.000191   0.000207  108.111
  466862.21  5895237.80   0.878261   0.000194   0.000212  108.120
  466863.05  5895237.53   0.880768   0.000197   0.000216  108.130
  466863.89  5895237.25   0.883275   0.000200   0.000221  108.140
  466864.73  5895236.98   0.885780   0.000203   0.000226  108.150
  466865.57  5895236.70   0.888285   0.000206   0.000230  108.160
  466866.42  5895236.42   0.890788   0.000209   0.000235  108.171
  466867.26  5895236.14   0.893291   0.000212   0.000240  108.182
  466868.11  5895235.86   0.895793   0.000215   0.000244  108.193
  466868.97  5895235.58   0.898295   0.000218   0.000249  108.204
  466869.82  5895235.30   0.900795   0.000221   0.000254  108.215
  466870.68  5895235.02   0.903295   0.000224   0.000258  108.226
  466871.54  5895234.74   0.905794   0.000227   0.000263  108.238
  466872.40  5895234.45   0.908292   0.000229   0.000268  108.250
  466873.26  5895234.17   0.910789   0.000232   0.000272  108.262
  466874.13  5895233.88   0.913285   0.000235   0.000277  108.274
  466875.00  5895233.60   0.915781   0.000237   0.000281  108.286
  466875.87  5895233.31   0.918276   0.000240   0.000286  108.298
  466876.74  5895233.02   0.920770   0.000242   0.000290  108.311
  466877.61  5895232.73   0.923263   0.000245   0.000295  108.324
  466878.49  5895232.44   0.925755   0.000247   0.000299  108.337
  466879.37  5895232.15   0.928247   0.000249   0.000304  108.350
  466880.25  5895231.85   0.930738   0.000252   0.000308  108.363
  466881.14  5895231.56   0.933228   0.000254   0.000313  108.376
  466882.02  5895231.26   0.935717   0.000256   0.000317  108.390
  466882.91  5895230.97   0.938205   0.000259   0.000322  108.404
  466883.81  5895230.67   0.940693   0.000261   0.000326  108.418
  466884.70  5895230.37   0.943180   0.000263   0.000331  108.432
  466885.59  5895230.07   0.945666   0.000265   0.000335  108.446
  466886.49  5895229.78   0.948151   0.000267   0.000340  108.460
  466887.39  5895229.47   0.950636   0.000269   0.000344  108.475
  466888.30  5895229.17   0.953120   0.000271   0.000349  108.490
  466889.20  5895228.87   0.955603   0.000273   0.000353  108.504
  466890.11  5895228.57   0.958085   0.000275   0.000358  108.519
  466891.02  5895228.26   0.960566   0.000277   0.000362  108.534
  466891.93  5895227.95   0.963047   0.000279   0.000366  108.550
  466892.84  5895227.65   0.965527   0.000281   0.000371  108.565
  466893.76  5895227.34   0.968006   0.000283   0.000375  108.581
  466894.68  5895227.03   0.970484   0.000285   0.000380  108.596
  466895.60  5895226.72   0.972962   0.000287   0.000384  108.612
  466896.52  5895226.41   0.975439   0.000289   0.000388  108.628
  466897.45  5895226.10   0.977915   0.000290   0.000393  108.644
  466898.38  5895225.78   0.980390   0.000292   0.000397  108.661
  466899.31  5895225.47   0.982865   0.000294   0.000401  108.677
  466900.24  5895225.15   0.985339   0.000295   0.000406  108.694
  466901.17  5895224.84   0.987812   0.000297   0.000410  108.710
  466902.11  5895224.52   0.990285   0.000299   0.000414  108.727
  466903.05  5895224.20   0.992756   0.000300   0.000419  108.744
  466903.99  5895223.88   0.995227   0.000302   0.000423  108.761
  466904.93  5895223.56   0.997698   0.000303   0.000427  108.778
  466905.88  5895223.24   1.000167   0.000305   0.000431  108.796
  466906.83  5895222.92   1.002636   0.000306   0.000436  108.813
  466907.78  5895222.59   1.005104   0.000308   0.000440  108.831
  466908.73  5895222.27   1.007571   0.000309   0.000444  108.848
  466909.68  5895221.94   1.010038   0.000311   0.000448  108.866
  466910.64  5895221.61   1.012504   0.000312   0.000453  108.884
  466911.60  5895221.28   1.014969   0.000314   0.000457  108.902
  466912.56  5895220.96   1.017434   0.000315   0.000461  108.921
  466913.52  5895220.62   1.019898   0.000316   0.000465  108.939
  466914.49  5895220.29   1.022361   0.000318   0.000470  108.958
  466915.46  5895219.96   1.024823   0.000319   0.000474  108.976
  466916.43  5895219.63   1.027285   0.000320   0.000478  108.995
  466917.40  5895219.29   1.029746   0.000322   0.000482  109.014
  466918.38  5895218.96   1.032206   0.000323   0.000486  109.033
  466919.35  5895218.62   1.034666   0.000324   0.000491  109.052
  466920.33  5895218.28   1.037125   0.000325   0.000495  109.071
  466921.31  5895217.94   1.039583   0.000326   0.000499  109.090
  466922.30  5895217.60   1.042041   0.000328   0.000503  109.110
  466923.28  5895217.26   1.044498   0.000329   0.000507  109.129
  466924.27  5895216.91   1.046954   0.000330   0.000511  109.149
  466925.26  5895216.57   1.049410   0.000331   0.000516  109.169
  466926.25  5895216.22   1.051865   0.000332   0.000520  109.189
  466927.25  5895215.88   1.054319   0.000333   0.000524  109.209
  466928.24  5895215.53   1.056773   0.000334   0.000528  109.229
  466929.24  5895215.18   1.059226   0.000335   0.000532  109.249
  466930.24  5895214.83   1.061678   0.000337   0.000538  109.269
  466931.25  5895214.48   1.064132   0.000340   0.000544  109.290
  466932.25  5895214.13   1.066585   0.000338   0.000544  109.311
  466933.26  5895213.77   1.069034   0.000335   0.000542  109.331
  466934.27  5895213.42   1.071476   0.000332   0.000539  109.352
  466935.28  5895213.06   1.073914   0.000329   0.000536  109.372
  466936.29  5895212.71   1.076346   0.000326   0.000534  109.393
  466937.31  5895212.35   1.078774   0.000323   0.000531  109.413
  466938.33  5895211.99   1.081195   0.000320   0.000528  109.433
  466939.35  5895211.63   1.083612   0.000317   0.000526  109.452
  466940.37  5895211.27   1.086024   0.000314   0.000523  109.472
  466941.40  5895210.90   1.088430   0.000311   0.000521  109.492
  466942.42  5895210.54   1.090831   0.000308   0.000518  109.511
  466943.45  5895210.18   1.093226   0.000305   0.000515  109.530
  466944.49  5895209.81   1.095617   0.000302   0.000513  109.549
  466945.52  5895209.44   1.098002   0.000299   0.000510  109.568
  466946.55  5895209.07   1.100382   0.000297   0.000508  109.587
  466947.59  5895208.70   1.102756   0.000294   0.000505  109.606
  466948.63  5895208.33   1.105126   0.000291   0.000503  109.624
  466949.67  5895207.96   1.107490   0.000288   0.000500  109.643
  466950.72  5895207.59   1.109848   0.000286   0.000498  109.661
  466951.76  5895207.21   1.112202   0.000283   0.000495  109.679
  466952.81  5895206.84   1.114550   0.000281   0.000493  109.697
  466953.86  5895206.46   1.116893   0.000278   0.000490  109.715
  466954.92  5895206.09   1.119231   0.000275   0.000488  109.733
  466955.97  5895205.71   1.121563   0.000273   0.000486  109.751
  466957.03  5895205.33   1.123890   0.000270   0.000483  109.768
  466958.08  5895204.95   1.126212   0.000268   0.000481  109.786
  466959.15  5895204.56   1.128529   0.000266   0.000478  109.803
  466960.21  5895204.18   1.130840   0.000263   0.000476  109.820
  466961.27  5895203.80   1.133146   0.000261   0.000474  109.837
  466962.34  5895203.41   1.135447   0.000259   0.000471  109.854
  466963.41  5895203.03   1.137743   0.000256   0.000469  109.871
  466964.48  5895202.64   1.140033   0.000254   0.000467  109.888
  466965.55  5895202.25   1.142318   0.000252   0.000464  109.904
  466966.63  5895201.86   1.144597   0.000249   0.000462  109.921
  466967.71  5895201.47   1.146872   0.000247   0.000460  109.937
  466968.78  5895201.08   1.149141   0.000245   0.000457  109.953
  466969.87  5895200.68   1.151404   0.000243   0.000455  109.969
  466970.95  5895200.29   1.153663   0.000241   0.000453  109.985
  466972.03  5895199.90   1.155916   0.000238   0.000451  110.001
  466973.12  5895199.50   1.158164   0.000236   0.000448  110.017
  466974.21  5895199.10   1.160406   0.000234   0.000446  110.033
  466975.30  5895198.70   1.162643   0.000232   0.000444  110.048
  466976.39  5895198.31   1.164875   0.000230   0.000442  110.064
  466977.49  5895197.90   1.167102   0.000228   0.000440  110.079
  466978.59  5895197.50   1.169323   0.000226   0.000437  110.095
  466979.69  5895197.10   1.171539   0.000224   0.000435  110.110
  466980.79  5895196.70   1.173750   0.000222   0.000433  110.125
  466981.89  5895196.29   1.175955   0.000220   0.000431  110.140
  466982.99  5895195.89   1.178155   0.000218   0.000429  110.155
  466984.10  5895195.48   1.180350   0.000216   0.000427  110.169
  466985.21  5895195.07   1.182539   0.000215   0.000424  110.184
  466986.32  5895194.66   1.184724   0.000213   0.000422  110.198
  466987.43  5895194.25   1.186902   0.000211   0.000420  110.213
  466988.55  5895193.84   1.189076   0.000209   0.000418  110.227
  466989.67  5895193.43   1.191244   0.000207   0.000416  110.241
  466990.78  5895193.02   1.193407   0.000205   0.000414  110.256
  466991.90  5895192.61   1.195565   0.000204   0.000412  110.270
  466993.03  5895192.19   1.197717   0.000202   0.000410  110.284
  466994.15  5895191.77   1.199864   0.000200   0.000408  110.297
  466995.28  5895191.36   1.202005   0.000198   0.000406  110.311
  466996.41  5895190.94   1.204142   0.000197   0.000403  110.325
  466997.54  5895190.52   1.206272   0.000195   0.000401  110.338
  466998.67  5895190.10   1.208398   0.000193   0.000399  110.352
  466999.80  5895189.68   1.210518   0.000192   0.000397  110.365
  467000.94  5895189.26   1.212633   0.000190   0.000395  110.379
  467002.07  5895188.84   1.214743   0.000188   0.000393  110.392
  467003.21  5895188.41   1.216847   0.000187   0.000391  110.405
  467004.36  5895187.99   1.218946   0.000185   0.000389  110.418
  467005.50  5895187.56   1.221040   0.000184   0.000387  110.431
  467006.64  5895187.13   1.223128   0.000182   0.000385  110.444
  467007.79  5895186.71   1.225211   0.000181   0.000383  110.457
  467008.94  5895186.28   1.227289   0.000179   0.000381  110.469
  467010.09  5895185.85   1.229361   0.000178   0.000380  110.482
  467011.24  5895185.42   1.231428   0.000176   0.000378  110.494
  467012.40  5895184.99   1.233490   0.000175   0.000376  110.507
  467013.55  5895184.55   1.235546   0.000173   0.000374  110.519
  467014.71  5895184.12   1.237597   0.000172   0.000372  110.531
  467015.87  5895183.68   1.239642   0.000170   0.000370  110.544
  467017.03  5895183.25   1.241683   0.000169   0.000368  110.556
  467018.20  5895182.81   1.243718   0.000167   0.000366  110.568
  467019.36  5895182.37   1.245747   0.000166   0.000364  110.580
  467020.53  5895181.94   1.247771   0.000165   0.000362  110.591
  467021.70  5895181.50   1.249790   0.000163   0.000360  110.603
  467022.87  5895181.06   1.251804   0.000162   0.000359  110.615
  467024.04  5895180.61   1.253812   0.000160   0.000357  110.626
  467025.22  5895180.17   1.255815   0.000159   0.000355  110.638
  467026.39  5895179.73   1.257812   0.000158   0.000353  110.649
  467027.57  5895179.29   1.259805   0.000156   0.000351  110.661
  467028.75  5895178.84   1.261791   0.000155   0.000349  110.672
  467029.93  5895178.39   1.263773   0.000154   0.000347  110.683
  467031.11  5895177.95   1.265749   0.000153   0.000346  110.694
  467032.30  5895177.50   1.267720   0.000151   0.000344  110.705
  467033.49  5895177.05   1.269685   0.000150   0.000342  110.716
  467034.67  5895176.60   1.271645   0.000149   0.000340  110.727
  467035.86  5895176.15   1.273600   0.000148   0.000338  110.738
  467037.06  5895175.70   1.275549   0.000146   0.000337  110.749
  467038.25  5895175.25   1.277493   0.000145   0.000335  110.760
  467039.44  5895174.79   1.279432   0.000144   0.000333  110.770
  467040.64  5895174.34   1.281365   0.000143   0.000331  110.781
  467041.84  5895173.88   1.283293   0.000141   0.000330  110.791
  467043.04  5895173.43   1.285216   0.000140   0.000328  110.802
  467044.24  5895172.97   1.287133   0.000139   0.000326  110.812
  467045.45  5895172.51   1.289045   0.000138   0.000324  110.822
  467046.65  5895172.05   1.290951   0.000137   0.000323  110.833
  467047.86  5895171.59   1.292852   0.000136   0.000321  110.843
  467049.07  5895171.13   1.294748   0.000135   0.000319  110.853
  467050.28  5895170.67   1.296638   0.000133   0.000317  110.863
  467051.49  5895170.21   1.298524   0.000132   0.000316  110.873
  467052.71  5895169.75   1.300403   0.000131   0.000314  110.882
  467053.92  5895169.28   1.302278   0.000130   0.000312  110.892
  467055.14  5895168.82   1.304146   0.000129   0.000311  110.902
  467056.36  5895168.35   1.306010   0.000128   0.000309  110.912
  467057.58  5895167.88   1.307868   0.000127   0.000307  110.921
  467058.80  5895167.42   1.309721   0.000126   0.000305  110.931
  467060.03  5895166.95   1.311569   0.000125   0.000304  110.940
  467061.25  5895166.48   1.313411   0.000124   0.000302  110.950
  467062.48  5895166.01   1.315248   0.000123   0.000300  110.959
  467063.71  5895165.54   1.317079   0.000122   0.000299  110.968
  467064.94  5895165.07   1.318905   0.000121   0.000297  110.977
  467066.17  5895164.59   1.320726   0.000120   0.000295  110.986
  467067.41  5895164.12   1.322541   0.000119   0.000294  110.995
  467068.64  5895163.65   1.324351   0.000118   0.000292  111.004
  467069.88  5895163.17   1.326155   0.000117   0.000291  111.013
  467071.12  5895162.69   1.327954   0.000116   0.000289  111.022
  467072.36  5895162.22   1.329748   0.000115   0.000287  111.031
  467073.60  5895161.74   1.331537   0.000114   0.000286  111.040
  467074.84  5895161.26   1.333320   0.000113   0.000284  111.049
  467076.09  5895160.78   1.335097   0.000112   0.000282  111.057
  467077.33  5895160.30   1.336870   0.000111   0.000281  111.066
  467078.58  5895159.82   1.338637   0.000110   0.000279  111.074
  467079.83  5895159.34   1.340398   0.000109   0.000278  111.083
  467081.08  5895158.86   1.342154   0.000108   0.000276  111.091
  467082.34  5895158.37   1.343905   0.000107   0.000274  111.099
  467083.59  5895157.89   1.345651   0.000107   0.000273  111.108
  467084.85  5895157.40   1.347391   0.000106   0.000271  111.116
  467086.11  5895156.92   1.349125   0.000105   0.000270  111.124
  467087.36  5895156.43   1.350855   0.000104   0.000268  111.132
  467088.63  5895155.94   1.352579   0.000103   0.000267  111.140
  467089.89  5895155.46   1.354297   0.000102   0.000265  111.148
  467091.15  5895154.97   1.356010   0.000101   0.000263  111.156
  467092.42  5895154.48   1.357718   0.000100   0.000262  111.164
  467093.68  5895153.99   1.359420   0.000100   0.000260  111.172
  467094.95  5895153.49   1.361117   0.000099   0.000259  111.180
  467096.22  5895153.00   1.362809   0.000098   0.000257  111.187
  467097.49  5895152.51   1.364495   0.000097   0.000256  111.195
  467098.77  5895152.02   1.366176   0.000096   0.000254  111.203
  467100.04  5895151.52   1.367852   0.000096   0.000253  111.210
  467101.32  5895151.03   1.369522   0.000095   0.000251  111.218
  467102.59  5895150.53   1.371187   0.000094   0.000250  111.225
  467103.87  5895150.03   1.372846   0.000093   0.000248  111.232
  467105.15  5895149.53   1.374500   0.000092   0.000247  111.240
  467106.43  5895149.04   1.376148   0.000092   0.000245  111.247
  467107.72  5895148.54   1.377792   0.000091   0.000244  111.254
  467109.00  5895148.04   1.379429   0.000090   0.000242  111.261
  467110.29  5895147.54   1.381062   0.000089   0.000241  111.268
  467111.58  5895147.03   1.382689   0.000088   0.000239  111.276
  467112.87  5895146.53   1.384310   0.000088   0.000238  111.283
  467114.16  5895146.03   1.385927   0.000087   0.000236  111.289
  467115.45  5895145.53   1.387538   0.000086   0.000235  111.296
  467116.74  5895145.02   1.389143   0.000085   0.000233  111.303
  467118.04  5895144.52   1.390743   0.000085   0.000232  111.310
  467119.33  5895144.01   1.392338   0.000084   0.000230  111.317
  467120.63  5895143.50   1.393927   0.000083   0.000229  111.324
  467121.93  5895143.00   1.395511   0.000083   0.000227  111.330
  467123.23  5895142.49   1.397090   0.000082   0.000226  111.337
  467124.53  5895141.98   1.398663   0.000081   0.000225  111.343
  467125.84  5895141.47   1.400231   0.000080   0.000223  111.350
  467127.14  5895140.96   1.401793   0.000080   0.000222  111.356
  467128.45  5895140.45   1.403350   0.000079   0.000220  111.363
  467129.75  5895139.94   1.404902   0.000078   0.000219  111.369
  467131.06  5895139.43   1.406448   0.000078   0.000217  111.375
  467132.37  5895138.91   1.407989   0.000077   0.000216  111.382
  467133.69  5895138.40   1.409524   0.000076   0.000215  111.388
  467135.00  5895137.88   1.411054   0.000076   0.000213  111.394
  467136.31  5895137.37   1.412579   0.000075   0.000212  111.400
  467137.63  5895136.85   1.414098   0.000074   0.000210  111.406
  467138.95  5895136.34   1.415612   0.000074   0.000209  111.412
  467140.27  5895135.82   1.417120   0.000073   0.000207  111.418
  467141.59  5895135.30   1.418623   0.000072   0.000206  111.424
  467142.91  5895134.78   1.420121   0.000072   0.000205  111.430
  467144.23  5895134.26   1.421613   0.000071   0.000203  111.436
  467145.55  5895133.74   1.423100   0.000070   0.000202  111.442
  467146.88  5895133.22   1.424581   0.000070   0.000200  111.447
  467148.20  5895132.70   1.426057   0.000069   0.000199  111.453
  467149.53  5895132.18   1.427528   0.000069   0.000198  111.459
  467150.86  5895131.66   1.428993   0.000068   0.000196  111.464
  467152.19  5895131.13   1.430453   0.000067   0.000195  111.470
  467153.52  5895130.61   1.431908   0.000067   0.000194  111.475
  467154.86  5895130.09   1.433357   0.000066   0.000192  111.481
  467156.19  5895129.56   1.434801   0.000066   0.000191  111.486
  467157.53  5895129.03   1.436239   0.000065   0.000189  111.492
  467158.86  5895128.51   1.437672   0.000064   0.000188  111.497
  467160.20  5895127.98   1.439099   0.000064   0.000187  111.502
  467161.54  5895127.45   1.440521   0.000063   0.000185  111.508
  467162.88  5895126.92   1.441938   0.000063   0.000184  111.513
  467164.23  5895126.39   1.443349   0.000062   0.000183  111.518
  467165.57  5895125.87   1.444755   0.000061   0.000181  111.523
  467166.91  5895125.33   1.446156   0.000061   0.000180  111.528
  467168.26  5895124.80   1.447551   0.000060   0.000179  111.533
  467169.61  5895124.27   1.448941   0.000060   0.000177  111.538
  467170.95  5895123.74   1.450325   0.000059   0.000176  111.543
  467172.30  5895123.21   1.451704   0.000059   0.000175  111.548
  467173.65  5895122.67   1.453077   0.000058   0.000173  111.553
  467175.01  5895122.14   1.454445   0.000057   0.000172  111.558
  467176.36  5895121.60   1.455808   0.000057   0.000171  111.563
  467177.71  5895121.07   1.457165   0.000056   0.000169  111.567
  467179.07  5895120.53   1.458517   0.000056   0.000168  111.572
  467180.43  5895120.00   1.459864   0.000055   0.000167  111.577
  467181.79  5895119.46   1.461205   0.000055   0.000165  111.581
  467183.14  5895118.92   1.462541   0.000054   0.000164  111.586
  467184.51  5895118.38   1.463871   0.000054   0.000163  111.591
  467185.87  5895117.84   1.465196   0.000053   0.000161  111.595
  467187.23  5895117.30   1.466515   0.000053   0.000160  111.599
  467188.59  5895116.76   1.467829   0.000052   0.000159  111.604
  467189.96  5895116.22   1.469138   0.000052   0.000158  111.608
  467191.33  5895115.68   1.470441   0.000051   0.000156  111.613
  467192.69  5895115.14   1.471739   0.000051   0.000155  111.617
  467194.06  5895114.60   1.473032   0.000050   0.000154  111.621
  467195.43  5895114.05   1.474319   0.000050   0.000152  111.625
  467196.80  5895113.51   1.475600   0.000049   0.000151  111.630
  467198.18  5895112.97   1.476877   0.000049   0.000150  111.634
  467199.55  5895112.42   1.478147   0.000048   0.000148  111.638
  467200.92  5895111.88   1.479413   0.000048   0.000147  111.642
  467202.30  5895111.33   1.480673   0.000047   0.000146  111.646
  467203.68  5895110.78   1.481928   0.000047   0.000145  111.650
  467205.05  5895110.24   1.483177   0.000046   0.000143  111.654
  467206.43  5895109.69   1.484421   0.000046   0.000142  111.658
  467207.81  5895109.14   1.485659   0.000045   0.000141  111.662
  467209.19  5895108.59   1.486892   0.000045   0.000140  111.666
  467210.58  5895108.04   1.488120   0.000044   0.000138  111.669
  467211.96  5895107.49   1.489342   0.000044   0.000137  111.673
  467213.34  5895106.94   1.490559   0.000043   0.000136  111.677
  467214.73  5895106.39   1.491770   0.000043   0.000135  111.681
  467216.12  5895105.84   1.492976   0.000042   0.000133  111.684
  467217.51  5895105.29   1.494177   0.000042   0.000132  111.688
  467218.89  5895104.74   1.495372   0.000041   0.000131  111.691
  467220.28  5895104.18   1.496561   0.000041   0.000129  111.695
  467221.68  5895103.63   1.497746   0.000040   0.000128  111.698
  467223.07  5895103.08   1.498925   0.000040   0.000127  111.702
  467224.46  5895102.52   1.500098   0.000040   0.000126  111.705
  467225.85  5895101.97   1.501266   0.000039   0.000124  111.709
  467227.25  5895101.41   1.502429   0.000039   0.000123  111.712
  467228.65  5895100.85   1.503586   0.000038   0.000122  111.715
  467230.04  5895100.30   1.504738   0.000038   0.000121  111.719
  467231.44  5895099.74   1.505885   0.000037   0.000120  111.722
  467232.84  5895099.18   1.507026   0.000037   0.000118  111.725
  467234.24  5895098.62   1.508162   0.000036   0.000117  111.728
  467235.64  5895098.07   1.509292   0.000036   0.000116  111.731
  467237.05  5895097.51   1.510417   0.000036   0.000115  111.735
  467238.45  5895096.95   1.511536   0.000035   0.000113  111.738
  467239.85  5895096.39   1.512650   0.000035   0.000112  111.741
  467241.26  5895095.83   1.513759   0.000034   0.000111  111.744
  467242.67  5895095.27   1.514862   0.000034   0.000110  111.747
  467244.07  5895094.70   1.515960   0.000033   0.000109  111.750
  467245.48  5895094.14   1.517052   0.000033   0.000107  111.753
  467246.89  5895093.58   1.518139   0.000033   0.000106  111.755
  467248.30  5895093.02   1.519221   0.000032   0.000105  111.758
  467249.71  5895092.45   1.520297   0.000032   0.000104  111.761
  467251.13  5895091.89   1.521368   0.000031   0.000102  111.764
  467252.54  5895091.32   1.522433   0.000031   0.000101  111.766
  467253.95  5895090.76   1.523493   0.000030   0.000100  111.769
  467255.37  5895090.19   1.524547   0.000030   0.000099  111.772
  467256.79  5895089.63   1.525597   0.000030   0.000098  111.774
  467258.20  5895089.06   1.526640   0.000029   0.000096  111.777
  467259.62  5895088.50   1.527679   0.000029   0.000095  111.780
  467261.04  5895087.93   1.528711   0.000028   0.000094  111.782
  467262.46  5895087.36   1.529739   0.000028   0.000093  111.785
  467263.88  5895086.79   1.530761   0.000028   0.000092  111.787
  467265.30  5895086.23   1.531778   0.000027   0.000090  111.790
  467266.73  5895085.66   1.532789   0.000027   0.000089  111.792
  467268.15  5895085.09   1.533795   0.000026   0.000088  111.794
  467269.57  5895084.52   1.534795   0.000026   0.000087  111.797
  467271.00  5895083.95   1.535790   0.000026   0.000086  111.799
  467272.43  5895083.38   1.536780   0.000025   0.000084  111.801
  467273.85  5895082.81   1.537764   0.000025   0.000083  111.803
  467275.28  5895082.23   1.538743   0.000025   0.000082  111.806
  467276.71  5895081.66   1.539716   0.000024   0.000081  111.808
  467278.14  5895081.09   1.540684   0.000024   0.000080  111.810
  467279.57  5895080.52   1.541646   0.000023   0.000079  111.812
  467281.00  5895079.94   1.542603   0.000023   0.000077  111.814
  467282.44  5895079.37   1.543555   0.000023   0.000076  111.816
  467283.87  5895078.80   1.544501   0.000022   0.000075  111.818
  467285.30  5895078.22   1.545442   0.000022   0.000074  111.820
  467286.74  5895077.65   1.546378   0.000021   0.000073  111.822
  467288.17  5895077.07   1.547308   0.000021   0.000071  111.824
  467289.61  5895076.50   1.548232   0.000021   0.000070  111.826
  467291.05  5895075.92   1.549152   0.000020   0.000069  111.828
  467292.49  5895075.35   1.550065   0.000020   0.000068  111.829
  467293.93  5895074.77   1.550974   0.000020   0.000067  111.831
  467295.37  5895074.19   1.551877   0.000019   0.000066  111.833
  467296.81  5895073.61   1.552774   0.000019   0.000064  111.835
  467298.25  5895073.04   1.553666   0.000019   0.000063  111.836
  467299.69  5895072.46   1.554553   0.000018   0.000062  111.838
  467301.14  5895071.88   1.555434   0.000018   0.000061  111.840
  467302.58  5895071.30   1.556310   0.000017   0.000060  111.841
  467304.02  5895070.72   1.557181   0.000017   0.000059  111.843
  467305.47  5895070.14   1.558046   0.000017   0.000057  111.844
  467306.92  5895069.56   1.558906   0.000016   0.000056  111.846
  467308.36  5895068.98   1.559760   0.000016   0.000055  111.847
  467309.81  5895068.40   1.560609   0.000016   0.000054  111.849
  467311.26  5895067.82   1.561452   0.000015   0.000053  111.850
  467312.71  5895067.24   1.562290   0.000015   0.000052  111.851
  467314.16  5895066.66   1.563123   0.000015   0.000051  111.853
  467315.61  5895066.08   1.563950   0.000014   0.000049  111.854
  467317.06  5895065.49   1.564772   0.000014   0.000048  111.855
  467318.52  5895064.91   1.565588   0.000014   0.000047  111.857
  467319.97  5895064.33   1.566399   0.000013   0.000046  111.858
  467321.42  5895063.74   1.567204   0.000013   0.000045  111.859
  467322.88  5895063.16   1.568004   0.000013   0.000044  111.860
  467324.34  5895062.58   1.568799   0.000012   0.000042  111.861
  467325.79  5895061.99   1.569588   0.000012   0.000041  111.862
  467327.25  5895061.41   1.570372   0.000012   0.000040  111.863
  467328.71  5895060.82   1.571151   0.000011   0.000039  111.864
  467330.17  5895060.24   1.571924   0.000011   0.000038  111.865
  467331.62  5895059.65   1.572691   0.000011   0.000037  111.866
  467333.08  5895059.07   1.573453   0.000010   0.000036  111.867
  467334.54  5895058.48   1.574210   0.000010   0.000034  111.868
  467336.01  5895057.89   1.574962   0.000009   0.000033  111.869
  467337.47  5895057.31   1.575708   0.000009   0.000032  111.870
  467338.93  5895056.72   1.576448   0.000009   0.000031  111.871
  467340.39  5895056.13   1.577183   0.000008   0.000030  111.872
  467341.86  5895055.54   1.577913   0.000008   0.000029  111.872
  467343.32  5895054.96   1.578637   0.000008   0.000028  111.873
  467344.79  5895054.37   1.579356   0.000008   0.000026  111.874
  467346.25  5895053.78   1.580070   0.000007   0.000025  111.875
  467347.72  5895053.19   1.580778   0.000007   0.000024  111.875
  467349.19  5895052.60   1.581480   0.000007   0.000023  111.876
  467350.66  5895052.01   1.582177   0.000006   0.000022  111.876
  467352.12  5895051.42   1.582869   0.000006   0.000021  111.877
  467353.59  5895050.83   1.583556   0.000006   0.000020  111.878
  467355.06  5895050.24   1.584236   0.000005   0.000019  111.878
  467356.53  5895049.65   1.584912   0.000005   0.000017  111.878
  467358.00  5895049.06   1.585582   0.000005   0.000016  111.879
  467359.48  5895048.47   1.586247   0.000004   0.000015  111.879
  467360.95  5895047.88   1.586906   0.000004   0.000014  111.880
  467362.42  5895047.29   1.587560   0.000004   0.000013  111.880
  467363.90  5895046.70   1.588208   0.000003   0.000012  111.880
  467365.37  5895046.10   1.588852   0.000003   0.000011  111.881
  467366.84  5895045.51   1.589489   0.000003   0.000010  111.881
  467368.32  5895044.92   1.590121   0.000002   0.000008  111.881
  467369.80  5895044.33   1.590748   0.000002   0.000007  111.881
  467371.27  5895043.73   1.591370   0.000002   0.000006  111.882
  467372.75  5895043.14   1.591986   0.000001   0.000005  111.882
  467374.23  5895042.55   1.592596   0.000001   0.000004  111.882
  467375.70  5895041.95   1.593201   0.000001   0.000003  111.882
  467377.18  5895041.36   1.593801   0.000000   0.000002  111.882
  467378.66  5895040.77   1.594395   0.000000   0.000001  111.882
  467380.14  5895040.17   1.594984   0.000000   0.000001  111.882
  467381.62  5895039.58   1.595568   0.000000   0.000002  111.882
  467383.10  5895038.98   1.596146   0.000001   0.000003  111.882
  467384.58  5895038.39   1.596718   0.000001   0.000004  111.882
  467386.07  5895037.79   1.597286   0.000001   0.000005  111.882
  467387.55  5895037.20   1.597847   0.000002   0.000006  111.882
  467389.03  5895036.60   1.598404   0.000002   0.000007  111.882
  467390.52  5895036.00   1.598955   0.000002   0.000008  111.881
  467392.00  5895035.41   1.599500   0.000003   0.000010  111.881
  467393.48  5895034.81   1.600040   0.000003   0.000011  111.881
  467394.97  5895034.22   1.600575   0.000003   0.000012  111.881
  467396.45  5895033.62   1.601104   0.000004   0.000013  111.880
  467397.94  5895033.02   1.601628   0.000004   0.000014  111.880
  467399.43  5895032.43   1.602147   0.000004   0.000015  111.880
  467400.91  5895031.83   1.602660   0.000004   0.000016  111.879
  467402.40  5895031.23   1.603168   0.000005   0.000017  111.879
  467403.89  5895030.63   1.603670   0.000005   0.000019  111.879
  467405.38  5895030.04   1.604167   0.000005   0.000020  111.878
  467406.87  5895029.44   1.604658   0.000006   0.000021  111.878
  467408.36  5895028.84   1.605144   0.000006   0.000022  111.877
  467409.85  5895028.24   1.605625   0.000006   0.000023  111.876
  467411.34  5895027.64   1.606100   0.000007   0.000024  111.876
  467412.83  5895027.04   1.606569   0.000007   0.000025  111.875
  467414.32  5895026.45   1.607034   0.000007   0.000026  111.875
  467415.81  5895025.85   1.607493   0.000008   0.000027  111.874
  467417.30  5895025.25   1.607946   0.000008   0.000029  111.873
  467418.79  5895024.65   1.608394   0.000008   0.000030  111.873
  467420.29  5895024.05   1.608837   0.000008   0.000031  111.872
  467421.78  5895023.45   1.609274   0.000009   0.000032  111.871
  467423.27  5895022.85   1.609706   0.000009   0.000033  111.870
  467424.77  5895022.25   1.610132   0.000009   0.000034  111.869
  467426.26  5895021.65   1.610553   0.000010   0.000035  111.869
  467427.76  5895021.05   1.610969   0.000010   0.000036  111.868
  467429.25  5895020.45   1.611379   0.000010   0.000038  111.867
  467430.75  5895019.85   1.611784   0.000011   0.000039  111.866
  467432.24  5895019.25   1.612183   0.000011   0.000040  111.865
  467433.74  5895018.65   1.612577   0.000011   0.000041  111.864
  467435.24  5895018.05   1.612966   0.000011   0.000042  111.863
  467436.73  5895017.45   1.613349   0.000012   0.000043  111.862
  467438.23  5895016.85   1.613727   0.000012   0.000044  111.861
  467439.73  5895016.25   1.614099   0.000012   0.000045  111.860
  467441.23  5895015.65   1.614466   0.000013   0.000046  111.858
  467442.73  5895015.05   1.614827   0.000013   0.000048  111.857
  467444.23  5895014.44   1.615183   0.000013   0.000049  111.856
  467445.72  5895013.84   1.615534   0.000013   0.000050  111.855
  467447.22  5895013.24   1.615879   0.000014   0.000051  111.854
  467448.72  5895012.64   1.616219   0.000014   0.000052  111.852
  467450.22  5895012.04   1.616553   0.000014   0.000053  111.851
  467451.72  5895011.44   1.616882   0.000015   0.000054  111.850
  467453.23  5895010.83   1.617206   0.000015   0.000055  111.848
  467454.73  5895010.23   1.617524   0.000015   0.000056  111.847
  467456.23  5895009.63   1.617836   0.000016   0.000058  111.846
  467457.73  5895009.03   1.618144   0.000016   0.000059  111.844
  467459.23  5895008.43   1.618446   0.000016   0.000060  111.843
  467460.73  5895007.82   1.618742   0.000016   0.000061  111.841
  467462.24  5895007.22   1.619033   0.000017   0.000062  111.840
  467463.74  5895006.62   1.619319   0.000017   0.000063  111.838
  467465.24  5895006.02   1.619599   0.000017   0.000064  111.836
  467466.75  5895005.42   1.619874   0.000018   0.000065  111.835
  467468.25  5895004.81   1.620143   0.000018   0.000067  111.833
  467469.76  5895004.21   1.620407   0.000018   0.000068  111.832
  467471.26  5895003.61   1.620666   0.000019   0.000069  111.830
  467472.76  5895003.01   1.620919   0.000019   0.000070  111.828
  467474.27  5895002.40   1.621167   0.000019   0.000071  111.826
  467475.77  5895001.80   1.621409   0.000019   0.000072  111.825
  467477.28  5895001.20   1.621646   0.000020   0.000073  111.823
  467478.79  5895000.59   1.621877   0.000020   0.000074  111.821
  467480.29  5894999.99   1.622103   0.000020   0.000075  111.819
  467481.80  5894999.39   1.622324   0.000021   0.000077  111.817
  467483.30  5894998.79   1.622539   0.000021   0.000078  111.815
  467484.81  5894998.18   1.622749   0.000021   0.000079  111.813
  467486.32  5894997.58   1.622954   0.000021   0.000080  111.811
  467487.82  5894996.98   1.623153   0.000022   0.000081  111.809
  467489.33  5894996.37   1.623346   0.000022   0.000082  111.807
  467490.84  5894995.77   1.623534   0.000022   0.000083  111.805
  467492.34  5894995.17   1.623717   0.000023   0.000084  111.803
  467493.85  5894994.56   1.623895   0.000023   0.000086  111.801
  467495.36  5894993.96   1.624066   0.000023   0.000087  111.799
  467496.87  5894993.36   1.624233   0.000024   0.000088  111.797
  467498.38  5894992.76   1.624394   0.000024   0.000089  111.795
  467499.89  5894992.15   1.624550   0.000024   0.000090  111.792
  467501.39  5894991.55   1.624700   0.000024   0.000091  111.790
  467502.90  5894990.95   1.624845   0.000025   0.000092  111.788
  467504.41  5894990.34   1.624985   0.000025   0.000093  111.786
  467505.92  5894989.74   1.625119   0.000025   0.000095  111.783
  467507.43  5894989.14   1.625247   0.000026   0.000096  111.781
  467508.94  5894988.53   1.625371   0.000026   0.000097  111.779
  467510.45  5894987.93   1.625488   0.000026   0.000098  111.776
  467511.96  5894987.33   1.625601   0.000027   0.000099  111.774
  467513.47  5894986.72   1.625708   0.000027   0.000100  111.771
  467514.98  5894986.12   1.625809   0.000027   0.000101  111.769
  467516.49  5894985.52   1.625906   0.000027   0.000103  111.766
  467518.00  5894984.92   1.625996   0.000028   0.000104  111.764
  467519.51  5894984.31   1.626082   0.000028   0.000105  111.761
  467521.02  5894983.71   1.626162   0.000028   0.000106  111.758
  467522.53  5894983.11   1.626236   0.000029   0.000107  111.756
  467524.04  5894982.50   1.626305   0.000029   0.000108  111.753
  467525.55  5894981.90   1.626369   0.000029   0.000109  111.750
  467527.06  5894981.30   1.626427   0.000030   0.000110  111.748
  467528.57  5894980.70   1.626480   0.000030   0.000112  111.745
  467530.08  5894980.09   1.626528   0.000030   0.000113  111.742
  467531.59  5894979.49   1.626570   0.000030   0.000114  111.739
  467533.10  5894978.89   1.626607   0.000031   0.000115  111.737
  467534.61  5894978.29   1.626638   0.000031   0.000116  111.734
  467536.13  5894977.69   1.626664   0.000031   0.000117  111.731
  467537.64  5894977.08   1.626684   0.000032   0.000118  111.728
  467539.15  5894976.48   1.626699   0.000032   0.000120  111.725
  467540.66  5894975.88   1.626709   0.000032   0.000121  111.722
  467542.17  5894975.28   1.626713   0.000033   0.000122  111.719
  467543.68  5894974.67   1.626712   0.000033   0.000123  111.716
  467545.19  5894974.07   1.626705   0.000033   0.000124  111.713
  467546.70  5894973.47   1.626693   0.000033   0.000125  111.710
  467548.21  5894972.87   1.626676   0.000034   0.000126  111.707
  467549.73  5894972.27   1.626653   0.000034   0.000128  111.703
  467551.24  5894971.67   1.626625   0.000034   0.000129  111.700
  467552.75  5894971.07   1.626591   0.000035   0.000130  111.697
  467554.26  5894970.46   1.626552   0.000035   0.000131  111.694
  467555.77  5894969.86   1.626508   0.000035   0.000132  111.691
  467557.28  5894969.26   1.626458   0.000036   0.000133  111.687
  467558.79  5894968.66   1.626403   0.000036   0.000135  111.684
  467560.31  5894968.06   1.626342   0.000036   0.000136  111.681
  467561.82  5894967.46   1.626276   0.000037   0.000137  111.677
  467563.33  5894966.86   1.626204   0.000037   0.000138  111.674
  467564.84  5894966.26   1.626127   0.000037   0.000139  111.670
  467566.35  5894965.66   1.626045   0.000038   0.000140  111.667
  467567.86  5894965.06   1.625957   0.000038   0.000141  111.663
  467569.37  5894964.46   1.625864   0.000038   0.000143  111.660
  467570.88  5894963.86   1.625766   0.000038   0.000144  111.656
  467572.40  5894963.26   1.625662   0.000039   0.000145  111.653
  467573.91  5894962.66   1.625552   0.000039   0.000146  111.649
  467575.42  5894962.06   1.625438   0.000039   0.000147  111.646
  467576.93  5894961.46   1.625318   0.000040   0.000150  111.642
  467578.44  5894960.86   1.625189   0.000041   0.000152  111.638
  467579.95  5894960.26   1.625054   0.000040   0.000151  111.634
  467581.46  5894959.66   1.624921   0.000040   0.000148  111.631
  467582.97  5894959.06   1.624789   0.000039   0.000145  111.627
  467584.48  5894958.46   1.624659   0.000038   0.000141  111.623
  467585.99  5894957.87   1.624529   0.000037   0.000138  111.620
  467587.50  5894957.27   1.624400   0.000036   0.000135  111.616
  467589.01  5894956.67   1.624273   0.000035   0.000132  111.613
  467590.52  5894956.07   1.624147   0.000035   0.000129  111.610
  467592.03  5894955.47   1.624022   0.000034   0.000126  111.606
  467593.54  5894954.87   1.623898   0.000033   0.000123  111.603
  467595.05  5894954.28   1.623775   0.000032   0.000120  111.600
  467596.56  5894953.68   1.623654   0.000031   0.000117  111.597
  467598.07  5894953.08   1.623533   0.000030   0.000113  111.594
  467599.58  5894952.48   1.623414   0.000030   0.000110  111.591
  467601.09  5894951.89   1.623295   0.000029   0.000107  111.589
  467602.60  5894951.29   1.623178   0.000028   0.000104  111.586
  467604.11  5894950.69   1.623063   0.000027   0.000101  111.583
  467605.62  5894950.10   1.622948   0.000026   0.000098  111.581
  467607.13  5894949.50   1.622834   0.000025   0.000095  111.578
  467608.64  5894948.90   1.622722   0.000025   0.000092  111.576
  467610.14  5894948.31   1.622610   0.000024   0.000089  111.574
  467611.65  5894947.71   1.622500   0.000023   0.000085  111.572
  467613.16  5894947.11   1.622391   0.000022   0.000082  111.569
  467614.67  5894946.52   1.622283   0.000021   0.000079  111.567
  467616.18  5894945.92   1.622176   0.000020   0.000076  111.565
  467617.69  5894945.32   1.622071   0.000020   0.000073  111.564
  467619.20  5894944.73   1.621966   0.000019   0.000070  111.562
  467620.71  5894944.13   1.621863   0.000018   0.000067  111.560
  467622.21  5894943.54   1.621761   0.000017   0.000064  111.558
  467623.72  5894942.94   1.621660   0.000016   0.000060  111.557
  467625.23  5894942.34   1.621560   0.000015   0.000057  111.555
  467626.74  5894941.75   1.621461   0.000015   0.000054  111.554
  467628.25  5894941.15   1.621363   0.000014   0.000051  111.552
  467629.75  5894940.56   1.621267   0.000013   0.000048  111.551
  467631.26  5894939.96   1.621171   0.000012   0.000045  111.550
  467632.77  5894939.37   1.621077   0.000011   0.000042  111.549
  467634.28  5894938.77   1.620984   0.000010   0.000039  111.548
  467635.79  5894938.18   1.620892   0.000010   0.000035  111.547
  467637.29  5894937.58   1.620801   0.000009   0.000032  111.546
  467638.80  5894936.99   1.620711   0.000008   0.000029  111.545
  467640.31  5894936.39   1.620623   0.000007   0.000026  111.544
  467641.82  5894935.79   1.620535   0.000006   0.000023  111.544
  467643.32  5894935.20   1.620449   0.000005   0.000020  111.543
  467644.83  5894934.60   1.620364   0.000005   0.000017  111.543
  467646.34  5894934.01   1.620280   0.000004   0.000014  111.542
  467647.84  5894933.41   1.620197   0.000003   0.000010  111.542
  467649.35  5894932.82   1.620115   0.000002   0.000007  111.542
  467650.86  5894932.23   1.620035   0.000001   0.000004  111.541
  467652.36  5894931.63   1.619955   0.000000   0.000001  111.541
  467653.87  5894931.04   1.619877   0.000001   0.000002  111.541
  467655.38  5894930.44   1.619800   0.000001   0.000005  111.541
  467656.88  5894929.85   1.619724   0.000002   0.000008  111.542
  467658.39  5894929.25   1.619649   0.000003   0.000011  111.542
  467659.90  5894928.66   1.619575   0.000004   0.000015  111.542
  467661.40  5894928.06   1.619503   0.000005   0.000018  111.542
  467662.91  5894927.47   1.619431   0.000006   0.000022  111.543
  467664.42  5894926.87   1.619359   0.000007   0.000026  111.543
  467665.92  5894926.28   1.619289   0.000007   0.000027  111.544
  467667.43  5894925.68   1.619222   0.000007   0.000025  111.545
  467668.94  5894925.09   1.619159   0.000006   0.000024  111.545
  467670.44  5894924.49   1.619101   0.000006   0.000022  111.546
  467671.95  5894923.90   1.619046   0.000006   0.000021  111.547
  467673.45  5894923.30   1.618996   0.000005   0.000019  111.547
  467674.96  5894922.71   1.618949   0.000005   0.000017  111.548
  467676.46  5894922.12   1.618907   0.000004   0.000016  111.548
  467677.97  5894921.52   1.618869   0.000004   0.000014  111.548
  467679.48  5894920.93   1.618834   0.000003   0.000013  111.549
  467680.98  5894920.33   1.618804   0.000003   0.000011  111.549
  467682.49  5894919.74   1.618778   0.000003   0.000010  111.549
  467683.99  5894919.14   1.618756   0.000002   0.000008  111.550
  467685.50  5894918.55   1.618737   0.000002   0.000006  111.550
  467687.00  5894917.95   1.618723   0.000001   0.000005  111.550
  467688.51  5894917.36   1.618713   0.000001   0.000003  111.550
  467690.02  5894916.76   1.618709   0.000000   0.000002  111.550
