  469191.00  5894023.50   0.321464   0.000019   0.000003    0.000
  469190.83  5894023.23   0.323144   0.000038   0.000006 -147.734
  469190.66  5894022.95   0.326499   0.000074   0.000011 -147.733
  469190.48  5894022.67   0.329847   0.000108   0.000017 -147.732
  469190.30  5894022.39   0.333185   0.000141   0.000022 -147.730
  469190.13  5894022.11   0.336515   0.000172   0.000028 -147.727
  469189.95  5894021.82   0.339837   0.000201   0.000033 -147.724
  469189.76  5894021.54   0.343150   0.000229   0.000038 -147.720
  469189.58  5894021.24   0.346454   0.000256   0.000043 -147.715
  469189.39  5894020.95   0.349750   0.000281   0.000049 -147.710
  469189.20  5894020.65   0.353038   0.000305   0.000054 -147.705
  469189.02  5894020.35   0.356316   0.000328   0.000059 -147.699
  469188.82  5894020.05   0.359587   0.000350   0.000064 -147.692
  469188.63  5894019.75   0.362848   0.000371   0.000069 -147.685
  469188.44  5894019.44   0.366102   0.000391   0.000074 -147.677
  469188.24  5894019.13   0.369346   0.000410   0.000079 -147.669
  469188.04  5894018.81   0.372582   0.000428   0.000084 -147.660
  469187.84  5894018.50   0.375810   0.000445   0.000089 -147.651
  469187.64  5894018.18   0.379029   0.000462   0.000094 -147.641
  469187.43  5894017.86   0.382239   0.000477   0.000099 -147.631
  469187.23  5894017.53   0.385441   0.000493   0.000103 -147.621
  469187.02  5894017.21   0.388635   0.000507   0.000108 -147.610
  469186.81  5894016.88   0.391820   0.000521   0.000113 -147.599
  469186.60  5894016.54   0.394996   0.000534   0.000118 -147.587
  469186.39  5894016.21   0.398164   0.000546   0.000123 -147.575
  469186.17  5894015.87   0.401323   0.000558   0.000127 -147.562
  469185.96  5894015.53   0.404474   0.000570   0.000132 -147.550
  469185.74  5894015.19   0.407616   0.000581   0.000137 -147.536
  469185.52  5894014.84   0.410750   0.000592   0.000141 -147.523
  469185.30  5894014.50   0.413875   0.000602   0.000146 -147.509
  469185.08  5894014.15   0.416992   0.000611   0.000150 -147.495
  469184.85  5894013.79   0.420100   0.000621   0.000155 -147.480
  469184.62  5894013.44   0.423200   0.000629   0.000159 -147.465
  469184.40  5894013.08   0.426291   0.000638   0.000164 -147.450
  469184.17  5894012.72   0.429374   0.000646   0.000168 -147.434
  469183.93  5894012.36   0.432448   0.000654   0.000173 -147.418
  469183.70  5894011.99   0.435513   0.000662   0.000177 -147.402
  469183.46  5894011.62   0.438571   0.000669   0.000182 -147.386
  469183.23  5894011.25   0.441619   0.000676   0.000186 -147.369
  469182.99  5894010.88   0.444660   0.000682   0.000191 -147.352
  469182.75  5894010.50   0.447691   0.000689   0.000195 -147.334
  469182.50  5894010.13   0.450715   0.000695   0.000200 -147.317
  469182.26  5894009.74   0.453729   0.000701   0.000204 -147.299
  469182.01  5894009.36   0.456736   0.000706   0.000208 -147.281
  469181.77  5894008.98   0.459733   0.000712   0.000213 -147.262
  469181.52  5894008.59   0.462723   0.000717   0.000217 -147.243
  469181.27  5894008.20   0.465704   0.000722   0.000221 -147.224
  469181.01  5894007.81   0.468676   0.000727   0.000226 -147.205
  469180.76  5894007.41   0.471640   0.000731   0.000230 -147.186
  469180.50  5894007.01   0.474596   0.000736   0.000234 -147.166
  469180.24  5894006.61   0.477543   0.000740   0.000239 -147.146
  469179.98  5894006.21   0.480481   0.000744   0.000243 -147.126
  469179.72  5894005.81   0.483411   0.000748   0.000247 -147.105
  469179.46  5894005.40   0.486333   0.000752   0.000252 -147.084
  469179.19  5894004.99   0.489246   0.000756   0.000256 -147.063
  469178.93  5894004.58   0.492151   0.000759   0.000260 -147.042
  469178.66  5894004.16   0.495048   0.000763   0.000264 -147.021
  469178.39  5894003.75   0.497935   0.000766   0.000269 -146.999
  469178.11  5894003.33   0.500815   0.000769   0.000273 -146.977
  469177.84  5894002.91   0.503686   0.000772   0.000277 -146.955
  469177.56  5894002.48   0.506549   0.000775   0.000281 -146.933
  469177.29  5894002.06   0.509403   0.000778   0.000286 -146.910
  469177.01  5894001.63   0.512249   0.000781   0.000290 -146.888
  469176.73  5894001.20   0.515086   0.000783   0.000294 -146.865
  469176.45  5894000.77   0.517915   0.000786   0.000298 -146.842
  469176.16  5894000.33   0.520736   0.000788   0.000302 -146.818
  469175.87  5893999.90   0.523548   0.000791   0.000307 -146.795
  469175.59  5893999.46   0.526352   0.000792   0.000310 -146.771
  469175.30  5893999.02   0.529147   0.000793   0.000314 -146.747
  469175.01  5893998.57   0.531934   0.000798   0.000319 -146.723
  469174.71  5893998.13   0.534713   0.000804   0.000325 -146.699
  469174.42  5893997.68   0.537484   0.000810   0.000331 -146.674
  469174.12  5893997.23   0.540246   0.000816   0.000337 -146.649
  469173.83  5893996.78   0.543001   0.000822   0.000343 -146.624
  469173.53  5893996.32   0.545748   0.000827   0.000349 -146.598
  469173.22  5893995.87   0.548486   0.000833   0.000354 -146.573
  469172.92  5893995.41   0.551217   0.000838   0.000360 -146.546
  469172.62  5893994.95   0.553939   0.000843   0.000366 -146.520
  469172.31  5893994.48   0.556654   0.000848   0.000372 -146.493
  469172.00  5893994.02   0.559360   0.000853   0.000378 -146.466
  469171.69  5893993.55   0.562058   0.000858   0.000383 -146.439
  469171.38  5893993.08   0.564749   0.000863   0.000389 -146.411
  469171.07  5893992.61   0.567431   0.000867   0.000395 -146.383
  469170.75  5893992.14   0.570106   0.000872   0.000401 -146.355
  469170.43  5893991.66   0.572772   0.000876   0.000406 -146.327
  469170.12  5893991.18   0.575431   0.000880   0.000412 -146.298
  469169.80  5893990.70   0.578081   0.000884   0.000418 -146.269
  469169.47  5893990.22   0.580723   0.000888   0.000424 -146.239
  469169.15  5893989.74   0.583358   0.000892   0.000429 -146.210
  469168.82  5893989.25   0.585985   0.000896   0.000435 -146.180
  469168.50  5893988.76   0.588603   0.000900   0.000441 -146.150
  469168.17  5893988.27   0.591214   0.000904   0.000447 -146.120
  469167.84  5893987.78   0.593817   0.000907   0.000452 -146.089
  469167.51  5893987.29   0.596411   0.000911   0.000458 -146.058
  469167.17  5893986.79   0.598998   0.000914   0.000464 -146.027
  469166.84  5893986.30   0.601577   0.000917   0.000469 -145.996
  469166.50  5893985.80   0.604148   0.000921   0.000475 -145.964
  469166.16  5893985.29   0.606711   0.000924   0.000481 -145.932
  469165.82  5893984.79   0.609267   0.000927   0.000487 -145.900
  469165.48  5893984.29   0.611814   0.000930   0.000492 -145.868
  469165.13  5893983.78   0.614354   0.000933   0.000498 -145.835
  469164.79  5893983.27   0.616885   0.000936   0.000504 -145.802
  469164.44  5893982.76   0.619409   0.000939   0.000509 -145.769
  469164.09  5893982.25   0.621925   0.000942   0.000515 -145.736
  469163.74  5893981.73   0.624433   0.000944   0.000521 -145.702
  469163.38  5893981.21   0.626933   0.000947   0.000526 -145.669
  469163.03  5893980.70   0.629425   0.000950   0.000532 -145.635
  469162.67  5893980.18   0.631910   0.000952   0.000538 -145.600
  469162.32  5893979.65   0.634386   0.000955   0.000543 -145.566
  469161.96  5893979.13   0.636855   0.000957   0.000549 -145.531
  469161.59  5893978.60   0.639316   0.000960   0.000555 -145.496
  469161.23  5893978.08   0.641769   0.000962   0.000561 -145.461
  469160.87  5893977.55   0.644215   0.000965   0.000566 -145.426
  469160.50  5893977.01   0.646652   0.000967   0.000572 -145.390
  469160.13  5893976.48   0.649082   0.000969   0.000578 -145.354
  469159.76  5893975.95   0.651504   0.000972   0.000583 -145.318
  469159.39  5893975.41   0.653918   0.000974   0.000589 -145.282
  469159.02  5893974.87   0.656325   0.000976   0.000595 -145.245
  469158.64  5893974.33   0.658724   0.000978   0.000600 -145.209
  469158.26  5893973.79   0.661115   0.000980   0.000606 -145.172
  469157.89  5893973.25   0.663498   0.000983   0.000612 -145.135
  469157.51  5893972.70   0.665873   0.000985   0.000617 -145.097
  469157.12  5893972.16   0.668241   0.000987   0.000623 -145.060
  469156.74  5893971.61   0.670601   0.000989   0.000629 -145.022
  469156.35  5893971.06   0.672954   0.000991   0.000634 -144.984
  469155.97  5893970.50   0.675298   0.000993   0.000640 -144.946
  469155.58  5893969.95   0.677635   0.000995   0.000646 -144.907
  469155.19  5893969.40   0.679965   0.000997   0.000652 -144.869
  469154.79  5893968.84   0.682286   0.000998   0.000657 -144.830
  469154.40  5893968.28   0.684600   0.001000   0.000663 -144.791
  469154.00  5893967.72   0.686907   0.001002   0.000669 -144.752
  469153.61  5893967.16   0.689205   0.001004   0.000674 -144.712
  469153.21  5893966.60   0.691496   0.001006   0.000680 -144.673
  469152.81  5893966.03   0.693780   0.001008   0.000686 -144.633
  469152.40  5893965.46   0.696055   0.001009   0.000692 -144.593
  469152.00  5893964.90   0.698324   0.001011   0.000697 -144.552
  469151.59  5893964.33   0.700584   0.001013   0.000703 -144.512
  469151.19  5893963.76   0.702837   0.001015   0.000709 -144.471
  469150.78  5893963.18   0.705082   0.001016   0.000715 -144.430
  469150.37  5893962.61   0.707320   0.001018   0.000720 -144.389
  469149.95  5893962.03   0.709550   0.001020   0.000726 -144.348
  469149.54  5893961.46   0.711773   0.001022   0.000732 -144.307
  469149.12  5893960.88   0.713988   0.001023   0.000738 -144.265
  469148.70  5893960.30   0.716196   0.001025   0.000743 -144.223
  469148.28  5893959.72   0.718396   0.001027   0.000749 -144.181
  469147.86  5893959.13   0.720588   0.001028   0.000755 -144.139
  469147.44  5893958.55   0.722773   0.001030   0.000761 -144.096
  469147.01  5893957.96   0.724951   0.001031   0.000767 -144.054
  469146.59  5893957.37   0.727121   0.001033   0.000772 -144.011
  469146.16  5893956.79   0.729283   0.001035   0.000778 -143.968
  469145.73  5893956.20   0.731438   0.001036   0.000784 -143.925
  469145.30  5893955.60   0.733585   0.001038   0.000790 -143.881
  469144.86  5893955.01   0.735725   0.001039   0.000796 -143.838
  469144.43  5893954.42   0.737858   0.001041   0.000802 -143.794
  469143.99  5893953.82   0.739983   0.001043   0.000807 -143.750
  469143.55  5893953.22   0.742101   0.001044   0.000813 -143.705
  469143.11  5893952.62   0.744211   0.001046   0.000819 -143.661
  469142.67  5893952.02   0.746314   0.001047   0.000825 -143.617
  469142.23  5893951.42   0.748409   0.001049   0.000831 -143.572
  469141.78  5893950.82   0.750498   0.001050   0.000837 -143.527
  469141.33  5893950.22   0.752578   0.001052   0.000843 -143.482
  469140.89  5893949.61   0.754652   0.001053   0.000848 -143.436
  469140.43  5893949.00   0.756717   0.001055   0.000854 -143.391
  469139.98  5893948.40   0.758776   0.001057   0.000860 -143.345
  469139.53  5893947.79   0.760827   0.001058   0.000866 -143.299
  469139.07  5893947.18   0.762871   0.001060   0.000872 -143.253
  469138.61  5893946.57   0.764908   0.001061   0.000878 -143.207
  469138.16  5893945.95   0.766937   0.001063   0.000884 -143.160
  469137.69  5893945.34   0.768959   0.001064   0.000890 -143.113
  469137.23  5893944.72   0.770974   0.001066   0.000896 -143.066
  469136.77  5893944.11   0.772981   0.001067   0.000902 -143.019
  469136.30  5893943.49   0.774981   0.001069   0.000908 -142.972
  469135.83  5893942.87   0.776974   0.001071   0.000914 -142.925
  469135.36  5893942.25   0.778960   0.001072   0.000920 -142.877
  469134.89  5893941.63   0.780938   0.001072   0.000924 -142.829
  469134.42  5893941.00   0.782908   0.001072   0.000929 -142.781
  469133.95  5893940.38   0.784871   0.001072   0.000934 -142.733
  469133.47  5893939.76   0.786826   0.001072   0.000939 -142.685
  469132.99  5893939.13   0.788773   0.001072   0.000943 -142.637
  469132.51  5893938.50   0.790712   0.001072   0.000948 -142.588
  469132.03  5893937.87   0.792644   0.001072   0.000953 -142.540
  469131.55  5893937.24   0.794568   0.001073   0.000958 -142.491
  469131.06  5893936.61   0.796484   0.001073   0.000962 -142.442
  469130.57  5893935.98   0.798392   0.001073   0.000967 -142.393
  469130.09  5893935.35   0.800293   0.001073   0.000972 -142.344
  469129.60  5893934.72   0.802187   0.001073   0.000977 -142.295
  469129.10  5893934.08   0.804072   0.001074   0.000982 -142.245
  469128.61  5893933.44   0.805950   0.001074   0.000987 -142.196
  469128.12  5893932.81   0.807820   0.001074   0.000991 -142.146
  469127.62  5893932.17   0.809683   0.001075   0.000996 -142.097
  469127.12  5893931.53   0.811538   0.001075   0.001001 -142.047
  469126.62  5893930.89   0.813385   0.001076   0.001007 -141.997
  469126.12  5893930.25   0.815225   0.001076   0.001011 -141.947
  469125.61  5893929.61   0.817057   0.001075   0.001015 -141.896
  469125.11  5893928.96   0.818881   0.001075   0.001019 -141.846
  469124.60  5893928.32   0.820697   0.001075   0.001024 -141.796
  469124.09  5893927.67   0.822505   0.001074   0.001028 -141.745
  469123.58  5893927.03   0.824304   0.001074   0.001032 -141.694
  469123.07  5893926.38   0.826096   0.001074   0.001036 -141.644
  469122.56  5893925.73   0.827879   0.001074   0.001041 -141.593
  469122.04  5893925.08   0.829655   0.001074   0.001045 -141.542
  469121.53  5893924.43   0.831422   0.001073   0.001049 -141.491
  469121.01  5893923.78   0.833182   0.001073   0.001054 -141.440
  469120.49  5893923.13   0.834933   0.001073   0.001058 -141.389
  469119.96  5893922.48   0.836677   0.001073   0.001062 -141.337
  469119.44  5893921.82   0.838412   0.001073   0.001067 -141.286
  469118.91  5893921.17   0.840140   0.001073   0.001071 -141.234
  469118.39  5893920.52   0.841860   0.001073   0.001076 -141.183
  469117.86  5893919.86   0.843571   0.001073   0.001080 -141.131
  469117.33  5893919.20   0.845275   0.001073   0.001085 -141.079
  469116.80  5893918.54   0.846971   0.001074   0.001089 -141.027
  469116.26  5893917.89   0.848658   0.001074   0.001094 -140.975
  469115.73  5893917.23   0.850338   0.001074   0.001098 -140.923
  469115.19  5893916.57   0.852010   0.001074   0.001103 -140.870
  469114.65  5893915.90   0.853674   0.001074   0.001107 -140.818
  469114.11  5893915.24   0.855330   0.001074   0.001112 -140.765
  469113.57  5893914.58   0.856978   0.001075   0.001116 -140.713
  469113.02  5893913.92   0.858619   0.001075   0.001121 -140.660
  469112.48  5893913.25   0.860251   0.001075   0.001125 -140.607
  469111.93  5893912.59   0.861876   0.001076   0.001130 -140.554
  469111.38  5893911.92   0.863493   0.001076   0.001135 -140.501
  469110.83  5893911.26   0.865101   0.001077   0.001139 -140.448
  469110.28  5893910.59   0.866703   0.001077   0.001144 -140.394
  469109.73  5893909.92   0.868296   0.001077   0.001149 -140.341
  469109.17  5893909.25   0.869881   0.001078   0.001153 -140.287
  469108.61  5893908.58   0.871459   0.001078   0.001158 -140.233
  469108.06  5893907.91   0.873029   0.001079   0.001163 -140.180
  469107.50  5893907.24   0.874591   0.001079   0.001168 -140.126
  469106.93  5893906.57   0.876145   0.001080   0.001172 -140.072
  469106.37  5893905.90   0.877691   0.001081   0.001177 -140.017
  469105.81  5893905.23   0.879230   0.001081   0.001182 -139.963
  469105.24  5893904.55   0.880761   0.001082   0.001187 -139.909
  469104.67  5893903.88   0.882284   0.001083   0.001192 -139.854
  469104.10  5893903.20   0.883800   0.001083   0.001197 -139.799
  469103.53  5893902.53   0.885307   0.001084   0.001201 -139.744
  469102.96  5893901.85   0.886807   0.001085   0.001206 -139.689
  469102.38  5893901.18   0.888300   0.001085   0.001211 -139.634
  469101.80  5893900.50   0.889784   0.001086   0.001216 -139.579
  469101.23  5893899.82   0.891261   0.001087   0.001221 -139.524
  469100.65  5893899.15   0.892731   0.001088   0.001226 -139.468
  469100.07  5893898.47   0.894192   0.001089   0.001231 -139.413
  469099.48  5893897.79   0.895646   0.001090   0.001236 -139.357
  469098.90  5893897.11   0.897092   0.001091   0.001241 -139.301
  469098.31  5893896.43   0.898531   0.001091   0.001246 -139.245
  469097.72  5893895.75   0.899962   0.001092   0.001251 -139.189
  469097.13  5893895.07   0.901386   0.001093   0.001256 -139.132
  469096.54  5893894.39   0.902801   0.001094   0.001261 -139.076
  469095.95  5893893.70   0.904210   0.001095   0.001267 -139.019
  469095.36  5893893.02   0.905610   0.001096   0.001272 -138.962
  469094.76  5893892.34   0.907004   0.001097   0.001277 -138.906
  469094.16  5893891.65   0.908389   0.001099   0.001282 -138.848
  469093.56  5893890.97   0.909767   0.001100   0.001287 -138.791
  469092.96  5893890.29   0.911138   0.001101   0.001292 -138.734
  469092.36  5893889.60   0.912501   0.001102   0.001298 -138.677
  469091.76  5893888.92   0.913856   0.001103   0.001303 -138.619
  469091.15  5893888.23   0.915204   0.001104   0.001308 -138.561
  469090.55  5893887.54   0.916544   0.001105   0.001313 -138.503
  469089.94  5893886.86   0.917877   0.001107   0.001319 -138.445
  469089.33  5893886.17   0.919203   0.001108   0.001324 -138.387
  469088.72  5893885.48   0.920521   0.001109   0.001329 -138.329
  469088.10  5893884.80   0.921831   0.001110   0.001334 -138.270
  469087.49  5893884.11   0.923135   0.001112   0.001340 -138.212
  469086.87  5893883.42   0.924430   0.001113   0.001345 -138.153
  469086.25  5893882.73   0.925719   0.001114   0.001351 -138.094
  469085.64  5893882.04   0.927000   0.001116   0.001356 -138.035
  469085.01  5893881.35   0.928273   0.001117   0.001361 -137.975
  469084.39  5893880.66   0.929539   0.001119   0.001367 -137.916
  469083.77  5893879.98   0.930798   0.001120   0.001372 -137.856
  469083.14  5893879.29   0.932050   0.001122   0.001378 -137.797
  469082.51  5893878.59   0.933294   0.001123   0.001383 -137.737
  469081.89  5893877.90   0.934531   0.001124   0.001389 -137.677
  469081.26  5893877.21   0.935760   0.001126   0.001394 -137.617
  469080.62  5893876.52   0.936982   0.001128   0.001400 -137.556
  469079.99  5893875.83   0.938197   0.001129   0.001406 -137.496
  469079.35  5893875.14   0.939405   0.001131   0.001412 -137.435
  469078.72  5893874.45   0.940606   0.001134   0.001419 -137.374
  469078.08  5893873.76   0.941799   0.001134   0.001422 -137.313
  469077.44  5893873.06   0.942985   0.001133   0.001424 -137.252
  469076.80  5893872.37   0.944161   0.001131   0.001426 -137.190
  469076.16  5893871.68   0.945330   0.001130   0.001428 -137.129
  469075.51  5893870.99   0.946490   0.001129   0.001430 -137.068
  469074.87  5893870.29   0.947642   0.001127   0.001432 -137.007
  469074.22  5893869.60   0.948785   0.001126   0.001434 -136.946
  469073.57  5893868.91   0.949920   0.001125   0.001436 -136.884
  469072.92  5893868.22   0.951046   0.001124   0.001438 -136.823
  469072.27  5893867.52   0.952165   0.001123   0.001440 -136.762
  469071.61  5893866.83   0.953274   0.001122   0.001442 -136.701
  469070.96  5893866.14   0.954376   0.001121   0.001444 -136.639
  469070.30  5893865.44   0.955469   0.001120   0.001446 -136.578
  469069.65  5893864.75   0.956554   0.001119   0.001449 -136.517
  469068.99  5893864.05   0.957630   0.001119   0.001451 -136.455
  469068.33  5893863.36   0.958698   0.001118   0.001453 -136.394
  469067.66  5893862.67   0.959758   0.001117   0.001455 -136.333
  469067.00  5893861.97   0.960809   0.001116   0.001457 -136.271
  469066.33  5893861.28   0.961852   0.001116   0.001460 -136.210
  469065.67  5893860.58   0.962887   0.001115   0.001462 -136.148
  469065.00  5893859.89   0.963913   0.001115   0.001464 -136.087
  469064.33  5893859.20   0.964931   0.001114   0.001467 -136.025
  469063.66  5893858.50   0.965941   0.001113   0.001469 -135.964
  469062.99  5893857.81   0.966943   0.001113   0.001472 -135.902
  469062.31  5893857.11   0.967936   0.001113   0.001474 -135.840
  469061.64  5893856.42   0.968921   0.001112   0.001477 -135.779
  469060.96  5893855.73   0.969897   0.001113   0.001480 -135.717
  469060.28  5893855.03   0.970867   0.001113   0.001484 -135.655
  469059.60  5893854.34   0.971828   0.001111   0.001484 -135.593
  469058.92  5893853.64   0.972779   0.001108   0.001482 -135.531
  469058.24  5893852.95   0.973719   0.001104   0.001480 -135.469
  469057.55  5893852.26   0.974648   0.001101   0.001479 -135.408
  469056.87  5893851.56   0.975568   0.001097   0.001477 -135.346
  469056.18  5893850.87   0.976476   0.001094   0.001475 -135.285
  469055.49  5893850.18   0.977374   0.001090   0.001473 -135.224
  469054.80  5893849.48   0.978262   0.001087   0.001471 -135.163
  469054.11  5893848.79   0.979139   0.001084   0.001470 -135.102
  469053.42  5893848.10   0.980005   0.001081   0.001468 -135.041
  469052.73  5893847.40   0.980861   0.001078   0.001466 -134.980
  469052.03  5893846.71   0.981707   0.001075   0.001465 -134.920
  469051.34  5893846.02   0.982542   0.001072   0.001463 -134.859
  469050.64  5893845.33   0.983366   0.001069   0.001462 -134.799
  469049.94  5893844.63   0.984180   0.001066   0.001460 -134.739
  469049.24  5893843.94   0.984983   0.001063   0.001459 -134.679
  469048.54  5893843.25   0.985776   0.001060   0.001457 -134.619
  469047.84  5893842.56   0.986558   0.001058   0.001456 -134.559
  469047.13  5893841.86   0.987329   0.001055   0.001455 -134.499
  469046.43  5893841.17   0.988090   0.001053   0.001453 -134.439
  469045.72  5893840.48   0.988840   0.001050   0.001452 -134.380
  469045.01  5893839.79   0.989580   0.001048   0.001451 -134.320
  469044.30  5893839.10   0.990309   0.001045   0.001450 -134.261
  469043.59  5893838.41   0.991028   0.001043   0.001448 -134.202
  469042.88  5893837.72   0.991736   0.001041   0.001447 -134.142
  469042.17  5893837.03   0.992433   0.001038   0.001446 -134.083
  469041.46  5893836.34   0.993120   0.001036   0.001445 -134.024
  469040.74  5893835.65   0.993797   0.001034   0.001444 -133.965
  469040.02  5893834.96   0.994462   0.001032   0.001443 -133.906
  469039.31  5893834.27   0.995117   0.001030   0.001442 -133.848
  469038.59  5893833.58   0.995762   0.001028   0.001441 -133.789
  469037.87  5893832.89   0.996396   0.001026   0.001440 -133.730
  469037.15  5893832.20   0.997019   0.001024   0.001439 -133.672
  469036.43  5893831.52   0.997632   0.001022   0.001439 -133.613
  469035.70  5893830.83   0.998234   0.001020   0.001438 -133.555
  469034.98  5893830.14   0.998825   0.001019   0.001437 -133.496
  469034.25  5893829.46   0.999406   0.001017   0.001436 -133.438
  469033.53  5893828.77   0.999976   0.001015   0.001436 -133.380
  469032.80  5893828.08   1.000536   0.001014   0.001435 -133.322
  469032.07  5893827.40   1.001085   0.001012   0.001434 -133.264
  469031.34  5893826.71   1.001623   0.001010   0.001434 -133.206
  469030.61  5893826.03   1.002151   0.001009   0.001433 -133.148
  469029.88  5893825.34   1.002668   0.001008   0.001433 -133.090
  469029.14  5893824.66   1.003175   0.001006   0.001432 -133.032
  469028.41  5893823.97   1.003671   0.001005   0.001432 -132.974
  469027.67  5893823.29   1.004156   0.001004   0.001431 -132.916
  469026.94  5893822.61   1.004631   0.001002   0.001431 -132.858
  469026.20  5893821.92   1.005095   0.001001   0.001430 -132.801
  469025.46  5893821.24   1.005548   0.001000   0.001430 -132.743
  469024.72  5893820.56   1.005991   0.000999   0.001430 -132.685
  469023.98  5893819.88   1.006423   0.000998   0.001429 -132.628
  469023.24  5893819.20   1.006845   0.000997   0.001429 -132.570
  469022.50  5893818.52   1.007256   0.000996   0.001429 -132.513
  469021.76  5893817.84   1.007656   0.000995   0.001429 -132.455
  469021.01  5893817.16   1.008046   0.000994   0.001429 -132.398
  469020.27  5893816.48   1.008425   0.000993   0.001429 -132.340
  469019.52  5893815.80   1.008793   0.000993   0.001428 -132.283
  469018.77  5893815.12   1.009151   0.000992   0.001428 -132.226
  469018.02  5893814.44   1.009498   0.000991   0.001428 -132.168
  469017.28  5893813.77   1.009835   0.000990   0.001428 -132.111
  469016.53  5893813.09   1.010160   0.000990   0.001428 -132.054
  469015.77  5893812.41   1.010476   0.000989   0.001428 -131.996
  469015.02  5893811.74   1.010780   0.000989   0.001429 -131.939
  469014.27  5893811.06   1.011074   0.000988   0.001429 -131.882
  469013.52  5893810.39   1.011358   0.000988   0.001429 -131.825
  469012.76  5893809.71   1.011631   0.000987   0.001429 -131.767
  469012.01  5893809.04   1.011893   0.000987   0.001429 -131.710
  469011.25  5893808.37   1.012144   0.000987   0.001430 -131.653
  469010.49  5893807.70   1.012385   0.000986   0.001430 -131.596
  469009.74  5893807.03   1.012615   0.000986   0.001430 -131.538
  469008.98  5893806.35   1.012835   0.000986   0.001430 -131.481
  469008.22  5893805.68   1.013044   0.000986   0.001431 -131.424
  469007.46  5893805.01   1.013242   0.000986   0.001431 -131.367
  469006.70  5893804.35   1.013430   0.000986   0.001432 -131.310
  469005.93  5893803.68   1.013607   0.000986   0.001432 -131.252
  469005.17  5893803.01   1.013774   0.000986   0.001433 -131.195
  469004.41  5893802.34   1.013930   0.000986   0.001433 -131.138
  469003.64  5893801.68   1.014075   0.000986   0.001434 -131.081
  469002.88  5893801.01   1.014210   0.000986   0.001434 -131.023
  469002.11  5893800.35   1.014334   0.000986   0.001435 -130.966
  469001.35  5893799.68   1.014447   0.000986   0.001436 -130.909
  469000.58  5893799.02   1.014550   0.000987   0.001436 -130.851
  468999.81  5893798.36   1.014642   0.000987   0.001437 -130.794
  468999.04  5893797.69   1.014724   0.000987   0.001438 -130.737
  468998.27  5893797.03   1.014795   0.000988   0.001439 -130.679
  468997.50  5893796.37   1.014856   0.000988   0.001440 -130.622
  468996.73  5893795.71   1.014905   0.000989   0.001440 -130.564
  468995.96  5893795.05   1.014945   0.000989   0.001441 -130.507
  468995.19  5893794.39   1.014973   0.000990   0.001442 -130.449
  468994.41  5893793.74   1.014991   0.000991   0.001443 -130.392
  468993.64  5893793.08   1.014999   0.000991   0.001444 -130.334
  468992.87  5893792.42   1.014995   0.000992   0.001445 -130.276
  468992.09  5893791.77   1.014982   0.000993   0.001446 -130.219
  468991.31  5893791.11   1.014957   0.000993   0.001447 -130.161
  468990.54  5893790.46   1.014922   0.000994   0.001448 -130.103
  468989.76  5893789.81   1.014877   0.000995   0.001449 -130.045
  468988.98  5893789.15   1.014821   0.000996   0.001451 -129.988
  468988.21  5893788.50   1.014754   0.000997   0.001452 -129.930
  468987.43  5893787.85   1.014677   0.000998   0.001453 -129.872
  468986.65  5893787.20   1.014589   0.000999   0.001454 -129.814
  468985.87  5893786.55   1.014490   0.001000   0.001456 -129.756
  468985.09  5893785.91   1.014381   0.001001   0.001457 -129.697
  468984.31  5893785.26   1.014262   0.001002   0.001458 -129.639
  468983.52  5893784.61   1.014132   0.001004   0.001460 -129.581
  468982.74  5893783.97   1.013991   0.001005   0.001461 -129.523
  468981.96  5893783.32   1.013840   0.001006   0.001463 -129.464
  468981.18  5893782.68   1.013678   0.001008   0.001464 -129.406
  468980.39  5893782.04   1.013506   0.001009   0.001466 -129.347
  468979.61  5893781.39   1.013323   0.001010   0.001467 -129.289
  468978.82  5893780.75   1.013129   0.001012   0.001469 -129.230
  468978.04  5893780.11   1.012925   0.001013   0.001470 -129.171
  468977.25  5893779.47   1.012711   0.001015   0.001472 -129.113
  468976.47  5893778.84   1.012486   0.001017   0.001474 -129.054
  468975.68  5893778.20   1.012250   0.001018   0.001475 -128.995
  468974.89  5893777.56   1.012004   0.001020   0.001477 -128.936
  468974.10  5893776.93   1.011747   0.001022   0.001479 -128.876
  468973.32  5893776.29   1.011480   0.001023   0.001481 -128.817
  468972.53  5893775.66   1.011203   0.001025   0.001483 -128.758
  468971.74  5893775.03   1.010914   0.001027   0.001485 -128.699
  468970.95  5893774.40   1.010616   0.001029   0.001486 -128.639
  468970.16  5893773.77   1.010306   0.001031   0.001488 -128.579
  468969.37  5893773.14   1.009987   0.001033   0.001490 -128.520
  468968.58  5893772.51   1.009657   0.001035   0.001492 -128.460
  468967.79  5893771.88   1.009316   0.001037   0.001494 -128.400
  468966.99  5893771.26   1.008965   0.001040   0.001497 -128.340
  468966.20  5893770.63   1.008603   0.001042   0.001499 -128.280
  468965.41  5893770.01   1.008231   0.001044   0.001501 -128.220
  468964.62  5893769.39   1.007848   0.001046   0.001503 -128.159
  468963.82  5893768.76   1.007455   0.001049   0.001505 -128.099
  468963.03  5893768.14   1.007052   0.001051   0.001507 -128.039
  468962.24  5893767.52   1.006638   0.001054   0.001510 -127.978
  468961.44  5893766.91   1.006213   0.001056   0.001512 -127.917
  468960.65  5893766.29   1.005779   0.001059   0.001515 -127.856
  468959.86  5893765.67   1.005333   0.001063   0.001519 -127.795
  468959.06  5893765.06   1.004876   0.001064   0.001519 -127.734
  468958.26  5893764.44   1.004411   0.001064   0.001518 -127.673
  468957.47  5893763.83   1.003936   0.001064   0.001517 -127.611
  468956.67  5893763.22   1.003452   0.001064   0.001515 -127.550
  468955.88  5893762.61   1.002959   0.001064   0.001514 -127.489
  468955.08  5893762.00   1.002457   0.001064   0.001513 -127.428
  468954.28  5893761.39   1.001945   0.001065   0.001511 -127.367
  468953.49  5893760.78   1.001424   0.001065   0.001510 -127.306
  468952.69  5893760.18   1.000895   0.001065   0.001509 -127.245
  468951.89  5893759.57   1.000355   0.001066   0.001508 -127.184
  468951.10  5893758.97   0.999807   0.001066   0.001507 -127.122
  468950.30  5893758.37   0.999250   0.001066   0.001506 -127.061
  468949.50  5893757.77   0.998683   0.001067   0.001505 -127.000
  468948.70  5893757.17   0.998107   0.001067   0.001504 -126.939
  468947.91  5893756.57   0.997522   0.001068   0.001503 -126.878
  468947.11  5893755.97   0.996927   0.001068   0.001502 -126.817
  468946.31  5893755.37   0.996324   0.001069   0.001501 -126.756
  468945.51  5893754.78   0.995711   0.001070   0.001500 -126.695
  468944.71  5893754.18   0.995089   0.001070   0.001499 -126.634
  468943.91  5893753.59   0.994457   0.001071   0.001498 -126.573
  468943.11  5893753.00   0.993817   0.001072   0.001497 -126.512
  468942.31  5893752.41   0.993167   0.001073   0.001497 -126.451
  468941.51  5893751.82   0.992508   0.001074   0.001496 -126.390
  468940.72  5893751.23   0.991840   0.001075   0.001495 -126.329
  468939.92  5893750.65   0.991162   0.001076   0.001494 -126.268
  468939.12  5893750.06   0.990476   0.001077   0.001494 -126.207
  468938.32  5893749.48   0.989780   0.001078   0.001493 -126.146
  468937.52  5893748.89   0.989074   0.001079   0.001492 -126.085
  468936.72  5893748.31   0.988360   0.001080   0.001492 -126.023
  468935.92  5893747.73   0.987636   0.001081   0.001491 -125.962
  468935.12  5893747.15   0.986903   0.001082   0.001491 -125.901
  468934.32  5893746.58   0.986161   0.001084   0.001490 -125.840
  468933.52  5893746.00   0.985410   0.001085   0.001490 -125.779
  468932.72  5893745.42   0.984649   0.001086   0.001489 -125.717
  468931.92  5893744.85   0.983879   0.001088   0.001489 -125.656
  468931.12  5893744.28   0.983100   0.001089   0.001489 -125.595
  468930.32  5893743.71   0.982311   0.001091   0.001488 -125.533
  468929.52  5893743.14   0.981514   0.001092   0.001488 -125.472
  468928.72  5893742.57   0.980707   0.001094   0.001488 -125.411
  468927.92  5893742.00   0.979890   0.001095   0.001488 -125.349
  468927.12  5893741.44   0.979065   0.001098   0.001488 -125.288
  468926.32  5893740.87   0.978229   0.001100   0.001489 -125.226
  468925.52  5893740.31   0.977384   0.001101   0.001487 -125.164
  468924.72  5893739.75   0.976532   0.001100   0.001483 -125.103
  468923.92  5893739.19   0.975673   0.001099   0.001479 -125.041
  468923.12  5893738.63   0.974807   0.001098   0.001475 -124.980
  468922.33  5893738.07   0.973935   0.001097   0.001471 -124.919
  468921.53  5893737.51   0.973055   0.001096   0.001467 -124.857
  468920.73  5893736.96   0.972169   0.001095   0.001463 -124.796
  468919.93  5893736.40   0.971275   0.001094   0.001459 -124.735
  468919.13  5893735.85   0.970375   0.001093   0.001455 -124.674
  468918.33  5893735.30   0.969468   0.001092   0.001452 -124.614
  468917.54  5893734.75   0.968554   0.001091   0.001448 -124.553
  468916.74  5893734.20   0.967633   0.001091   0.001444 -124.492
  468915.94  5893733.66   0.966705   0.001090   0.001440 -124.432
  468915.14  5893733.11   0.965770   0.001089   0.001436 -124.372
  468914.34  5893732.57   0.964828   0.001088   0.001433 -124.311
  468913.55  5893732.02   0.963879   0.001088   0.001429 -124.251
  468912.75  5893731.48   0.962924   0.001088   0.001426 -124.191
  468911.95  5893730.94   0.961959   0.001088   0.001423 -124.131
  468911.16  5893730.40   0.960988   0.001086   0.001418 -124.071
  468910.36  5893729.87   0.960013   0.001082   0.001411 -124.011
  468909.57  5893729.33   0.959034   0.001079   0.001403 -123.952
  468908.77  5893728.80   0.958052   0.001075   0.001396 -123.893
  468907.97  5893728.26   0.957066   0.001072   0.001389 -123.833
  468907.18  5893727.73   0.956077   0.001069   0.001381 -123.775
  468906.38  5893727.20   0.955084   0.001065   0.001374 -123.716
  468905.59  5893726.67   0.954088   0.001062   0.001367 -123.658
  468904.80  5893726.14   0.953088   0.001058   0.001359 -123.600
  468904.00  5893725.62   0.952084   0.001055   0.001352 -123.542
  468903.21  5893725.09   0.951077   0.001051   0.001345 -123.484
  468902.41  5893724.57   0.950066   0.001048   0.001338 -123.427
  468901.62  5893724.05   0.949051   0.001044   0.001330 -123.370
  468900.83  5893723.52   0.948033   0.001041   0.001323 -123.313
  468900.04  5893723.01   0.947011   0.001038   0.001316 -123.257
  468899.24  5893722.49   0.945985   0.001034   0.001309 -123.201
  468898.45  5893721.97   0.944955   0.001031   0.001301 -123.144
  468897.66  5893721.45   0.943922   0.001027   0.001294 -123.089
  468896.87  5893720.94   0.942885   0.001023   0.001286 -123.033
  468896.08  5893720.43   0.941844   0.001019   0.001278 -122.978
  468895.29  5893719.92   0.940800   0.001017   0.001272 -122.923
  468894.50  5893719.41   0.939751   0.001016   0.001269 -122.868
  468893.71  5893718.90   0.938699   0.001015   0.001265 -122.813
  468892.92  5893718.39   0.937642   0.001015   0.001262 -122.759
  468892.13  5893717.88   0.936581   0.001014   0.001258 -122.704
  468891.35  5893717.38   0.935516   0.001014   0.001255 -122.650
  468890.56  5893716.87   0.934447   0.001013   0.001251 -122.596
  468889.77  5893716.37   0.933374   0.001013   0.001248 -122.541
  468888.98  5893715.87   0.932297   0.001012   0.001244 -122.487
  468888.20  5893715.37   0.931215   0.001012   0.001241 -122.433
  468887.41  5893714.87   0.930130   0.001011   0.001237 -122.379
  468886.63  5893714.38   0.929040   0.001011   0.001234 -122.325
  468885.84  5893713.88   0.927947   0.001010   0.001230 -122.271
  468885.06  5893713.38   0.926849   0.001010   0.001227 -122.218
  468884.27  5893712.89   0.925747   0.001009   0.001223 -122.164
  468883.49  5893712.40   0.924640   0.001009   0.001220 -122.111
  468882.70  5893711.91   0.923530   0.001009   0.001216 -122.057
  468881.92  5893711.42   0.922415   0.001008   0.001213 -122.004
  468881.14  5893710.93   0.921297   0.001008   0.001210 -121.950
  468880.36  5893710.45   0.920174   0.001007   0.001206 -121.897
  468879.58  5893709.96   0.919047   0.001007   0.001203 -121.844
  468878.80  5893709.48   0.917915   0.001007   0.001199 -121.791
  468878.02  5893708.99   0.916780   0.001006   0.001196 -121.738
  468877.24  5893708.51   0.915640   0.001006   0.001193 -121.685
  468876.46  5893708.03   0.914496   0.001006   0.001189 -121.633
  468875.68  5893707.55   0.913348   0.001005   0.001186 -121.580
  468874.90  5893707.08   0.912195   0.001005   0.001183 -121.527
  468874.12  5893706.60   0.911039   0.001005   0.001179 -121.475
  468873.35  5893706.13   0.909878   0.001005   0.001176 -121.422
  468872.57  5893705.65   0.908712   0.001004   0.001173 -121.370
  468871.79  5893705.18   0.907543   0.001004   0.001170 -121.318
  468871.02  5893704.71   0.906369   0.001004   0.001166 -121.265
  468870.24  5893704.24   0.905191   0.001004   0.001163 -121.213
  468869.47  5893703.77   0.904009   0.001003   0.001160 -121.161
  468868.70  5893703.31   0.902822   0.001003   0.001156 -121.109
  468867.92  5893702.84   0.901631   0.001003   0.001153 -121.057
  468867.15  5893702.38   0.900436   0.001003   0.001150 -121.006
  468866.38  5893701.91   0.899237   0.001003   0.001147 -120.954
  468865.61  5893701.45   0.898033   0.001003   0.001144 -120.902
  468864.84  5893700.99   0.896825   0.001003   0.001140 -120.851
  468864.07  5893700.53   0.895612   0.001002   0.001137 -120.799
  468863.30  5893700.08   0.894396   0.001002   0.001134 -120.748
  468862.53  5893699.62   0.893175   0.001002   0.001131 -120.696
  468861.76  5893699.16   0.891949   0.001002   0.001128 -120.645
  468861.00  5893698.71   0.890719   0.001002   0.001124 -120.594
  468860.23  5893698.26   0.889485   0.001002   0.001121 -120.543
  468859.46  5893697.81   0.888247   0.001002   0.001118 -120.491
  468858.70  5893697.36   0.887004   0.001002   0.001115 -120.440
  468857.93  5893696.91   0.885757   0.001002   0.001112 -120.390
  468857.17  5893696.46   0.884505   0.001002   0.001109 -120.339
  468856.41  5893696.02   0.883249   0.001002   0.001106 -120.288
  468855.64  5893695.57   0.881988   0.001002   0.001103 -120.237
  468854.88  5893695.13   0.880724   0.001002   0.001100 -120.187
  468854.12  5893694.69   0.879454   0.001002   0.001096 -120.136
  468853.36  5893694.25   0.878181   0.001003   0.001093 -120.085
  468852.60  5893693.81   0.876903   0.001003   0.001090 -120.035
  468851.84  5893693.37   0.875620   0.001003   0.001087 -119.985
  468851.08  5893692.93   0.874334   0.001003   0.001084 -119.934
  468850.33  5893692.50   0.873042   0.001003   0.001081 -119.884
  468849.57  5893692.06   0.871747   0.001003   0.001078 -119.834
  468848.81  5893691.63   0.870446   0.001003   0.001075 -119.784
  468848.06  5893691.20   0.869142   0.001004   0.001072 -119.734
  468847.30  5893690.77   0.867833   0.001004   0.001069 -119.684
  468846.55  5893690.34   0.866519   0.001004   0.001066 -119.634
  468845.80  5893689.91   0.865201   0.001004   0.001063 -119.584
  468845.04  5893689.49   0.863879   0.001005   0.001060 -119.534
  468844.29  5893689.06   0.862552   0.001005   0.001057 -119.484
  468843.54  5893688.64   0.861220   0.001005   0.001055 -119.435
  468842.79  5893688.22   0.859885   0.001006   0.001052 -119.385
  468842.04  5893687.80   0.858544   0.001006   0.001049 -119.336
  468841.29  5893687.38   0.857199   0.001006   0.001046 -119.286
  468840.55  5893686.96   0.855850   0.001007   0.001043 -119.237
  468839.80  5893686.54   0.854496   0.001007   0.001040 -119.187
  468839.06  5893686.12   0.853138   0.001008   0.001037 -119.138
  468838.31  5893685.71   0.851775   0.001008   0.001034 -119.089
  468837.57  5893685.30   0.850407   0.001008   0.001031 -119.040
  468836.82  5893684.88   0.849035   0.001009   0.001029 -118.990
  468836.08  5893684.47   0.847659   0.001009   0.001026 -118.941
  468835.34  5893684.07   0.846278   0.001010   0.001023 -118.892
  468834.60  5893683.66   0.844892   0.001010   0.001020 -118.843
  468833.86  5893683.25   0.843502   0.001011   0.001017 -118.794
  468833.12  5893682.85   0.842107   0.001012   0.001014 -118.746
  468832.38  5893682.44   0.840708   0.001013   0.001012 -118.697
  468831.64  5893682.04   0.839301   0.001014   0.001010 -118.648
  468830.91  5893681.64   0.837889   0.001013   0.001006 -118.599
  468830.17  5893681.24   0.836480   0.001011   0.001001 -118.551
  468829.44  5893680.84   0.835072   0.001009   0.000995 -118.502
  468828.70  5893680.44   0.833667   0.001007   0.000990 -118.454
  468827.97  5893680.04   0.832263   0.001005   0.000985 -118.406
  468827.24  5893679.65   0.830862   0.001003   0.000979 -118.358
  468826.51  5893679.26   0.829462   0.001001   0.000974 -118.310
  468825.78  5893678.86   0.828065   0.000999   0.000969 -118.262
  468825.05  5893678.47   0.826669   0.000997   0.000963 -118.215
  468824.32  5893678.08   0.825276   0.000994   0.000958 -118.168
  468823.59  5893677.69   0.823884   0.000992   0.000952 -118.121
  468822.87  5893677.31   0.822495   0.000990   0.000947 -118.074
  468822.14  5893676.92   0.821107   0.000987   0.000941 -118.027
  468821.42  5893676.54   0.819722   0.000985   0.000936 -117.981
  468820.69  5893676.15   0.818338   0.000983   0.000930 -117.935
  468819.97  5893675.77   0.816956   0.000980   0.000925 -117.889
  468819.25  5893675.39   0.815577   0.000978   0.000920 -117.843
  468818.53  5893675.01   0.814199   0.000975   0.000914 -117.797
  468817.81  5893674.63   0.812823   0.000972   0.000909 -117.752
  468817.09  5893674.25   0.811449   0.000970   0.000903 -117.706
  468816.37  5893673.87   0.810076   0.000967   0.000897 -117.661
  468815.66  5893673.50   0.808706   0.000964   0.000892 -117.616
  468814.94  5893673.13   0.807337   0.000962   0.000886 -117.572
  468814.22  5893672.75   0.805971   0.000959   0.000881 -117.527
  468813.51  5893672.38   0.804606   0.000956   0.000875 -117.483
  468812.80  5893672.01   0.803243   0.000953   0.000870 -117.439
  468812.08  5893671.64   0.801882   0.000950   0.000864 -117.395
  468811.37  5893671.27   0.800523   0.000947   0.000858 -117.351
  468810.66  5893670.91   0.799165   0.000944   0.000853 -117.308
  468809.95  5893670.54   0.797810   0.000941   0.000847 -117.265
  468809.24  5893670.18   0.796456   0.000938   0.000842 -117.222
  468808.53  5893669.81   0.795104   0.000935   0.000836 -117.179
  468807.83  5893669.45   0.793753   0.000932   0.000830 -117.136
  468807.12  5893669.09   0.792405   0.000929   0.000825 -117.094
  468806.42  5893668.73   0.791058   0.000925   0.000819 -117.052
  468805.71  5893668.37   0.789713   0.000922   0.000813 -117.010
  468805.01  5893668.01   0.788369   0.000918   0.000807 -116.968
  468804.31  5893667.66   0.787027   0.000915   0.000802 -116.927
  468803.61  5893667.30   0.785688   0.000912   0.000797 -116.885
  468802.90  5893666.95   0.784351   0.000909   0.000791 -116.844
  468802.21  5893666.59   0.783016   0.000906   0.000786 -116.803
  468801.51  5893666.24   0.781684   0.000903   0.000781 -116.763
  468800.81  5893665.89   0.780355   0.000900   0.000775 -116.722
  468800.11  5893665.54   0.779028   0.000897   0.000770 -116.682
  468799.42  5893665.19   0.777703   0.000894   0.000765 -116.642
  468798.72  5893664.84   0.776381   0.000891   0.000759 -116.602
  468798.03  5893664.49   0.775062   0.000888   0.000754 -116.562
  468797.34  5893664.15   0.773744   0.000884   0.000749 -116.523
  468796.64  5893663.80   0.772430   0.000881   0.000743 -116.484
  468795.95  5893663.46   0.771117   0.000878   0.000738 -116.445
  468795.26  5893663.12   0.769807   0.000874   0.000733 -116.406
  468794.57  5893662.78   0.768500   0.000871   0.000727 -116.367
  468793.88  5893662.44   0.767195   0.000867   0.000722 -116.329
  468793.20  5893662.10   0.765892   0.000863   0.000716 -116.291
  468792.51  5893661.76   0.764592   0.000860   0.000711 -116.253
  468791.83  5893661.42   0.763294   0.000856   0.000705 -116.215
  468791.14  5893661.08   0.761998   0.000852   0.000700 -116.178
  468790.46  5893660.75   0.760705   0.000849   0.000694 -116.141
  468789.78  5893660.41   0.759414   0.000845   0.000689 -116.104
  468789.09  5893660.08   0.758126   0.000841   0.000683 -116.067
  468788.41  5893659.75   0.756839   0.000837   0.000678 -116.031
  468787.73  5893659.42   0.755556   0.000833   0.000672 -115.994
  468787.05  5893659.09   0.754274   0.000829   0.000667 -115.958
  468786.38  5893658.76   0.752995   0.000825   0.000661 -115.922
  468785.70  5893658.43   0.751718   0.000821   0.000656 -115.887
  468785.02  5893658.10   0.750444   0.000816   0.000650 -115.851
  468784.35  5893657.77   0.749171   0.000812   0.000645 -115.816
  468783.68  5893657.45   0.747901   0.000808   0.000639 -115.781
  468783.00  5893657.12   0.746634   0.000804   0.000633 -115.747
  468782.33  5893656.80   0.745368   0.000799   0.000628 -115.712
  468781.66  5893656.48   0.744105   0.000795   0.000622 -115.678
  468780.99  5893656.16   0.742844   0.000790   0.000617 -115.644
  468780.32  5893655.83   0.741586   0.000786   0.000611 -115.611
  468779.65  5893655.52   0.740329   0.000781   0.000605 -115.577
  468778.98  5893655.20   0.739075   0.000776   0.000600 -115.544
  468778.32  5893654.88   0.737823   0.000771   0.000594 -115.511
  468777.65  5893654.56   0.736574   0.000767   0.000588 -115.479
  468776.99  5893654.24   0.735326   0.000762   0.000583 -115.447
  468776.32  5893653.93   0.734081   0.000757   0.000577 -115.414
  468775.66  5893653.61   0.732838   0.000752   0.000571 -115.383
  468775.00  5893653.30   0.731597   0.000747   0.000565 -115.351
  468774.34  5893652.99   0.730358   0.000742   0.000560 -115.320
  468773.68  5893652.68   0.729122   0.000737   0.000554 -115.289
  468773.02  5893652.37   0.727888   0.000732   0.000548 -115.258
  468772.36  5893652.06   0.726656   0.000726   0.000542 -115.227
  468771.70  5893651.75   0.725426   0.000721   0.000537 -115.197
  468771.05  5893651.44   0.724198   0.000716   0.000531 -115.167
  468770.39  5893651.13   0.722972   0.000712   0.000526 -115.137
  468769.74  5893650.83   0.721746   0.000708   0.000522 -115.108
  468769.09  5893650.52   0.720522   0.000699   0.000513 -115.079
  468768.43  5893650.21   0.719305   0.000686   0.000502 -115.050
  468767.78  5893649.91   0.718097   0.000673   0.000491 -115.021
  468767.13  5893649.61   0.716897   0.000660   0.000480 -114.994
  468766.48  5893649.31   0.715705   0.000647   0.000469 -114.967
  468765.84  5893649.00   0.714521   0.000634   0.000457 -114.940
  468765.19  5893648.70   0.713345   0.000620   0.000446 -114.914
  468764.54  5893648.40   0.712177   0.000606   0.000435 -114.889
  468763.90  5893648.10   0.711017   0.000593   0.000424 -114.864
  468763.25  5893647.81   0.709865   0.000579   0.000412 -114.840
  468762.61  5893647.51   0.708721   0.000565   0.000401 -114.816
  468761.96  5893647.21   0.707585   0.000550   0.000390 -114.794
  468761.32  5893646.91   0.706457   0.000536   0.000378 -114.771
  468760.68  5893646.62   0.705337   0.000521   0.000367 -114.750
  468760.04  5893646.32   0.704224   0.000507   0.000355 -114.728
  468759.40  5893646.03   0.703120   0.000492   0.000344 -114.708
  468758.76  5893645.74   0.702024   0.000477   0.000332 -114.688
  468758.13  5893645.44   0.700935   0.000462   0.000321 -114.669
  468757.49  5893645.15   0.699855   0.000447   0.000309 -114.650
  468756.85  5893644.86   0.698782   0.000431   0.000298 -114.633
  468756.22  5893644.57   0.697717   0.000416   0.000286 -114.615
  468755.58  5893644.28   0.696660   0.000400   0.000275 -114.599
  468754.95  5893643.99   0.695611   0.000384   0.000263 -114.583
  468754.32  5893643.70   0.694570   0.000368   0.000251 -114.567
  468753.69  5893643.41   0.693537   0.000352   0.000240 -114.553
  468753.06  5893643.12   0.692511   0.000336   0.000228 -114.539
  468752.43  5893642.84   0.691494   0.000320   0.000216 -114.525
  468751.80  5893642.55   0.690484   0.000303   0.000204 -114.513
  468751.17  5893642.26   0.689482   0.000286   0.000193 -114.501
  468750.54  5893641.98   0.688488   0.000270   0.000181 -114.489
  468749.92  5893641.69   0.687502   0.000253   0.000169 -114.479
  468749.29  5893641.41   0.686523   0.000236   0.000157 -114.469
  468748.67  5893641.12   0.685553   0.000219   0.000145 -114.460
  468748.05  5893640.84   0.684590   0.000201   0.000133 -114.451
  468747.42  5893640.56   0.683635   0.000184   0.000122 -114.443
  468746.80  5893640.28   0.682688   0.000166   0.000110 -114.436
  468746.18  5893639.99   0.681749   0.000146   0.000096 -114.429
  468745.56  5893639.71   0.680815   0.000125   0.000082 -114.424
  468744.94  5893639.43   0.679889   0.000113   0.000074 -114.419
  468744.32  5893639.15   0.678975   0.000107   0.000069 -114.415
  468743.70  5893638.87   0.678073   0.000100   0.000065 -114.410
  468743.09  5893638.59   0.677183   0.000094   0.000061 -114.406
  468742.47  5893638.31   0.676305   0.000087   0.000057 -114.403
  468741.85  5893638.03   0.675439   0.000081   0.000052 -114.399
  468741.24  5893637.75   0.674584   0.000075   0.000048 -114.396
  468740.63  5893637.47   0.673742   0.000068   0.000044 -114.393
  468740.01  5893637.20   0.672911   0.000061   0.000039 -114.391
  468739.40  5893636.92   0.672092   0.000055   0.000035 -114.388
  468738.79  5893636.64   0.671286   0.000048   0.000031 -114.386
  468738.18  5893636.36   0.670491   0.000041   0.000026 -114.384
  468737.57  5893636.09   0.669708   0.000035   0.000022 -114.383
  468736.96  5893635.81   0.668936   0.000028   0.000018 -114.382
  468736.35  5893635.53   0.668177   0.000021   0.000013 -114.381
  468735.74  5893635.26   0.667430   0.000014   0.000009 -114.380
  468735.13  5893634.98   0.666694   0.000007   0.000004 -114.379
  468734.53  5893634.71   0.665971   0.000000   0.000000 -114.379
  468733.92  5893634.43   0.665259   0.000007   0.000004 -114.379
  468733.31  5893634.16   0.664559   0.000014   0.000009 -114.379
  468732.71  5893633.88   0.663871   0.000021   0.000013 -114.380
  468732.10  5893633.61   0.663195   0.000028   0.000018 -114.381
  468731.50  5893633.34   0.662531   0.000035   0.000022 -114.382
  468730.90  5893633.06   0.661879   0.000043   0.000026 -114.383
  468730.29  5893632.79   0.661239   0.000050   0.000031 -114.385
  468729.69  5893632.52   0.660610   0.000057   0.000035 -114.386
  468729.09  5893632.25   0.659993   0.000064   0.000040 -114.389
  468728.49  5893631.97   0.659389   0.000072   0.000044 -114.391
  468727.89  5893631.70   0.658796   0.000079   0.000048 -114.394
  468727.29  5893631.43   0.658215   0.000086   0.000053 -114.397
  468726.69  5893631.16   0.657646   0.000094   0.000057 -114.400
  468726.09  5893630.89   0.657089   0.000101   0.000062 -114.404
  468725.49  5893630.61   0.656544   0.000109   0.000066 -114.407
  468724.90  5893630.34   0.656011   0.000116   0.000071 -114.411
  468724.30  5893630.07   0.655489   0.000124   0.000075 -114.416
  468723.70  5893629.80   0.654980   0.000131   0.000079 -114.420
  468723.11  5893629.53   0.654482   0.000139   0.000084 -114.425
  468722.51  5893629.26   0.653996   0.000146   0.000088 -114.431
  468721.92  5893628.99   0.653523   0.000154   0.000093 -114.436
  468721.32  5893628.72   0.653061   0.000161   0.000097 -114.442
  468720.73  5893628.45   0.652611   0.000169   0.000102 -114.448
  468720.13  5893628.18   0.652173   0.000176   0.000106 -114.454
  468719.54  5893627.91   0.651746   0.000184   0.000111 -114.461
  468718.95  5893627.64   0.651332   0.000192   0.000115 -114.468
  468718.35  5893627.37   0.650930   0.000199   0.000119 -114.475
  468717.76  5893627.10   0.650539   0.000207   0.000124 -114.482
  468717.17  5893626.83   0.650161   0.000215   0.000128 -114.490
  468716.58  5893626.56   0.649794   0.000222   0.000133 -114.498
  468715.99  5893626.29   0.649439   0.000230   0.000137 -114.506
  468715.40  5893626.02   0.649096   0.000238   0.000142 -114.515
  468714.81  5893625.75   0.648765   0.000245   0.000146 -114.524
  468714.22  5893625.48   0.648446   0.000253   0.000150 -114.533
  468713.63  5893625.21   0.648139   0.000261   0.000155 -114.542
  468713.04  5893624.94   0.647844   0.000268   0.000159 -114.552
  468712.45  5893624.67   0.647561   0.000276   0.000164 -114.562
  468711.86  5893624.41   0.647290   0.000284   0.000168 -114.572
  468711.27  5893624.14   0.647030   0.000291   0.000172 -114.582
  468710.68  5893623.87   0.646783   0.000299   0.000177 -114.593
  468710.09  5893623.60   0.646547   0.000306   0.000181 -114.604
  468709.51  5893623.33   0.646324   0.000314   0.000186 -114.616
  468708.92  5893623.06   0.646112   0.000322   0.000190 -114.627
  468708.33  5893622.79   0.645912   0.000329   0.000194 -114.639
  468707.75  5893622.52   0.645724   0.000337   0.000199 -114.651
  468707.16  5893622.25   0.645548   0.000344   0.000203 -114.664
  468706.57  5893621.98   0.645385   0.000352   0.000207 -114.677
  468705.99  5893621.71   0.645233   0.000360   0.000212 -114.690
  468705.40  5893621.44   0.645092   0.000367   0.000216 -114.703
  468704.81  5893621.17   0.644964   0.000375   0.000220 -114.716
  468704.23  5893620.90   0.644848   0.000382   0.000225 -114.730
  468703.64  5893620.63   0.644744   0.000390   0.000229 -114.744
  468703.06  5893620.36   0.644652   0.000397   0.000233 -114.759
  468702.47  5893620.09   0.644571   0.000404   0.000238 -114.773
  468701.89  5893619.82   0.644503   0.000412   0.000242 -114.788
  468701.30  5893619.55   0.644447   0.000419   0.000246 -114.804
  468700.72  5893619.28   0.644402   0.000427   0.000250 -114.819
  468700.13  5893619.01   0.644370   0.000434   0.000255 -114.835
  468699.55  5893618.74   0.644349   0.000441   0.000259 -114.851
  468698.96  5893618.47   0.644341   0.000448   0.000263 -114.867
  468698.38  5893618.20   0.644344   0.000456   0.000267 -114.884
  468697.79  5893617.93   0.644360   0.000463   0.000272 -114.900
  468697.21  5893617.66   0.644387   0.000470   0.000276 -114.918
  468696.62  5893617.38   0.644426   0.000477   0.000280 -114.935
  468696.04  5893617.11   0.644478   0.000484   0.000284 -114.953
  468695.46  5893616.84   0.644541   0.000491   0.000289 -114.970
  468694.87  5893616.57   0.644616   0.000498   0.000293 -114.989
  468694.29  5893616.30   0.644704   0.000505   0.000297 -115.007
  468693.70  5893616.02   0.644803   0.000512   0.000301 -115.026
  468693.12  5893615.75   0.644914   0.000519   0.000305 -115.045
  468692.54  5893615.48   0.645038   0.000526   0.000309 -115.064
  468691.95  5893615.20   0.645173   0.000532   0.000313 -115.083
  468691.37  5893614.93   0.645320   0.000539   0.000317 -115.103
  468690.78  5893614.66   0.645480   0.000546   0.000322 -115.123
  468690.20  5893614.38   0.645651   0.000552   0.000326 -115.143
  468689.61  5893614.11   0.645834   0.000559   0.000330 -115.163
  468689.03  5893613.83   0.646030   0.000565   0.000334 -115.184
  468688.44  5893613.56   0.646237   0.000572   0.000338 -115.205
  468687.86  5893613.28   0.646457   0.000578   0.000342 -115.226
  468687.27  5893613.00   0.646688   0.000585   0.000346 -115.248
  468686.69  5893612.73   0.646931   0.000597   0.000353 -115.269
  468686.10  5893612.45   0.647197   0.000608   0.000360 -115.291
  468685.52  5893612.18   0.647475   0.000603   0.000358 -115.314
  468684.93  5893611.90   0.647744   0.000587   0.000349 -115.336
  468684.35  5893611.62   0.648005   0.000572   0.000339 -115.358
  468683.76  5893611.34   0.648257   0.000556   0.000330 -115.380
  468683.18  5893611.07   0.648499   0.000540   0.000321 -115.400
  468682.59  5893610.79   0.648734   0.000524   0.000312 -115.420
  468682.01  5893610.51   0.648959   0.000508   0.000303 -115.440
  468681.42  5893610.23   0.649176   0.000493   0.000294 -115.459
  468680.83  5893609.95   0.649383   0.000477   0.000285 -115.477
  468680.25  5893609.67   0.649582   0.000462   0.000275 -115.495
  468679.66  5893609.39   0.649772   0.000446   0.000266 -115.512
  468679.07  5893609.11   0.649954   0.000431   0.000257 -115.528
  468678.49  5893608.83   0.650126   0.000415   0.000248 -115.544
  468677.90  5893608.55   0.650290   0.000400   0.000239 -115.560
  468677.31  5893608.27   0.650445   0.000385   0.000230 -115.575
  468676.73  5893607.99   0.650591   0.000369   0.000221 -115.589
  468676.14  5893607.71   0.650728   0.000354   0.000212 -115.603
  468675.55  5893607.43   0.650857   0.000339   0.000203 -115.616
  468674.97  5893607.14   0.650976   0.000324   0.000194 -115.629
  468674.38  5893606.86   0.651087   0.000307   0.000184 -115.641
  468673.79  5893606.58   0.651186   0.000291   0.000175 -115.652
  468673.21  5893606.30   0.651276   0.000278   0.000167 -115.663
  468672.62  5893606.02   0.651363   0.000268   0.000161 -115.674
  468672.03  5893605.73   0.651447   0.000258   0.000155 -115.684
  468671.45  5893605.45   0.651527   0.000247   0.000148 -115.693
  468670.86  5893605.17   0.651604   0.000237   0.000142 -115.702
  468670.27  5893604.89   0.651678   0.000226   0.000136 -115.711
  468669.68  5893604.60   0.651749   0.000216   0.000130 -115.720
  468669.10  5893604.32   0.651816   0.000206   0.000124 -115.728
  468668.51  5893604.04   0.651880   0.000195   0.000117 -115.735
  468667.92  5893603.75   0.651941   0.000185   0.000111 -115.743
  468667.34  5893603.47   0.651998   0.000175   0.000105 -115.750
  468666.75  5893603.19   0.652053   0.000164   0.000099 -115.756
  468666.16  5893602.90   0.652104   0.000154   0.000093 -115.762
  468665.57  5893602.62   0.652151   0.000144   0.000086 -115.768
  468664.99  5893602.34   0.652196   0.000133   0.000080 -115.773
  468664.40  5893602.05   0.652237   0.000123   0.000074 -115.778
  468663.81  5893601.77   0.652274   0.000113   0.000068 -115.783
  468663.22  5893601.49   0.652309   0.000103   0.000062 -115.787
  468662.64  5893601.20   0.652340   0.000092   0.000056 -115.791
  468662.05  5893600.92   0.652368   0.000082   0.000049 -115.795
  468661.46  5893600.63   0.652393   0.000072   0.000043 -115.798
  468660.88  5893600.35   0.652414   0.000062   0.000037 -115.800
  468660.29  5893600.07   0.652432   0.000051   0.000031 -115.803
  468659.70  5893599.78   0.652447   0.000041   0.000025 -115.805
  468659.11  5893599.50   0.652459   0.000031   0.000019 -115.806
  468658.53  5893599.21   0.652467   0.000018   0.000011 -115.807
  468657.94  5893598.93   0.652470   0.000010   0.000006 -115.808
