  472241.00  5895633.49   0.944473   0.000005   0.000006    0.000
  472240.22  5895632.95   0.945846   0.000010   0.000012 -124.835
  472239.44  5895632.41   0.948584   0.000019   0.000024 -124.834
  472238.66  5895631.86   0.951307   0.000029   0.000037 -124.833
  472237.88  5895631.32   0.954015   0.000038   0.000049 -124.832
  472237.10  5895630.77   0.956707   0.000047   0.000061 -124.830
  472236.31  5895630.23   0.959384   0.000056   0.000073 -124.827
  472235.52  5895629.68   0.962047   0.000065   0.000085 -124.824
  472234.73  5895629.13   0.964694   0.000074   0.000097 -124.821
  472233.94  5895628.58   0.967325   0.000082   0.000109 -124.817
  472233.14  5895628.02   0.969942   0.000091   0.000121 -124.812
  472232.35  5895627.47   0.972543   0.000099   0.000133 -124.807
  472231.55  5895626.91   0.975130   0.000108   0.000145 -124.801
  472230.74  5895626.36   0.977701   0.000116   0.000156 -124.795
  472229.94  5895625.80   0.980257   0.000124   0.000168 -124.789
  472229.13  5895625.24   0.982798   0.000132   0.000180 -124.782
  472228.33  5895624.68   0.985323   0.000140   0.000192 -124.775
  472227.52  5895624.11   0.987834   0.000148   0.000204 -124.767
  472226.70  5895623.55   0.990329   0.000155   0.000215 -124.758
  472225.89  5895622.98   0.992809   0.000163   0.000227 -124.749
  472225.07  5895622.42   0.995274   0.000171   0.000239 -124.740
  472224.25  5895621.85   0.997724   0.000178   0.000251 -124.730
  472223.43  5895621.28   1.000159   0.000185   0.000262 -124.720
  472222.61  5895620.71   1.002578   0.000193   0.000274 -124.710
  472221.78  5895620.14   1.004983   0.000200   0.000285 -124.699
  472220.96  5895619.57   1.007372   0.000207   0.000297 -124.687
  472220.13  5895618.99   1.009747   0.000214   0.000309 -124.675
  472219.29  5895618.42   1.012106   0.000222   0.000322 -124.663
  472218.46  5895617.84   1.014448   0.000231   0.000335 -124.650
  472217.63  5895617.26   1.016775   0.000235   0.000343 -124.636
  472216.79  5895616.69   1.019091   0.000237   0.000348 -124.623
  472215.95  5895616.11   1.021395   0.000238   0.000352 -124.609
  472215.11  5895615.53   1.023686   0.000240   0.000356 -124.595
  472214.26  5895614.94   1.025967   0.000242   0.000360 -124.581
  472213.42  5895614.36   1.028235   0.000244   0.000364 -124.567
  472212.57  5895613.78   1.030492   0.000246   0.000369 -124.552
  472211.72  5895613.19   1.032736   0.000247   0.000373 -124.538
  472210.87  5895612.61   1.034969   0.000249   0.000377 -124.523
  472210.01  5895612.02   1.037191   0.000251   0.000381 -124.508
  472209.16  5895611.43   1.039400   0.000252   0.000386 -124.493
  472208.30  5895610.84   1.041598   0.000254   0.000390 -124.478
  472207.44  5895610.25   1.043784   0.000256   0.000394 -124.463
  472206.58  5895609.66   1.045958   0.000257   0.000398 -124.448
  472205.72  5895609.07   1.048121   0.000259   0.000403 -124.433
  472204.85  5895608.48   1.050272   0.000261   0.000407 -124.417
  472203.98  5895607.88   1.052411   0.000262   0.000411 -124.401
  472203.11  5895607.29   1.054538   0.000264   0.000415 -124.385
  472202.24  5895606.69   1.056653   0.000266   0.000420 -124.370
  472201.37  5895606.10   1.058757   0.000267   0.000424 -124.353
  472200.49  5895605.50   1.060849   0.000269   0.000428 -124.337
  472199.62  5895604.90   1.062930   0.000271   0.000432 -124.321
  472198.74  5895604.30   1.064998   0.000272   0.000437 -124.304
  472197.86  5895603.70   1.067055   0.000274   0.000441 -124.288
  472196.97  5895603.10   1.069100   0.000275   0.000445 -124.271
  472196.09  5895602.49   1.071134   0.000277   0.000449 -124.254
  472195.20  5895601.89   1.073155   0.000279   0.000454 -124.237
  472194.31  5895601.29   1.075165   0.000280   0.000458 -124.220
  472193.42  5895600.68   1.077163   0.000282   0.000462 -124.203
  472192.53  5895600.08   1.079150   0.000283   0.000466 -124.185
  472191.64  5895599.47   1.081125   0.000285   0.000471 -124.168
  472190.74  5895598.86   1.083088   0.000286   0.000475 -124.150
  472189.85  5895598.25   1.085039   0.000288   0.000479 -124.133
  472188.95  5895597.65   1.086979   0.000289   0.000484 -124.115
  472188.05  5895597.04   1.088907   0.000291   0.000488 -124.097
  472187.14  5895596.42   1.090823   0.000292   0.000492 -124.078
  472186.24  5895595.81   1.092728   0.000294   0.000497 -124.060
  472185.33  5895595.20   1.094621   0.000296   0.000501 -124.042
  472184.42  5895594.59   1.096502   0.000297   0.000505 -124.023
  472183.52  5895593.97   1.098371   0.000299   0.000509 -124.005
  472182.60  5895593.36   1.100229   0.000300   0.000514 -123.986
  472181.69  5895592.74   1.102075   0.000302   0.000518 -123.967
  472180.78  5895592.13   1.103911   0.000303   0.000522 -123.948
  472179.86  5895591.51   1.105734   0.000305   0.000527 -123.929
  472178.94  5895590.89   1.107545   0.000306   0.000531 -123.909
  472178.02  5895590.28   1.109342   0.000308   0.000536 -123.890
  472177.10  5895589.66   1.111127   0.000309   0.000540 -123.870
  472176.17  5895589.04   1.112899   0.000311   0.000544 -123.851
  472175.25  5895588.42   1.114658   0.000312   0.000549 -123.831
  472174.32  5895587.80   1.116405   0.000314   0.000553 -123.811
  472173.39  5895587.18   1.118138   0.000315   0.000558 -123.791
  472172.46  5895586.55   1.119859   0.000317   0.000562 -123.771
  472171.53  5895585.93   1.121567   0.000318   0.000566 -123.750
  472170.60  5895585.31   1.123262   0.000320   0.000571 -123.730
  472169.66  5895584.68   1.124944   0.000321   0.000575 -123.709
  472168.73  5895584.06   1.126613   0.000323   0.000580 -123.689
  472167.79  5895583.43   1.128270   0.000324   0.000584 -123.668
  472166.85  5895582.81   1.129913   0.000326   0.000589 -123.647
  472165.91  5895582.18   1.131544   0.000328   0.000593 -123.626
  472164.96  5895581.56   1.133162   0.000329   0.000598 -123.604
  472164.02  5895580.93   1.134768   0.000331   0.000602 -123.583
  472163.07  5895580.30   1.136360   0.000332   0.000607 -123.561
  472162.13  5895579.67   1.137940   0.000334   0.000611 -123.540
  472161.18  5895579.04   1.139507   0.000335   0.000616 -123.518
  472160.22  5895578.41   1.141061   0.000337   0.000620 -123.496
  472159.27  5895577.79   1.142602   0.000338   0.000625 -123.474
  472158.32  5895577.15   1.144131   0.000340   0.000629 -123.452
  472157.36  5895576.52   1.145646   0.000341   0.000634 -123.430
  472156.41  5895575.89   1.147149   0.000343   0.000638 -123.407
  472155.45  5895575.26   1.148640   0.000345   0.000643 -123.385
  472154.49  5895574.63   1.150117   0.000346   0.000647 -123.362
  472153.53  5895574.00   1.151582   0.000348   0.000652 -123.339
  472152.56  5895573.36   1.153034   0.000349   0.000657 -123.316
  472151.60  5895572.73   1.154473   0.000351   0.000661 -123.293
  472150.63  5895572.10   1.155899   0.000352   0.000666 -123.270
  472149.67  5895571.46   1.157313   0.000354   0.000670 -123.247
  472148.70  5895570.83   1.158714   0.000356   0.000675 -123.223
  472147.73  5895570.19   1.160102   0.000357   0.000680 -123.200
  472146.76  5895569.56   1.161477   0.000359   0.000684 -123.176
  472145.78  5895568.92   1.162840   0.000360   0.000689 -123.152
  472144.81  5895568.29   1.164190   0.000362   0.000694 -123.128
  472143.83  5895567.65   1.165528   0.000364   0.000698 -123.104
  472142.85  5895567.01   1.166852   0.000365   0.000703 -123.080
  472141.88  5895566.38   1.168164   0.000367   0.000708 -123.055
  472140.90  5895565.74   1.169463   0.000368   0.000713 -123.031
  472139.91  5895565.10   1.170749   0.000370   0.000717 -123.006
  472138.93  5895564.47   1.172023   0.000372   0.000722 -122.981
  472137.95  5895563.83   1.173284   0.000373   0.000727 -122.956
  472136.96  5895563.19   1.174533   0.000376   0.000733 -122.931
  472135.98  5895562.55   1.175765   0.000378   0.000739 -122.906
  472134.99  5895561.91   1.176985   0.000378   0.000741 -122.880
  472134.00  5895561.27   1.178198   0.000378   0.000742 -122.855
  472133.01  5895560.63   1.179405   0.000377   0.000742 -122.829
  472132.02  5895559.99   1.180605   0.000377   0.000743 -122.804
  472131.02  5895559.36   1.181798   0.000377   0.000744 -122.778
  472130.03  5895558.72   1.182985   0.000376   0.000744 -122.753
  472129.03  5895558.08   1.184165   0.000376   0.000745 -122.727
  472128.04  5895557.44   1.185338   0.000375   0.000746 -122.702
  472127.04  5895556.80   1.186504   0.000375   0.000746 -122.676
  472126.04  5895556.15   1.187664   0.000375   0.000747 -122.651
  472125.04  5895555.51   1.188817   0.000374   0.000748 -122.625
  472124.04  5895554.87   1.189963   0.000374   0.000749 -122.600
  472123.03  5895554.23   1.191103   0.000373   0.000749 -122.574
  472122.03  5895553.59   1.192236   0.000373   0.000750 -122.549
  472121.02  5895552.95   1.193363   0.000373   0.000751 -122.523
  472120.02  5895552.31   1.194482   0.000372   0.000751 -122.498
  472119.01  5895551.67   1.195595   0.000372   0.000752 -122.472
  472118.00  5895551.03   1.196702   0.000372   0.000754 -122.447
  472116.99  5895550.38   1.197798   0.000373   0.000756 -122.422
  472115.98  5895549.74   1.198888   0.000371   0.000754 -122.396
  472114.96  5895549.10   1.199978   0.000369   0.000750 -122.370
  472113.95  5895548.46   1.201066   0.000366   0.000747 -122.345
  472112.93  5895547.81   1.202153   0.000363   0.000743 -122.320
  472111.92  5895547.17   1.203239   0.000361   0.000739 -122.295
  472110.90  5895546.53   1.204323   0.000358   0.000735 -122.270
  472109.88  5895545.89   1.205407   0.000356   0.000731 -122.245
  472108.86  5895545.24   1.206490   0.000353   0.000727 -122.221
  472107.84  5895544.60   1.207572   0.000351   0.000723 -122.196
  472106.82  5895543.96   1.208652   0.000348   0.000719 -122.172
  472105.79  5895543.31   1.209732   0.000345   0.000715 -122.148
  472104.77  5895542.67   1.210810   0.000343   0.000711 -122.124
  472103.74  5895542.03   1.211888   0.000340   0.000707 -122.100
  472102.71  5895541.38   1.212964   0.000338   0.000703 -122.077
  472101.68  5895540.74   1.214039   0.000336   0.000699 -122.053
  472100.65  5895540.09   1.215114   0.000333   0.000695 -122.030
  472099.62  5895539.45   1.216187   0.000331   0.000692 -122.007
  472098.59  5895538.81   1.217258   0.000328   0.000688 -121.983
  472097.56  5895538.16   1.218329   0.000326   0.000684 -121.961
  472096.52  5895537.52   1.219399   0.000323   0.000680 -121.938
  472095.49  5895536.87   1.220468   0.000321   0.000676 -121.915
  472094.45  5895536.23   1.221535   0.000319   0.000672 -121.893
  472093.41  5895535.58   1.222602   0.000316   0.000668 -121.871
  472092.38  5895534.94   1.223667   0.000314   0.000664 -121.848
  472091.34  5895534.29   1.224731   0.000311   0.000661 -121.826
  472090.29  5895533.64   1.225794   0.000309   0.000657 -121.805
  472089.25  5895533.00   1.226856   0.000307   0.000653 -121.783
  472088.21  5895532.35   1.227917   0.000304   0.000649 -121.761
  472087.16  5895531.71   1.228977   0.000302   0.000645 -121.740
  472086.12  5895531.06   1.230035   0.000300   0.000641 -121.719
  472085.07  5895530.41   1.231092   0.000297   0.000638 -121.697
  472084.02  5895529.77   1.232149   0.000295   0.000634 -121.676
  472082.97  5895529.12   1.233204   0.000293   0.000630 -121.656
  472081.92  5895528.47   1.234258   0.000291   0.000626 -121.635
  472080.87  5895527.82   1.235311   0.000288   0.000622 -121.614
  472079.82  5895527.18   1.236362   0.000286   0.000619 -121.594
  472078.76  5895526.53   1.237413   0.000284   0.000615 -121.574
  472077.71  5895525.88   1.238462   0.000282   0.000611 -121.554
  472076.65  5895525.23   1.239510   0.000279   0.000607 -121.534
  472075.60  5895524.59   1.240557   0.000277   0.000603 -121.514
  472074.54  5895523.94   1.241603   0.000275   0.000600 -121.494
  472073.48  5895523.29   1.242648   0.000273   0.000596 -121.474
  472072.42  5895522.64   1.243691   0.000271   0.000592 -121.455
  472071.36  5895521.99   1.244734   0.000269   0.000588 -121.436
  472070.29  5895521.34   1.245775   0.000266   0.000585 -121.417
  472069.23  5895520.69   1.246815   0.000264   0.000581 -121.398
  472068.17  5895520.04   1.247854   0.000262   0.000577 -121.379
  472067.10  5895519.39   1.248891   0.000260   0.000573 -121.360
  472066.03  5895518.74   1.249928   0.000258   0.000570 -121.341
  472064.96  5895518.09   1.250963   0.000256   0.000566 -121.323
  472063.89  5895517.44   1.251997   0.000254   0.000562 -121.305
  472062.82  5895516.79   1.253030   0.000252   0.000559 -121.286
  472061.75  5895516.14   1.254061   0.000249   0.000555 -121.268
  472060.68  5895515.49   1.255092   0.000247   0.000551 -121.250
  472059.61  5895514.84   1.256121   0.000245   0.000547 -121.233
  472058.53  5895514.19   1.257149   0.000243   0.000544 -121.215
  472057.46  5895513.54   1.258176   0.000241   0.000540 -121.197
  472056.38  5895512.89   1.259201   0.000239   0.000536 -121.180
  472055.30  5895512.23   1.260226   0.000237   0.000533 -121.163
  472054.22  5895511.58   1.261249   0.000235   0.000529 -121.146
  472053.14  5895510.93   1.262271   0.000233   0.000525 -121.129
  472052.06  5895510.28   1.263292   0.000231   0.000522 -121.112
  472050.98  5895509.62   1.264311   0.000229   0.000518 -121.095
  472049.90  5895508.97   1.265329   0.000227   0.000514 -121.078
  472048.81  5895508.32   1.266347   0.000225   0.000511 -121.062
  472047.73  5895507.67   1.267362   0.000223   0.000507 -121.046
  472046.64  5895507.01   1.268377   0.000221   0.000503 -121.029
  472045.55  5895506.36   1.269390   0.000219   0.000500 -121.013
  472044.46  5895505.70   1.270402   0.000217   0.000496 -120.997
  472043.37  5895505.05   1.271413   0.000215   0.000492 -120.982
  472042.28  5895504.40   1.272423   0.000213   0.000489 -120.966
  472041.19  5895503.74   1.273431   0.000212   0.000485 -120.950
  472040.10  5895503.09   1.274439   0.000210   0.000481 -120.935
  472039.01  5895502.43   1.275445   0.000208   0.000478 -120.920
  472037.91  5895501.78   1.276449   0.000206   0.000474 -120.904
  472036.81  5895501.12   1.277453   0.000204   0.000471 -120.889
  472035.72  5895500.46   1.278455   0.000202   0.000467 -120.874
  472034.62  5895499.81   1.279456   0.000200   0.000463 -120.860
  472033.52  5895499.15   1.280455   0.000198   0.000460 -120.845
  472032.42  5895498.49   1.281454   0.000196   0.000456 -120.830
  472031.32  5895497.84   1.282451   0.000195   0.000453 -120.816
  472030.22  5895497.18   1.283447   0.000193   0.000449 -120.802
  472029.11  5895496.52   1.284441   0.000191   0.000445 -120.788
  472028.01  5895495.87   1.285435   0.000189   0.000442 -120.774
  472026.91  5895495.21   1.286427   0.000187   0.000438 -120.760
  472025.80  5895494.55   1.287418   0.000185   0.000435 -120.746
  472024.69  5895493.89   1.288407   0.000184   0.000431 -120.732
  472023.58  5895493.23   1.289396   0.000182   0.000428 -120.719
  472022.48  5895492.58   1.290383   0.000180   0.000424 -120.705
  472021.37  5895491.92   1.291368   0.000178   0.000420 -120.692
  472020.25  5895491.26   1.292353   0.000176   0.000417 -120.679
  472019.14  5895490.60   1.293336   0.000175   0.000413 -120.666
  472018.03  5895489.94   1.294318   0.000173   0.000410 -120.653
  472016.92  5895489.28   1.295298   0.000171   0.000406 -120.640
  472015.80  5895488.62   1.296278   0.000169   0.000403 -120.627
  472014.68  5895487.96   1.297256   0.000168   0.000399 -120.614
  472013.57  5895487.30   1.298232   0.000166   0.000396 -120.602
  472012.45  5895486.64   1.299208   0.000164   0.000392 -120.590
  472011.33  5895485.98   1.300182   0.000163   0.000389 -120.577
  472010.21  5895485.31   1.301155   0.000161   0.000385 -120.565
  472009.09  5895484.65   1.302127   0.000159   0.000382 -120.553
  472007.97  5895483.99   1.303097   0.000157   0.000378 -120.541
  472006.84  5895483.33   1.304066   0.000156   0.000375 -120.530
  472005.72  5895482.67   1.305033   0.000154   0.000371 -120.518
  472004.60  5895482.00   1.306000   0.000152   0.000367 -120.507
  472003.47  5895481.34   1.306965   0.000151   0.000364 -120.495
  472002.34  5895480.68   1.307929   0.000150   0.000362 -120.484
  472001.22  5895480.01   1.308891   0.000148   0.000360 -120.473
  472000.09  5895479.35   1.309851   0.000147   0.000358 -120.462
  471998.96  5895478.69   1.310810   0.000146   0.000355 -120.451
  471997.83  5895478.02   1.311767   0.000145   0.000353 -120.440
  471996.70  5895477.36   1.312722   0.000144   0.000351 -120.429
  471995.56  5895476.69   1.313676   0.000143   0.000349 -120.418
  471994.43  5895476.03   1.314628   0.000142   0.000347 -120.407
  471993.30  5895475.36   1.315579   0.000141   0.000345 -120.396
  471992.16  5895474.70   1.316528   0.000140   0.000343 -120.386
  471991.02  5895474.03   1.317475   0.000139   0.000341 -120.375
  471989.89  5895473.36   1.318420   0.000138   0.000338 -120.365
  471988.75  5895472.70   1.319364   0.000137   0.000336 -120.354
  471987.61  5895472.03   1.320306   0.000136   0.000334 -120.344
  471986.47  5895471.36   1.321247   0.000135   0.000332 -120.334
  471985.33  5895470.70   1.322186   0.000133   0.000330 -120.324
  471984.19  5895470.03   1.323123   0.000132   0.000328 -120.313
  471983.04  5895469.36   1.324059   0.000131   0.000326 -120.303
  471981.90  5895468.69   1.324993   0.000130   0.000324 -120.293
  471980.76  5895468.02   1.325925   0.000129   0.000322 -120.283
  471979.61  5895467.36   1.326856   0.000128   0.000320 -120.274
  471978.46  5895466.69   1.327785   0.000127   0.000317 -120.264
  471977.32  5895466.02   1.328712   0.000126   0.000315 -120.254
  471976.17  5895465.35   1.329638   0.000125   0.000313 -120.245
  471975.02  5895464.68   1.330562   0.000124   0.000311 -120.235
  471973.87  5895464.01   1.331485   0.000123   0.000309 -120.226
  471972.72  5895463.34   1.332405   0.000122   0.000307 -120.216
  471971.57  5895462.67   1.333325   0.000121   0.000305 -120.207
  471970.41  5895462.00   1.334242   0.000120   0.000303 -120.198
  471969.26  5895461.32   1.335158   0.000119   0.000301 -120.188
  471968.11  5895460.65   1.336072   0.000118   0.000299 -120.179
  471966.95  5895459.98   1.336984   0.000117   0.000297 -120.170
  471965.79  5895459.31   1.337895   0.000116   0.000295 -120.161
  471964.64  5895458.64   1.338804   0.000115   0.000293 -120.152
  471963.48  5895457.96   1.339712   0.000114   0.000291 -120.143
  471962.32  5895457.29   1.340618   0.000114   0.000288 -120.135
  471961.16  5895456.62   1.341522   0.000113   0.000286 -120.126
  471960.00  5895455.95   1.342424   0.000112   0.000284 -120.117
  471958.84  5895455.27   1.343325   0.000111   0.000282 -120.109
  471957.67  5895454.60   1.344224   0.000110   0.000280 -120.100
  471956.51  5895453.92   1.345122   0.000109   0.000278 -120.092
  471955.35  5895453.25   1.346018   0.000108   0.000276 -120.083
  471954.18  5895452.57   1.346912   0.000107   0.000274 -120.075
  471953.02  5895451.90   1.347804   0.000106   0.000272 -120.067
  471951.85  5895451.22   1.348695   0.000105   0.000270 -120.059
  471950.68  5895450.55   1.349584   0.000104   0.000268 -120.050
  471949.51  5895449.87   1.350472   0.000103   0.000266 -120.042
  471948.34  5895449.20   1.351357   0.000102   0.000264 -120.034
  471947.17  5895448.52   1.352242   0.000101   0.000262 -120.027
  471946.00  5895447.84   1.353124   0.000100   0.000260 -120.019
  471944.83  5895447.17   1.354005   0.000099   0.000258 -120.011
  471943.66  5895446.49   1.354884   0.000099   0.000256 -120.003
  471942.48  5895445.81   1.355761   0.000098   0.000254 -119.996
  471941.31  5895445.13   1.356637   0.000097   0.000252 -119.988
  471940.13  5895444.46   1.357511   0.000096   0.000250 -119.980
  471938.96  5895443.78   1.358384   0.000095   0.000248 -119.973
  471937.78  5895443.10   1.359254   0.000094   0.000246 -119.966
  471936.60  5895442.42   1.360123   0.000093   0.000244 -119.958
  471935.42  5895441.74   1.360991   0.000092   0.000242 -119.951
  471934.24  5895441.06   1.361856   0.000091   0.000240 -119.944
  471933.06  5895440.38   1.362720   0.000091   0.000238 -119.937
  471931.88  5895439.70   1.363583   0.000090   0.000236 -119.930
  471930.70  5895439.02   1.364443   0.000089   0.000234 -119.923
  471929.51  5895438.34   1.365302   0.000088   0.000232 -119.916
  471928.33  5895437.66   1.366160   0.000087   0.000230 -119.909
  471927.15  5895436.98   1.367015   0.000086   0.000228 -119.902
  471925.96  5895436.30   1.367869   0.000085   0.000226 -119.895
  471924.77  5895435.61   1.368722   0.000084   0.000224 -119.889
  471923.59  5895434.93   1.369572   0.000084   0.000222 -119.882
  471922.40  5895434.25   1.370421   0.000083   0.000220 -119.875
  471921.21  5895433.57   1.371268   0.000082   0.000218 -119.869
  471920.02  5895432.88   1.372114   0.000081   0.000216 -119.862
  471918.83  5895432.20   1.372958   0.000080   0.000214 -119.856
  471917.64  5895431.52   1.373800   0.000079   0.000212 -119.850
  471916.45  5895430.83   1.374640   0.000079   0.000210 -119.843
  471915.25  5895430.15   1.375479   0.000078   0.000208 -119.837
  471914.06  5895429.46   1.376316   0.000077   0.000206 -119.831
  471912.87  5895428.78   1.377151   0.000076   0.000204 -119.825
  471911.67  5895428.09   1.377985   0.000075   0.000202 -119.819
  471910.48  5895427.41   1.378817   0.000074   0.000200 -119.813
  471909.28  5895426.72   1.379648   0.000074   0.000198 -119.807
  471908.08  5895426.04   1.380476   0.000073   0.000196 -119.801
  471906.88  5895425.35   1.381303   0.000072   0.000194 -119.796
  471905.68  5895424.67   1.382128   0.000071   0.000192 -119.790
  471904.48  5895423.98   1.382952   0.000070   0.000190 -119.784
  471903.28  5895423.29   1.383774   0.000070   0.000188 -119.779
  471902.08  5895422.60   1.384594   0.000069   0.000186 -119.773
  471900.88  5895421.92   1.385413   0.000068   0.000184 -119.768
  471899.68  5895421.23   1.386229   0.000067   0.000182 -119.762
  471898.47  5895420.54   1.387045   0.000066   0.000181 -119.757
  471897.27  5895419.85   1.387858   0.000066   0.000179 -119.752
  471896.06  5895419.16   1.388670   0.000065   0.000177 -119.747
  471894.86  5895418.47   1.389480   0.000064   0.000175 -119.741
  471893.65  5895417.78   1.390288   0.000063   0.000173 -119.736
  471892.44  5895417.09   1.391095   0.000062   0.000171 -119.731
  471891.23  5895416.40   1.391900   0.000062   0.000169 -119.726
  471890.02  5895415.71   1.392703   0.000061   0.000167 -119.721
  471888.81  5895415.02   1.393505   0.000060   0.000165 -119.717
  471887.60  5895414.33   1.394305   0.000059   0.000163 -119.712
  471886.39  5895413.64   1.395103   0.000059   0.000161 -119.707
  471885.18  5895412.95   1.395899   0.000058   0.000159 -119.702
  471883.97  5895412.26   1.396694   0.000057   0.000157 -119.698
  471882.75  5895411.57   1.397487   0.000056   0.000155 -119.693
  471881.54  5895410.87   1.398278   0.000055   0.000153 -119.689
  471880.32  5895410.18   1.399068   0.000055   0.000151 -119.684
  471879.11  5895409.49   1.399856   0.000054   0.000150 -119.680
  471877.89  5895408.80   1.400643   0.000053   0.000148 -119.676
  471876.67  5895408.10   1.401427   0.000052   0.000146 -119.671
  471875.46  5895407.41   1.402210   0.000052   0.000144 -119.667
  471874.24  5895406.71   1.402991   0.000051   0.000142 -119.663
  471873.02  5895406.02   1.403771   0.000050   0.000140 -119.659
  471871.80  5895405.32   1.404549   0.000049   0.000138 -119.655
  471870.58  5895404.63   1.405325   0.000049   0.000136 -119.651
  471869.36  5895403.93   1.406099   0.000048   0.000134 -119.647
  471868.13  5895403.24   1.406872   0.000047   0.000132 -119.643
  471866.91  5895402.54   1.407643   0.000047   0.000130 -119.639
  471865.69  5895401.85   1.408412   0.000046   0.000128 -119.635
  471864.46  5895401.15   1.409180   0.000045   0.000127 -119.632
  471863.24  5895400.45   1.409946   0.000044   0.000125 -119.628
  471862.01  5895399.76   1.410710   0.000044   0.000123 -119.625
  471860.78  5895399.06   1.411472   0.000043   0.000121 -119.621
  471859.56  5895398.36   1.412233   0.000042   0.000119 -119.618
  471858.33  5895397.66   1.412992   0.000041   0.000117 -119.614
  471857.10  5895396.96   1.413750   0.000041   0.000115 -119.611
  471855.87  5895396.27   1.414505   0.000040   0.000113 -119.607
  471854.64  5895395.57   1.415259   0.000039   0.000111 -119.604
  471853.41  5895394.87   1.416012   0.000039   0.000109 -119.601
  471852.18  5895394.17   1.416762   0.000038   0.000108 -119.598
  471850.94  5895393.47   1.417511   0.000037   0.000106 -119.595
  471849.71  5895392.77   1.418258   0.000036   0.000104 -119.592
  471848.48  5895392.07   1.419004   0.000036   0.000102 -119.589
  471847.24  5895391.37   1.419748   0.000035   0.000100 -119.586
  471846.01  5895390.67   1.420490   0.000034   0.000098 -119.583
  471844.77  5895389.96   1.421230   0.000034   0.000096 -119.580
  471843.54  5895389.26   1.421969   0.000033   0.000094 -119.578
  471842.30  5895388.56   1.422706   0.000032   0.000092 -119.575
  471841.06  5895387.86   1.423441   0.000032   0.000091 -119.572
  471839.82  5895387.16   1.424175   0.000031   0.000089 -119.570
  471838.58  5895386.45   1.424906   0.000030   0.000087 -119.567
  471837.34  5895385.75   1.425637   0.000030   0.000085 -119.565
  471836.10  5895385.05   1.426365   0.000029   0.000083 -119.562
  471834.86  5895384.34   1.427092   0.000028   0.000081 -119.560
  471833.62  5895383.64   1.427817   0.000027   0.000079 -119.558
  471832.38  5895382.93   1.428540   0.000027   0.000077 -119.555
  471831.14  5895382.23   1.429262   0.000026   0.000075 -119.553
  471829.89  5895381.52   1.429982   0.000025   0.000074 -119.551
  471828.65  5895380.82   1.430700   0.000025   0.000072 -119.549
  471827.40  5895380.11   1.431416   0.000024   0.000070 -119.547
  471826.16  5895379.41   1.432131   0.000023   0.000068 -119.545
  471824.91  5895378.70   1.432844   0.000023   0.000066 -119.543
  471823.66  5895377.99   1.433555   0.000022   0.000064 -119.541
  471822.42  5895377.29   1.434265   0.000021   0.000062 -119.539
  471821.17  5895376.58   1.434973   0.000021   0.000061 -119.538
  471819.92  5895375.87   1.435679   0.000020   0.000059 -119.536
  471818.67  5895375.16   1.436384   0.000019   0.000057 -119.534
  471817.42  5895374.46   1.437087   0.000019   0.000055 -119.533
  471816.17  5895373.75   1.437788   0.000018   0.000053 -119.531
  471814.92  5895373.04   1.438487   0.000018   0.000051 -119.530
  471813.67  5895372.33   1.439185   0.000017   0.000049 -119.528
  471812.41  5895371.62   1.439881   0.000016   0.000048 -119.527
  471811.16  5895370.91   1.440575   0.000016   0.000046 -119.525
  471809.91  5895370.20   1.441268   0.000015   0.000044 -119.524
  471808.65  5895369.49   1.441959   0.000014   0.000042 -119.523
  471807.40  5895368.78   1.442648   0.000014   0.000040 -119.522
  471806.14  5895368.07   1.443335   0.000013   0.000038 -119.521
  471804.89  5895367.36   1.444021   0.000012   0.000036 -119.519
  471803.63  5895366.64   1.444705   0.000012   0.000035 -119.518
  471802.37  5895365.93   1.445387   0.000011   0.000033 -119.517
  471801.11  5895365.22   1.446068   0.000010   0.000031 -119.517
  471799.85  5895364.51   1.446747   0.000010   0.000029 -119.516
  471798.60  5895363.80   1.447424   0.000009   0.000027 -119.515
  471797.34  5895363.08   1.448100   0.000009   0.000025 -119.514
  471796.08  5895362.37   1.448773   0.000008   0.000023 -119.513
  471794.81  5895361.65   1.449445   0.000007   0.000022 -119.513
  471793.55  5895360.94   1.450116   0.000007   0.000020 -119.512
  471792.29  5895360.23   1.450784   0.000006   0.000018 -119.512
  471791.03  5895359.51   1.451451   0.000005   0.000016 -119.511
  471789.76  5895358.80   1.452117   0.000005   0.000014 -119.511
  471788.50  5895358.08   1.452780   0.000004   0.000012 -119.510
  471787.24  5895357.36   1.453442   0.000004   0.000011 -119.510
  471785.97  5895356.65   1.454102   0.000003   0.000009 -119.510
  471784.70  5895355.93   1.454760   0.000002   0.000007 -119.509
  471783.44  5895355.22   1.455417   0.000002   0.000005 -119.509
  471782.17  5895354.50   1.456072   0.000001   0.000003 -119.509
  471780.90  5895353.78   1.456725   0.000000   0.000001 -119.509
  471779.64  5895353.06   1.457377   0.000000   0.000000 -119.509
  471778.37  5895352.35   1.458027   0.000001   0.000002 -119.509
  471777.10  5895351.63   1.458675   0.000001   0.000004 -119.509
  471775.83  5895350.91   1.459321   0.000002   0.000006 -119.509
  471774.56  5895350.19   1.459966   0.000003   0.000008 -119.509
  471773.29  5895349.47   1.460609   0.000003   0.000010 -119.509
  471772.02  5895348.75   1.461250   0.000004   0.000011 -119.510
  471770.74  5895348.03   1.461890   0.000004   0.000013 -119.510
  471769.47  5895347.31   1.462528   0.000005   0.000015 -119.510
  471768.20  5895346.59   1.463164   0.000006   0.000017 -119.511
  471766.92  5895345.87   1.463798   0.000006   0.000019 -119.511
  471765.65  5895345.15   1.464431   0.000007   0.000021 -119.512
  471764.38  5895344.43   1.465062   0.000007   0.000022 -119.512
  471763.10  5895343.70   1.465692   0.000008   0.000024 -119.513
  471761.82  5895342.98   1.466319   0.000009   0.000026 -119.514
  471760.55  5895342.26   1.466945   0.000009   0.000028 -119.514
  471759.27  5895341.54   1.467569   0.000010   0.000030 -119.515
  471757.99  5895340.81   1.468192   0.000010   0.000032 -119.516
  471756.72  5895340.09   1.468813   0.000011   0.000033 -119.517
  471755.44  5895339.37   1.469432   0.000012   0.000036 -119.518
  471754.16  5895338.64   1.470050   0.000012   0.000038 -119.519
  471752.88  5895337.92   1.470666   0.000013   0.000039 -119.520
  471751.60  5895337.19   1.471279   0.000013   0.000039 -119.521
  471750.32  5895336.47   1.471889   0.000013   0.000039 -119.522
  471749.04  5895335.74   1.472496   0.000013   0.000039 -119.523
  471747.76  5895335.02   1.473100   0.000013   0.000039 -119.524
  471746.47  5895334.29   1.473701   0.000013   0.000039 -119.525
  471745.19  5895333.56   1.474298   0.000013   0.000039 -119.526
  471743.91  5895332.84   1.474893   0.000013   0.000039 -119.527
  471742.62  5895332.11   1.475484   0.000013   0.000039 -119.528
  471741.34  5895331.38   1.476072   0.000012   0.000038 -119.529
  471740.06  5895330.65   1.476657   0.000012   0.000038 -119.530
  471738.77  5895329.93   1.477238   0.000012   0.000038 -119.532
  471737.49  5895329.20   1.477817   0.000012   0.000038 -119.533
  471736.20  5895328.47   1.478392   0.000012   0.000038 -119.534
  471734.91  5895327.74   1.478965   0.000012   0.000038 -119.535
  471733.63  5895327.01   1.479534   0.000012   0.000038 -119.536
  471732.34  5895326.28   1.480098   0.000012   0.000038 -119.537
  471731.05  5895325.55   1.480660   0.000012   0.000038 -119.538
  471729.76  5895324.82   1.481221   0.000012   0.000039 -119.539
  471728.47  5895324.09   1.481781   0.000013   0.000039 -119.540
  471727.18  5895323.36   1.482342   0.000013   0.000040 -119.541
  471725.89  5895322.63   1.482901   0.000013   0.000040 -119.542
  471724.60  5895321.90   1.483461   0.000013   0.000040 -119.543
  471723.31  5895321.17   1.484020   0.000013   0.000041 -119.544
  471722.02  5895320.44   1.484579   0.000013   0.000041 -119.545
  471720.73  5895319.70   1.485137   0.000013   0.000042 -119.546
  471719.44  5895318.97   1.485695   0.000013   0.000042 -119.548
  471718.14  5895318.24   1.486252   0.000014   0.000042 -119.549
  471716.85  5895317.50   1.486809   0.000014   0.000043 -119.550
  471715.56  5895316.77   1.487366   0.000014   0.000043 -119.551
  471714.26  5895316.04   1.487922   0.000014   0.000044 -119.552
  471712.97  5895315.30   1.488478   0.000014   0.000044 -119.553
  471711.67  5895314.57   1.489034   0.000014   0.000044 -119.555
  471710.38  5895313.83   1.489589   0.000014   0.000045 -119.556
  471709.08  5895313.10   1.490144   0.000014   0.000045 -119.557
  471707.79  5895312.36   1.490698   0.000015   0.000046 -119.558
  471706.49  5895311.63   1.491252   0.000015   0.000046 -119.560
  471705.19  5895310.89   1.491805   0.000015   0.000047 -119.561
  471703.89  5895310.16   1.492358   0.000015   0.000048 -119.562
  471702.60  5895309.42   1.492912   0.000015   0.000048 -119.563
  471701.30  5895308.68   1.493465   0.000015   0.000048 -119.565
  471700.00  5895307.95   1.494016   0.000015   0.000046 -119.566
  471698.70  5895307.21   1.494565   0.000014   0.000044 -119.567
  471697.40  5895306.47   1.495113   0.000014   0.000043 -119.568
  471696.10  5895305.73   1.495659   0.000013   0.000041 -119.570
  471694.80  5895305.00   1.496203   0.000012   0.000039 -119.571
  471693.49  5895304.26   1.496745   0.000012   0.000038 -119.572
  471692.19  5895303.52   1.497286   0.000011   0.000036 -119.573
  471690.89  5895302.78   1.497824   0.000011   0.000034 -119.574
  471689.59  5895302.04   1.498361   0.000010   0.000032 -119.575
  471688.28  5895301.30   1.498896   0.000010   0.000031 -119.576
  471686.98  5895300.56   1.499430   0.000009   0.000029 -119.576
  471685.68  5895299.82   1.499961   0.000009   0.000027 -119.577
  471684.37  5895299.08   1.500491   0.000008   0.000026 -119.578
  471683.07  5895298.34   1.501019   0.000008   0.000024 -119.579
  471681.76  5895297.60   1.501545   0.000007   0.000022 -119.579
  471680.45  5895296.86   1.502069   0.000006   0.000020 -119.580
  471679.15  5895296.11   1.502592   0.000006   0.000019 -119.580
  471677.84  5895295.37   1.503113   0.000006   0.000019 -119.581
  471676.53  5895294.63   1.503631   0.000006   0.000019 -119.581
  471675.23  5895293.89   1.504147   0.000006   0.000019 -119.582
  471673.92  5895293.15   1.504662   0.000006   0.000018 -119.582
  471672.61  5895292.40   1.505174   0.000006   0.000018 -119.583
  471671.30  5895291.66   1.505684   0.000006   0.000018 -119.583
  471669.99  5895290.92   1.506192   0.000006   0.000018 -119.584
  471668.68  5895290.17   1.506698   0.000006   0.000018 -119.584
  471667.37  5895289.43   1.507201   0.000006   0.000018 -119.585
  471666.06  5895288.68   1.507703   0.000006   0.000018 -119.585
  471664.75  5895287.94   1.508203   0.000006   0.000018 -119.586
  471663.43  5895287.19   1.508700   0.000006   0.000018 -119.586
  471662.12  5895286.45   1.509195   0.000006   0.000018 -119.587
  471660.81  5895285.70   1.509689   0.000005   0.000018 -119.587
  471659.50  5895284.96   1.510180   0.000005   0.000018 -119.588
  471658.18  5895284.21   1.510669   0.000005   0.000017 -119.588
  471656.87  5895283.47   1.511156   0.000005   0.000017 -119.589
  471655.56  5895282.72   1.511641   0.000005   0.000017 -119.589
  471654.24  5895281.97   1.512123   0.000005   0.000017 -119.590
  471652.93  5895281.23   1.512604   0.000005   0.000017 -119.590
  471651.61  5895280.48   1.513082   0.000005   0.000017 -119.591
  471650.29  5895279.73   1.513559   0.000005   0.000017 -119.591
  471648.98  5895278.98   1.514033   0.000005   0.000017 -119.591
  471647.66  5895278.24   1.514505   0.000005   0.000017 -119.592
  471646.34  5895277.49   1.514976   0.000005   0.000017 -119.592
  471645.03  5895276.74   1.515444   0.000005   0.000017 -119.593
  471643.71  5895275.99   1.515909   0.000005   0.000017 -119.593
  471642.39  5895275.24   1.516373   0.000005   0.000016 -119.594
  471641.07  5895274.49   1.516835   0.000005   0.000016 -119.594
  471639.75  5895273.75   1.517295   0.000005   0.000016 -119.595
  471638.43  5895273.00   1.517752   0.000005   0.000016 -119.595
  471637.11  5895272.25   1.518208   0.000005   0.000016 -119.595
  471635.79  5895271.50   1.518661   0.000005   0.000016 -119.596
  471634.47  5895270.75   1.519112   0.000005   0.000016 -119.596
  471633.15  5895270.00   1.519561   0.000005   0.000016 -119.597
  471631.83  5895269.25   1.520008   0.000005   0.000016 -119.597
  471630.51  5895268.49   1.520453   0.000005   0.000016 -119.598
  471629.18  5895267.74   1.520896   0.000005   0.000016 -119.598
  471627.86  5895266.99   1.521337   0.000005   0.000016 -119.598
  471626.54  5895266.24   1.521775   0.000005   0.000016 -119.599
  471625.22  5895265.49   1.522212   0.000005   0.000015 -119.599
  471623.89  5895264.74   1.522646   0.000005   0.000015 -119.600
  471622.57  5895263.98   1.523078   0.000005   0.000015 -119.600
  471621.24  5895263.23   1.523509   0.000005   0.000015 -119.600
  471619.92  5895262.48   1.523937   0.000005   0.000015 -119.601
  471618.59  5895261.73   1.524363   0.000005   0.000015 -119.601
  471617.27  5895260.97   1.524787   0.000005   0.000015 -119.602
  471615.94  5895260.22   1.525208   0.000005   0.000015 -119.602
  471614.62  5895259.47   1.525628   0.000004   0.000015 -119.602
  471613.29  5895258.71   1.526046   0.000004   0.000015 -119.603
  471611.96  5895257.96   1.526461   0.000004   0.000015 -119.603
  471610.63  5895257.20   1.526874   0.000004   0.000015 -119.604
  471609.31  5895256.45   1.527286   0.000004   0.000014 -119.604
  471607.98  5895255.70   1.527695   0.000004   0.000014 -119.604
  471606.65  5895254.94   1.528102   0.000004   0.000014 -119.605
  471605.32  5895254.19   1.528507   0.000004   0.000014 -119.605
  471603.99  5895253.43   1.528910   0.000004   0.000014 -119.606
  471602.66  5895252.68   1.529311   0.000004   0.000014 -119.606
  471601.33  5895251.92   1.529709   0.000004   0.000014 -119.606
  471600.00  5895251.16   1.530106   0.000004   0.000014 -119.607
  471598.67  5895250.41   1.530500   0.000004   0.000014 -119.607
  471597.34  5895249.65   1.530893   0.000004   0.000014 -119.607
  471596.01  5895248.90   1.531283   0.000004   0.000014 -119.608
  471594.68  5895248.14   1.531671   0.000004   0.000014 -119.608
  471593.35  5895247.38   1.532057   0.000004   0.000013 -119.608
  471592.01  5895246.62   1.532441   0.000004   0.000013 -119.609
  471590.68  5895245.87   1.532823   0.000004   0.000013 -119.609
  471589.35  5895245.11   1.533203   0.000004   0.000013 -119.610
  471588.02  5895244.35   1.533580   0.000004   0.000013 -119.610
  471586.68  5895243.59   1.533956   0.000004   0.000013 -119.610
  471585.35  5895242.84   1.534329   0.000004   0.000013 -119.611
  471584.01  5895242.08   1.534701   0.000004   0.000013 -119.611
  471582.68  5895241.32   1.535070   0.000004   0.000013 -119.611
  471581.35  5895240.56   1.535437   0.000004   0.000013 -119.612
  471580.01  5895239.80   1.535802   0.000004   0.000013 -119.612
  471578.68  5895239.04   1.536165   0.000004   0.000013 -119.612
  471577.34  5895238.28   1.536526   0.000004   0.000013 -119.613
  471576.00  5895237.52   1.536885   0.000004   0.000012 -119.613
  471574.67  5895236.77   1.537241   0.000004   0.000012 -119.613
  471573.33  5895236.01   1.537596   0.000004   0.000012 -119.614
  471571.99  5895235.25   1.537948   0.000004   0.000012 -119.614
  471570.66  5895234.49   1.538299   0.000004   0.000012 -119.614
  471569.32  5895233.73   1.538647   0.000004   0.000012 -119.615
  471567.98  5895232.96   1.538993   0.000004   0.000012 -119.615
  471566.64  5895232.20   1.539337   0.000004   0.000012 -119.615
  471565.30  5895231.44   1.539679   0.000004   0.000012 -119.616
  471563.97  5895230.68   1.540019   0.000004   0.000012 -119.616
  471562.63  5895229.92   1.540357   0.000003   0.000012 -119.616
  471561.29  5895229.16   1.540692   0.000003   0.000012 -119.616
  471559.95  5895228.40   1.541026   0.000003   0.000012 -119.617
  471558.61  5895227.64   1.541357   0.000003   0.000011 -119.617
  471557.27  5895226.88   1.541686   0.000003   0.000011 -119.617
  471555.93  5895226.11   1.542014   0.000003   0.000011 -119.618
  471554.59  5895225.35   1.542339   0.000003   0.000011 -119.618
  471553.25  5895224.59   1.542662   0.000003   0.000011 -119.618
  471551.91  5895223.83   1.542983   0.000003   0.000011 -119.619
  471550.56  5895223.06   1.543301   0.000003   0.000011 -119.619
  471549.22  5895222.30   1.543618   0.000003   0.000011 -119.619
  471547.88  5895221.54   1.543933   0.000003   0.000011 -119.619
  471546.54  5895220.77   1.544245   0.000003   0.000011 -119.620
  471545.20  5895220.01   1.544556   0.000003   0.000011 -119.620
  471543.85  5895219.25   1.544864   0.000003   0.000011 -119.620
  471542.51  5895218.48   1.545170   0.000003   0.000010 -119.621
  471541.17  5895217.72   1.545474   0.000003   0.000010 -119.621
  471539.82  5895216.96   1.545776   0.000003   0.000010 -119.621
  471538.48  5895216.19   1.546076   0.000003   0.000010 -119.621
  471537.13  5895215.43   1.546374   0.000003   0.000010 -119.622
  471535.79  5895214.66   1.546670   0.000003   0.000010 -119.622
  471534.44  5895213.90   1.546963   0.000003   0.000010 -119.622
  471533.10  5895213.13   1.547255   0.000003   0.000010 -119.622
  471531.75  5895212.37   1.547544   0.000003   0.000010 -119.623
  471530.41  5895211.60   1.547831   0.000003   0.000010 -119.623
  471529.06  5895210.84   1.548117   0.000003   0.000010 -119.623
  471527.72  5895210.07   1.548400   0.000003   0.000010 -119.623
  471526.37  5895209.31   1.548681   0.000003   0.000010 -119.624
  471525.03  5895208.54   1.548960   0.000003   0.000009 -119.624
  471523.68  5895207.78   1.549236   0.000003   0.000009 -119.624
  471522.33  5895207.01   1.549511   0.000003   0.000009 -119.624
  471520.98  5895206.25   1.549784   0.000003   0.000009 -119.625
  471519.64  5895205.48   1.550054   0.000003   0.000009 -119.625
  471518.29  5895204.71   1.550322   0.000003   0.000009 -119.625
  471516.94  5895203.95   1.550589   0.000003   0.000009 -119.625
  471515.59  5895203.18   1.550853   0.000003   0.000009 -119.626
  471514.25  5895202.41   1.551115   0.000003   0.000009 -119.626
  471512.90  5895201.65   1.551375   0.000003   0.000009 -119.626
  471511.55  5895200.88   1.551633   0.000003   0.000009 -119.626
  471510.20  5895200.11   1.551888   0.000003   0.000009 -119.627
  471508.85  5895199.35   1.552142   0.000003   0.000009 -119.627
  471507.50  5895198.58   1.552394   0.000002   0.000008 -119.627
  471506.15  5895197.81   1.552643   0.000002   0.000008 -119.627
  471504.80  5895197.04   1.552891   0.000002   0.000008 -119.627
  471503.45  5895196.27   1.553136   0.000002   0.000008 -119.628
  471502.10  5895195.51   1.553379   0.000002   0.000008 -119.628
  471500.75  5895194.74   1.553620   0.000002   0.000008 -119.628
  471499.40  5895193.97   1.553859   0.000002   0.000008 -119.628
  471498.05  5895193.20   1.554096   0.000002   0.000008 -119.628
  471496.70  5895192.43   1.554330   0.000002   0.000008 -119.629
  471495.35  5895191.67   1.554563   0.000002   0.000008 -119.629
  471494.00  5895190.90   1.554794   0.000002   0.000008 -119.629
  471492.65  5895190.13   1.555022   0.000002   0.000008 -119.629
  471491.29  5895189.36   1.555248   0.000002   0.000008 -119.630
  471489.94  5895188.59   1.555473   0.000002   0.000007 -119.630
  471488.59  5895187.82   1.555695   0.000002   0.000007 -119.630
  471487.24  5895187.05   1.555915   0.000002   0.000007 -119.630
  471485.88  5895186.28   1.556133   0.000002   0.000007 -119.630
  471484.53  5895185.51   1.556349   0.000002   0.000007 -119.630
  471483.18  5895184.74   1.556562   0.000002   0.000007 -119.631
  471481.83  5895183.97   1.556774   0.000002   0.000007 -119.631
  471480.47  5895183.20   1.556983   0.000002   0.000007 -119.631
  471479.12  5895182.43   1.557191   0.000002   0.000007 -119.631
  471477.77  5895181.66   1.557396   0.000002   0.000007 -119.631
  471476.41  5895180.89   1.557599   0.000002   0.000007 -119.632
  471475.06  5895180.12   1.557801   0.000002   0.000007 -119.632
  471473.70  5895179.35   1.558000   0.000002   0.000007 -119.632
  471472.35  5895178.58   1.558196   0.000002   0.000006 -119.632
  471470.99  5895177.81   1.558391   0.000002   0.000006 -119.632
  471469.64  5895177.04   1.558584   0.000002   0.000006 -119.632
  471468.28  5895176.27   1.558775   0.000002   0.000006 -119.633
  471466.93  5895175.50   1.558963   0.000002   0.000006 -119.633
  471465.57  5895174.73   1.559150   0.000002   0.000006 -119.633
  471464.22  5895173.96   1.559334   0.000002   0.000006 -119.633
  471462.86  5895173.19   1.559516   0.000002   0.000006 -119.633
  471461.51  5895172.42   1.559696   0.000002   0.000006 -119.633
  471460.15  5895171.65   1.559874   0.000002   0.000006 -119.634
  471458.80  5895170.88   1.560050   0.000002   0.000006 -119.634
  471457.44  5895170.10   1.560224   0.000002   0.000006 -119.634
  471456.08  5895169.33   1.560395   0.000002   0.000006 -119.634
  471454.73  5895168.56   1.560565   0.000002   0.000006 -119.634
  471453.37  5895167.79   1.560733   0.000002   0.000005 -119.634
  471452.01  5895167.02   1.560898   0.000002   0.000005 -119.634
  471450.66  5895166.25   1.561061   0.000002   0.000005 -119.635
  471449.30  5895165.47   1.561222   0.000002   0.000005 -119.635
  471447.94  5895164.70   1.561382   0.000001   0.000005 -119.635
  471446.59  5895163.93   1.561538   0.000001   0.000005 -119.635
  471445.23  5895163.16   1.561693   0.000001   0.000005 -119.635
  471443.87  5895162.38   1.561846   0.000001   0.000005 -119.635
  471442.51  5895161.61   1.561997   0.000001   0.000005 -119.635
  471441.16  5895160.84   1.562145   0.000001   0.000005 -119.635
  471439.80  5895160.07   1.562292   0.000001   0.000005 -119.636
  471438.44  5895159.29   1.562436   0.000001   0.000005 -119.636
  471437.08  5895158.52   1.562578   0.000001   0.000005 -119.636
  471435.72  5895157.75   1.562719   0.000001   0.000004 -119.636
  471434.37  5895156.98   1.562857   0.000001   0.000004 -119.636
  471433.01  5895156.20   1.562993   0.000001   0.000004 -119.636
  471431.65  5895155.43   1.563127   0.000001   0.000004 -119.636
  471430.29  5895154.66   1.563258   0.000001   0.000004 -119.636
  471428.93  5895153.88   1.563388   0.000001   0.000004 -119.637
  471427.57  5895153.11   1.563516   0.000001   0.000004 -119.637
  471426.21  5895152.34   1.563641   0.000001   0.000004 -119.637
  471424.85  5895151.57   1.563764   0.000001   0.000004 -119.637
  471423.50  5895150.79   1.563886   0.000001   0.000004 -119.637
  471422.14  5895150.02   1.564005   0.000001   0.000004 -119.637
  471420.78  5895149.25   1.564122   0.000001   0.000004 -119.637
  471419.42  5895148.47   1.564237   0.000001   0.000004 -119.637
  471418.06  5895147.70   1.564350   0.000001   0.000003 -119.637
  471416.70  5895146.92   1.564460   0.000001   0.000003 -119.637
  471415.34  5895146.15   1.564569   0.000001   0.000003 -119.637
  471413.98  5895145.38   1.564676   0.000001   0.000003 -119.638
  471412.62  5895144.60   1.564780   0.000001   0.000003 -119.638
  471411.26  5895143.83   1.564882   0.000001   0.000003 -119.638
  471409.90  5895143.06   1.564983   0.000001   0.000003 -119.638
  471408.54  5895142.28   1.565081   0.000001   0.000003 -119.638
  471407.18  5895141.51   1.565177   0.000001   0.000003 -119.638
  471405.82  5895140.73   1.565271   0.000001   0.000003 -119.638
  471404.46  5895139.96   1.565362   0.000001   0.000003 -119.638
  471403.10  5895139.19   1.565452   0.000001   0.000003 -119.638
  471401.73  5895138.41   1.565540   0.000001   0.000003 -119.638
  471400.37  5895137.64   1.565625   0.000001   0.000002 -119.638
  471399.01  5895136.86   1.565709   0.000001   0.000002 -119.638
  471397.65  5895136.09   1.565790   0.000001   0.000002 -119.638
  471396.29  5895135.31   1.565869   0.000001   0.000002 -119.638
  471394.93  5895134.54   1.565946   0.000001   0.000002 -119.639
  471393.57  5895133.77   1.566021   0.000001   0.000002 -119.639
  471392.21  5895132.99   1.566094   0.000001   0.000002 -119.639
  471390.85  5895132.22   1.566165   0.000001   0.000002 -119.639
  471389.49  5895131.44   1.566234   0.000001   0.000002 -119.639
  471388.12  5895130.67   1.566300   0.000001   0.000002 -119.639
  471386.76  5895129.89   1.566365   0.000001   0.000002 -119.639
  471385.40  5895129.12   1.566427   0.000000   0.000002 -119.639
  471384.04  5895128.34   1.566488   0.000000   0.000002 -119.639
  471382.68  5895127.57   1.566546   0.000000   0.000002 -119.639
  471381.32  5895126.79   1.566602   0.000000   0.000001 -119.639
  471379.95  5895126.02   1.566656   0.000000   0.000001 -119.639
  471378.59  5895125.24   1.566708   0.000000   0.000001 -119.639
  471377.23  5895124.47   1.566758   0.000000   0.000001 -119.639
  471375.87  5895123.69   1.566805   0.000000   0.000001 -119.639
  471374.51  5895122.92   1.566851   0.000000   0.000001 -119.639
  471373.15  5895122.15   1.566894   0.000000   0.000001 -119.639
  471371.78  5895121.37   1.566936   0.000000   0.000001 -119.639
  471370.42  5895120.60   1.566975   0.000000   0.000001 -119.639
  471369.06  5895119.82   1.567012   0.000000   0.000001 -119.639
  471367.70  5895119.05   1.567047   0.000000   0.000001 -119.639
  471366.34  5895118.27   1.567080   0.000000   0.000001 -119.639
  471364.97  5895117.50   1.567111   0.000000   0.000001 -119.639
  471363.61  5895116.72   1.567140   0.000000   0.000000 -119.639
  471362.25  5895115.95   1.567167   0.000000   0.000000 -119.639
  471360.89  5895115.17   1.567191   0.000000   0.000000 -119.639
  471359.53  5895114.40   1.567213   0.000000   0.000000 -119.639
  471358.16  5895113.62   1.567233   0.000000   0.000000 -119.639
  471356.80  5895112.85   1.567252   0.000000   0.000000 -119.639
  471355.44  5895112.07   1.567269   0.000000   0.000000 -119.639
  471354.08  5895111.30   1.567286   0.000000   0.000000 -119.639
  471352.71  5895110.52   1.567301   0.000000   0.000000 -119.639
  471351.35  5895109.74   1.567315   0.000000   0.000000 -119.639
  471349.99  5895108.97   1.567327   0.000000   0.000000 -119.639
  471348.63  5895108.19   1.567339   0.000000   0.000000 -119.639
  471347.27  5895107.42   1.567349   0.000000   0.000000 -119.639
  471345.90  5895106.64   1.567358   0.000000   0.000000 -119.639
  471344.54  5895105.87   1.567366   0.000000   0.000000 -119.639
  471343.18  5895105.09   1.567373   0.000000   0.000000 -119.639
  471341.82  5895104.32   1.567378   0.000000   0.000000 -119.639
  471340.45  5895103.54   1.567382   0.000000   0.000000 -119.639
  471339.09  5895102.77   1.567385   0.000000   0.000000 -119.639
  471337.73  5895101.99   1.567387   0.000000   0.000000 -119.639
