  470001.00  5898233.50   0.216867   0.000001   0.000000    0.000
  470001.16  5898233.64   0.218351   0.000002   0.000000   48.537
  470001.33  5898233.79   0.221315   0.000004   0.000000   48.537
  470001.49  5898233.94   0.224274   0.000005   0.000000   48.537
  470001.66  5898234.09   0.227226   0.000007   0.000000   48.537
  470001.83  5898234.24   0.230172   0.000008   0.000001   48.537
  470002.01  5898234.39   0.233111   0.000009   0.000001   48.537
  470002.18  5898234.55   0.236044   0.000011   0.000001   48.537
  470002.36  5898234.70   0.238971   0.000012   0.000001   48.537
  470002.54  5898234.86   0.241892   0.000013   0.000001   48.537
  470002.72  5898235.02   0.244806   0.000014   0.000001   48.538
  470002.91  5898235.19   0.247714   0.000015   0.000001   48.538
  470003.10  5898235.35   0.250616   0.000016   0.000001   48.538
  470003.28  5898235.52   0.253512   0.000017   0.000002   48.538
  470003.48  5898235.69   0.256401   0.000017   0.000002   48.538
  470003.67  5898235.86   0.259284   0.000018   0.000002   48.539
  470003.86  5898236.03   0.262160   0.000019   0.000002   48.539
  470004.06  5898236.21   0.265031   0.000019   0.000002   48.539
  470004.26  5898236.38   0.267895   0.000020   0.000002   48.540
  470004.46  5898236.56   0.270753   0.000021   0.000002   48.540
  470004.67  5898236.74   0.273604   0.000021   0.000002   48.540
  470004.87  5898236.92   0.276449   0.000022   0.000002   48.541
  470005.08  5898237.11   0.279288   0.000022   0.000002   48.541
  470005.29  5898237.29   0.282121   0.000023   0.000003   48.541
  470005.50  5898237.48   0.284947   0.000023   0.000003   48.542
  470005.72  5898237.67   0.287767   0.000023   0.000003   48.542
  470005.94  5898237.86   0.290581   0.000024   0.000003   48.542
  470006.15  5898238.05   0.293388   0.000024   0.000003   48.543
  470006.38  5898238.25   0.296190   0.000025   0.000003   48.543
  470006.60  5898238.45   0.298985   0.000025   0.000003   48.544
  470006.82  5898238.65   0.301773   0.000025   0.000003   48.544
  470007.05  5898238.85   0.304556   0.000025   0.000003   48.544
  470007.28  5898239.05   0.307332   0.000026   0.000003   48.545
  470007.51  5898239.25   0.310101   0.000026   0.000004   48.545
  470007.75  5898239.46   0.312865   0.000026   0.000004   48.546
  470007.98  5898239.67   0.315622   0.000026   0.000004   48.546
  470008.22  5898239.88   0.318373   0.000027   0.000004   48.547
  470008.46  5898240.09   0.321118   0.000027   0.000004   48.547
  470008.70  5898240.30   0.323856   0.000027   0.000004   48.548
  470008.94  5898240.52   0.326588   0.000027   0.000004   48.548
  470009.19  5898240.73   0.329314   0.000027   0.000004   48.549
  470009.44  5898240.95   0.332033   0.000027   0.000004   48.549
  470009.69  5898241.17   0.334746   0.000028   0.000004   48.550
  470009.94  5898241.40   0.337453   0.000028   0.000004   48.550
  470010.19  5898241.62   0.340154   0.000028   0.000005   48.551
  470010.45  5898241.85   0.342848   0.000028   0.000005   48.551
  470010.71  5898242.08   0.345536   0.000028   0.000005   48.552
  470010.97  5898242.30   0.348218   0.000028   0.000005   48.552
  470011.23  5898242.54   0.350893   0.000028   0.000005   48.553
  470011.49  5898242.77   0.353562   0.000028   0.000005   48.554
  470011.76  5898243.00   0.356225   0.000028   0.000005   48.554
  470012.03  5898243.24   0.358882   0.000028   0.000005   48.555
  470012.30  5898243.48   0.361532   0.000029   0.000005   48.555
  470012.57  5898243.72   0.364176   0.000029   0.000005   48.556
  470012.84  5898243.96   0.366814   0.000029   0.000005   48.557
  470013.12  5898244.20   0.369445   0.000029   0.000006   48.557
  470013.40  5898244.45   0.372070   0.000029   0.000006   48.558
  470013.68  5898244.70   0.374689   0.000029   0.000006   48.558
  470013.96  5898244.95   0.377302   0.000029   0.000006   48.559
  470014.24  5898245.20   0.379908   0.000029   0.000006   48.560
  470014.53  5898245.45   0.382508   0.000029   0.000006   48.560
  470014.82  5898245.70   0.385102   0.000029   0.000006   48.561
  470015.11  5898245.96   0.387689   0.000029   0.000006   48.561
  470015.40  5898246.22   0.390270   0.000029   0.000006   48.562
  470015.69  5898246.48   0.392845   0.000029   0.000006   48.563
  470015.99  5898246.74   0.395414   0.000029   0.000006   48.563
  470016.28  5898247.00   0.397976   0.000029   0.000007   48.564
  470016.58  5898247.26   0.400532   0.000029   0.000007   48.565
  470016.88  5898247.53   0.403082   0.000029   0.000007   48.565
  470017.19  5898247.80   0.405625   0.000029   0.000007   48.566
  470017.49  5898248.07   0.408162   0.000029   0.000007   48.567
  470017.80  5898248.34   0.410693   0.000029   0.000007   48.567
  470018.11  5898248.61   0.413218   0.000029   0.000007   48.568
  470018.42  5898248.88   0.415736   0.000029   0.000007   48.569
  470018.73  5898249.16   0.418248   0.000029   0.000007   48.570
  470019.05  5898249.44   0.420754   0.000029   0.000007   48.570
  470019.36  5898249.72   0.423253   0.000029   0.000007   48.571
  470019.68  5898250.00   0.425746   0.000029   0.000007   48.572
  470020.00  5898250.28   0.428233   0.000029   0.000008   48.572
  470020.32  5898250.56   0.430714   0.000029   0.000008   48.573
  470020.65  5898250.85   0.433188   0.000029   0.000008   48.574
  470020.97  5898251.14   0.435656   0.000029   0.000008   48.574
  470021.30  5898251.43   0.438117   0.000029   0.000008   48.575
  470021.63  5898251.72   0.440573   0.000029   0.000008   48.576
  470021.96  5898252.01   0.443022   0.000029   0.000008   48.577
  470022.29  5898252.30   0.445465   0.000029   0.000008   48.577
  470022.63  5898252.60   0.447901   0.000029   0.000008   48.578
  470022.97  5898252.90   0.450332   0.000029   0.000008   48.579
  470023.30  5898253.19   0.452755   0.000029   0.000008   48.580
  470023.64  5898253.49   0.455173   0.000029   0.000009   48.580
  470023.99  5898253.80   0.457585   0.000029   0.000009   48.581
  470024.33  5898254.10   0.459990   0.000029   0.000009   48.582
  470024.68  5898254.41   0.462388   0.000029   0.000009   48.583
  470025.02  5898254.71   0.464781   0.000029   0.000009   48.583
  470025.37  5898255.02   0.467167   0.000029   0.000009   48.584
  470025.73  5898255.33   0.469547   0.000029   0.000009   48.585
  470026.08  5898255.64   0.471921   0.000029   0.000009   48.586
  470026.43  5898255.95   0.474288   0.000029   0.000009   48.587
  470026.79  5898256.27   0.476649   0.000029   0.000009   48.587
  470027.15  5898256.59   0.479004   0.000029   0.000009   48.588
  470027.51  5898256.90   0.481352   0.000029   0.000009   48.589
  470027.87  5898257.22   0.483695   0.000029   0.000010   48.590
  470028.23  5898257.54   0.486031   0.000029   0.000010   48.591
  470028.60  5898257.86   0.488360   0.000029   0.000010   48.591
  470028.97  5898258.19   0.490684   0.000029   0.000010   48.592
  470029.34  5898258.51   0.493001   0.000029   0.000010   48.593
  470029.71  5898258.84   0.495312   0.000029   0.000010   48.594
  470030.08  5898259.17   0.497616   0.000029   0.000010   48.595
  470030.45  5898259.50   0.499914   0.000029   0.000010   48.595
  470030.83  5898259.83   0.502206   0.000029   0.000010   48.596
  470031.21  5898260.16   0.504492   0.000029   0.000010   48.597
  470031.58  5898260.50   0.506771   0.000029   0.000010   48.598
  470031.97  5898260.83   0.509044   0.000029   0.000011   48.599
  470032.35  5898261.17   0.511311   0.000029   0.000011   48.600
  470032.73  5898261.51   0.513571   0.000029   0.000011   48.600
  470033.12  5898261.85   0.515826   0.000029   0.000011   48.601
  470033.51  5898262.19   0.518074   0.000029   0.000011   48.602
  470033.90  5898262.54   0.520315   0.000029   0.000011   48.603
  470034.29  5898262.88   0.522550   0.000029   0.000011   48.604
  470034.68  5898263.23   0.524780   0.000029   0.000011   48.605
  470035.07  5898263.57   0.527002   0.000029   0.000011   48.606
  470035.47  5898263.92   0.529219   0.000029   0.000011   48.606
  470035.87  5898264.27   0.531429   0.000029   0.000011   48.607
  470036.27  5898264.63   0.533633   0.000029   0.000012   48.608
  470036.67  5898264.98   0.535830   0.000029   0.000012   48.609
  470037.07  5898265.33   0.538022   0.000029   0.000012   48.610
  470037.48  5898265.69   0.540207   0.000029   0.000012   48.611
  470037.88  5898266.05   0.542386   0.000029   0.000012   48.612
  470038.29  5898266.41   0.544558   0.000028   0.000012   48.613
  470038.70  5898266.77   0.546724   0.000028   0.000012   48.613
  470039.11  5898267.13   0.548884   0.000028   0.000012   48.614
  470039.52  5898267.49   0.551038   0.000028   0.000012   48.615
  470039.94  5898267.86   0.553185   0.000028   0.000012   48.616
  470040.35  5898268.23   0.555326   0.000028   0.000012   48.617
  470040.77  5898268.59   0.557461   0.000028   0.000012   48.618
  470041.19  5898268.96   0.559589   0.000028   0.000013   48.619
  470041.61  5898269.33   0.561711   0.000028   0.000013   48.620
  470042.03  5898269.71   0.563827   0.000028   0.000013   48.621
  470042.46  5898270.08   0.565937   0.000028   0.000013   48.622
  470042.88  5898270.45   0.568040   0.000028   0.000013   48.623
  470043.31  5898270.83   0.570137   0.000028   0.000013   48.623
  470043.74  5898271.21   0.572228   0.000028   0.000013   48.624
  470044.17  5898271.59   0.574312   0.000028   0.000013   48.625
  470044.60  5898271.97   0.576391   0.000028   0.000013   48.626
  470045.03  5898272.35   0.578462   0.000028   0.000013   48.627
  470045.47  5898272.73   0.580528   0.000028   0.000013   48.628
  470045.90  5898273.12   0.582587   0.000028   0.000014   48.629
  470046.34  5898273.50   0.584640   0.000028   0.000014   48.630
  470046.78  5898273.89   0.586687   0.000028   0.000014   48.631
  470047.22  5898274.28   0.588727   0.000028   0.000014   48.632
  470047.67  5898274.67   0.590762   0.000028   0.000014   48.633
  470048.11  5898275.06   0.592789   0.000028   0.000014   48.634
  470048.56  5898275.45   0.594811   0.000028   0.000014   48.635
  470049.00  5898275.84   0.596826   0.000028   0.000014   48.636
  470049.45  5898276.24   0.598835   0.000028   0.000014   48.637
  470049.90  5898276.64   0.600838   0.000028   0.000014   48.638
  470050.35  5898277.03   0.602834   0.000028   0.000015   48.639
  470050.81  5898277.43   0.604825   0.000028   0.000015   48.640
  470051.26  5898277.83   0.606808   0.000028   0.000015   48.641
  470051.72  5898278.23   0.608786   0.000028   0.000015   48.642
  470052.18  5898278.64   0.610757   0.000028   0.000015   48.643
  470052.63  5898279.04   0.612722   0.000028   0.000015   48.644
  470053.10  5898279.45   0.614681   0.000028   0.000015   48.644
  470053.56  5898279.85   0.616633   0.000028   0.000015   48.645
  470054.02  5898280.26   0.618580   0.000028   0.000015   48.646
  470054.49  5898280.67   0.620519   0.000028   0.000015   48.647
  470054.95  5898281.08   0.622453   0.000028   0.000015   48.648
  470055.42  5898281.49   0.624380   0.000028   0.000016   48.649
  470055.89  5898281.91   0.626301   0.000028   0.000016   48.651
  470056.36  5898282.32   0.628216   0.000028   0.000016   48.652
  470056.83  5898282.74   0.630124   0.000028   0.000016   48.653
  470057.31  5898283.15   0.632026   0.000028   0.000016   48.654
  470057.78  5898283.57   0.633922   0.000028   0.000016   48.655
  470058.26  5898283.99   0.635812   0.000028   0.000016   48.656
  470058.74  5898284.41   0.637695   0.000028   0.000016   48.657
  470059.22  5898284.83   0.639572   0.000028   0.000016   48.658
  470059.70  5898285.26   0.641443   0.000028   0.000016   48.659
  470060.18  5898285.68   0.643307   0.000028   0.000016   48.660
  470060.66  5898286.11   0.645165   0.000028   0.000017   48.661
  470061.15  5898286.53   0.647017   0.000028   0.000017   48.662
  470061.63  5898286.96   0.648863   0.000028   0.000017   48.663
  470062.12  5898287.39   0.650702   0.000028   0.000017   48.664
  470062.61  5898287.82   0.652535   0.000028   0.000017   48.665
  470063.10  5898288.25   0.654361   0.000028   0.000017   48.666
  470063.59  5898288.69   0.656182   0.000028   0.000017   48.667
  470064.09  5898289.12   0.657996   0.000028   0.000017   48.668
  470064.58  5898289.55   0.659804   0.000028   0.000017   48.669
  470065.08  5898289.99   0.661605   0.000028   0.000017   48.670
  470065.58  5898290.43   0.663400   0.000028   0.000018   48.671
  470066.08  5898290.87   0.665189   0.000028   0.000018   48.672
  470066.58  5898291.31   0.666972   0.000028   0.000018   48.673
  470067.08  5898291.75   0.668748   0.000028   0.000018   48.675
  470067.58  5898292.19   0.670519   0.000028   0.000018   48.676
  470068.08  5898292.63   0.672284   0.000028   0.000018   48.677
  470068.59  5898293.08   0.674041   0.000028   0.000018   48.678
  470069.10  5898293.52   0.675790   0.000028   0.000018   48.679
  470069.60  5898293.97   0.677531   0.000028   0.000018   48.680
  470070.11  5898294.42   0.679265   0.000027   0.000018   48.681
  470070.63  5898294.87   0.680992   0.000027   0.000018   48.682
  470071.14  5898295.32   0.682711   0.000027   0.000018   48.683
  470071.65  5898295.77   0.684422   0.000027   0.000018   48.684
  470072.17  5898296.22   0.686125   0.000026   0.000018   48.685
  470072.68  5898296.67   0.687821   0.000026   0.000017   48.686
  470073.20  5898297.13   0.689510   0.000026   0.000017   48.687
  470073.72  5898297.58   0.691190   0.000026   0.000017   48.688
  470074.24  5898298.04   0.692864   0.000025   0.000017   48.689
  470074.76  5898298.50   0.694529   0.000025   0.000017   48.690
  470075.28  5898298.96   0.696187   0.000024   0.000017   48.691
  470075.80  5898299.42   0.697838   0.000024   0.000016   48.692
  470076.33  5898299.88   0.699481   0.000025   0.000017   48.693
  470076.85  5898300.34   0.701115   0.000027   0.000019   48.694
  470077.38  5898300.81   0.702742   0.000030   0.000021   48.695
  470077.91  5898301.27   0.704359   0.000032   0.000022   48.697
  470078.44  5898301.74   0.705969   0.000034   0.000024   48.698
  470078.97  5898302.20   0.707569   0.000037   0.000026   48.699
  470079.50  5898302.67   0.709162   0.000039   0.000028   48.701
  470080.04  5898303.14   0.710746   0.000041   0.000030   48.702
  470080.57  5898303.61   0.712321   0.000044   0.000031   48.704
  470081.11  5898304.08   0.713888   0.000046   0.000033   48.706
  470081.64  5898304.55   0.715447   0.000048   0.000035   48.708
  470082.18  5898305.02   0.716997   0.000050   0.000037   48.710
  470082.72  5898305.50   0.718539   0.000053   0.000038   48.712
  470083.26  5898305.97   0.720072   0.000055   0.000040   48.714
  470083.80  5898306.45   0.721596   0.000060   0.000044   48.716
  470084.35  5898306.92   0.723111   0.000064   0.000048   48.718
  470084.89  5898307.40   0.724618   0.000061   0.000045   48.721
  470085.44  5898307.88   0.726119   0.000053   0.000039   48.724
  470085.98  5898308.36   0.727614   0.000045   0.000033   48.726
  470086.53  5898308.84   0.729103   0.000036   0.000027   48.728
  470087.08  5898309.32   0.730586   0.000028   0.000021   48.729
  470087.63  5898309.80   0.732063   0.000020   0.000015   48.731
  470088.18  5898310.29   0.733535   0.000013   0.000010   48.732
  470088.73  5898310.77   0.735000   0.000005   0.000004   48.732
  470089.28  5898311.26   0.736460   0.000003   0.000002   48.732
  470089.84  5898311.74   0.737914   0.000011   0.000008   48.732
  470090.39  5898312.23   0.739362   0.000018   0.000014   48.732
  470090.95  5898312.72   0.740805   0.000026   0.000020   48.731
  470091.51  5898313.21   0.742241   0.000033   0.000026   48.730
  470092.06  5898313.70   0.743672   0.000041   0.000032   48.728
  470092.62  5898314.19   0.745097   0.000048   0.000038   48.727
  470093.18  5898314.68   0.746516   0.000055   0.000044   48.725
  470093.75  5898315.17   0.747929   0.000062   0.000049   48.722
  470094.31  5898315.67   0.749336   0.000070   0.000055   48.720
  470094.87  5898316.16   0.750737   0.000077   0.000061   48.717
  470095.44  5898316.66   0.752133   0.000084   0.000067   48.713
  470096.00  5898317.15   0.753523   0.000090   0.000073   48.710
  470096.57  5898317.65   0.754907   0.000097   0.000078   48.706
  470097.14  5898318.15   0.756285   0.000104   0.000084   48.702
  470097.71  5898318.65   0.757657   0.000111   0.000090   48.697
  470098.28  5898319.15   0.759024   0.000118   0.000096   48.692
  470098.85  5898319.65   0.760384   0.000124   0.000102   48.687
  470099.42  5898320.15   0.761739   0.000131   0.000107   48.682
  470099.99  5898320.66   0.763088   0.000137   0.000113   48.676
  470100.56  5898321.16   0.764431   0.000144   0.000119   48.670
  470101.14  5898321.67   0.765769   0.000150   0.000124   48.664
  470101.71  5898322.17   0.767100   0.000156   0.000130   48.657
  470102.29  5898322.68   0.768426   0.000163   0.000136   48.650
  470102.87  5898323.19   0.769746   0.000169   0.000142   48.643
  470103.45  5898323.70   0.771060   0.000175   0.000147   48.636
  470104.02  5898324.21   0.772368   0.000181   0.000153   48.628
  470104.60  5898324.72   0.773670   0.000187   0.000159   48.620
  470105.19  5898325.23   0.774967   0.000194   0.000164   48.612
  470105.77  5898325.74   0.776258   0.000200   0.000170   48.603
  470106.35  5898326.26   0.777543   0.000205   0.000176   48.594
  470106.93  5898326.77   0.778822   0.000211   0.000181   48.585
  470107.52  5898327.29   0.780095   0.000217   0.000187   48.576
  470108.10  5898327.80   0.781363   0.000223   0.000193   48.566
  470108.69  5898328.32   0.782624   0.000229   0.000198   48.556
  470109.28  5898328.84   0.783880   0.000235   0.000204   48.546
  470109.86  5898329.36   0.785130   0.000240   0.000210   48.535
  470110.45  5898329.88   0.786375   0.000246   0.000215   48.524
  470111.04  5898330.40   0.787613   0.000252   0.000221   48.513
  470111.63  5898330.92   0.788846   0.000257   0.000226   48.502
  470112.22  5898331.45   0.790073   0.000263   0.000232   48.490
  470112.82  5898331.97   0.791294   0.000268   0.000238   48.478
  470113.41  5898332.50   0.792510   0.000274   0.000243   48.466
  470114.00  5898333.02   0.793719   0.000279   0.000249   48.454
  470114.60  5898333.55   0.794923   0.000285   0.000254   48.441
  470115.19  5898334.08   0.796121   0.000290   0.000260   48.428
  470115.79  5898334.61   0.797313   0.000295   0.000266   48.415
  470116.39  5898335.14   0.798500   0.000301   0.000271   48.401
  470116.98  5898335.67   0.799681   0.000306   0.000277   48.387
  470117.58  5898336.20   0.800856   0.000311   0.000282   48.373
  470118.18  5898336.73   0.802025   0.000316   0.000288   48.359
  470118.78  5898337.26   0.803188   0.000322   0.000293   48.345
  470119.38  5898337.80   0.804346   0.000327   0.000299   48.330
  470119.98  5898338.33   0.805498   0.000332   0.000305   48.315
  470120.58  5898338.87   0.806644   0.000337   0.000310   48.299
  470121.19  5898339.41   0.807785   0.000342   0.000316   48.284
  470121.79  5898339.95   0.808919   0.000347   0.000321   48.268
  470122.39  5898340.48   0.810048   0.000352   0.000327   48.252
  470123.00  5898341.02   0.811172   0.000357   0.000332   48.236
  470123.60  5898341.57   0.812289   0.000362   0.000338   48.219
  470124.21  5898342.11   0.813401   0.000367   0.000343   48.202
  470124.81  5898342.65   0.814507   0.000372   0.000349   48.185
  470125.42  5898343.19   0.815607   0.000377   0.000354   48.168
  470126.03  5898343.74   0.816702   0.000382   0.000360   48.150
  470126.64  5898344.28   0.817791   0.000386   0.000365   48.132
  470127.25  5898344.83   0.818874   0.000391   0.000371   48.114
  470127.86  5898345.38   0.819951   0.000396   0.000377   48.096
  470128.47  5898345.93   0.821023   0.000401   0.000382   48.077
  470129.08  5898346.47   0.822089   0.000406   0.000388   48.058
  470129.69  5898347.02   0.823150   0.000410   0.000393   48.039
  470130.30  5898347.58   0.824204   0.000415   0.000399   48.020
  470130.92  5898348.13   0.825253   0.000420   0.000404   48.000
  470131.53  5898348.68   0.826297   0.000424   0.000410   47.980
  470132.14  5898349.23   0.827334   0.000429   0.000415   47.960
  470132.76  5898349.79   0.828366   0.000434   0.000421   47.940
  470133.37  5898350.34   0.829392   0.000438   0.000426   47.919
  470133.99  5898350.90   0.830413   0.000443   0.000432   47.899
  470134.61  5898351.46   0.831428   0.000447   0.000437   47.878
  470135.22  5898352.02   0.832437   0.000452   0.000443   47.856
  470135.84  5898352.57   0.833441   0.000456   0.000448   47.835
  470136.46  5898353.13   0.834439   0.000461   0.000454   47.813
  470137.08  5898353.70   0.835431   0.000465   0.000459   47.791
  470137.70  5898354.26   0.836418   0.000470   0.000465   47.769
  470138.31  5898354.82   0.837399   0.000474   0.000470   47.746
  470138.93  5898355.38   0.838374   0.000479   0.000476   47.723
  470139.56  5898355.95   0.839344   0.000483   0.000481   47.700
  470140.18  5898356.51   0.840308   0.000488   0.000487   47.677
  470140.80  5898357.08   0.841267   0.000492   0.000493   47.654
  470141.42  5898357.65   0.842220   0.000496   0.000498   47.630
  470142.04  5898358.22   0.843167   0.000501   0.000504   47.606
  470142.66  5898358.78   0.844109   0.000505   0.000509   47.582
  470143.29  5898359.35   0.845045   0.000510   0.000515   47.557
  470143.91  5898359.93   0.845975   0.000514   0.000520   47.533
  470144.54  5898360.50   0.846900   0.000518   0.000526   47.508
  470145.16  5898361.07   0.847820   0.000523   0.000531   47.483
  470145.79  5898361.64   0.848733   0.000527   0.000537   47.457
  470146.41  5898362.22   0.849642   0.000531   0.000542   47.432
  470147.04  5898362.79   0.850544   0.000535   0.000548   47.406
  470147.66  5898363.37   0.851441   0.000540   0.000553   47.380
  470148.29  5898363.95   0.852333   0.000544   0.000559   47.353
  470148.92  5898364.52   0.853219   0.000548   0.000564   47.327
  470149.54  5898365.10   0.854099   0.000553   0.000570   47.300
  470150.17  5898365.68   0.854974   0.000557   0.000576   47.273
  470150.80  5898366.26   0.855843   0.000561   0.000581   47.246
  470151.43  5898366.85   0.856707   0.000565   0.000587   47.218
  470152.06  5898367.43   0.857565   0.000569   0.000592   47.190
  470152.69  5898368.01   0.858418   0.000574   0.000598   47.162
  470153.32  5898368.60   0.859265   0.000578   0.000603   47.134
  470153.95  5898369.18   0.860107   0.000582   0.000609   47.106
  470154.58  5898369.77   0.860943   0.000586   0.000614   47.077
  470155.21  5898370.35   0.861774   0.000590   0.000620   47.048
  470155.84  5898370.94   0.862599   0.000596   0.000627   47.019
  470156.47  5898371.53   0.863418   0.000602   0.000635   46.990
  470157.10  5898372.12   0.864232   0.000603   0.000637   46.960
  470157.73  5898372.71   0.865041   0.000600   0.000635   46.930
  470158.36  5898373.30   0.865847   0.000597   0.000633   46.900
  470158.99  5898373.89   0.866648   0.000595   0.000632   46.870
  470159.63  5898374.49   0.867445   0.000592   0.000630   46.841
  470160.26  5898375.08   0.868238   0.000589   0.000628   46.811
  470160.89  5898375.68   0.869027   0.000587   0.000626   46.782
  470161.53  5898376.27   0.869812   0.000584   0.000625   46.753
  470162.16  5898376.87   0.870593   0.000581   0.000623   46.724
  470162.79  5898377.47   0.871370   0.000579   0.000621   46.695
  470163.43  5898378.06   0.872142   0.000576   0.000620   46.666
  470164.06  5898378.66   0.872910   0.000574   0.000618   46.637
  470164.70  5898379.26   0.873675   0.000571   0.000616   46.609
  470165.33  5898379.86   0.874435   0.000568   0.000615   46.580
  470165.97  5898380.47   0.875191   0.000566   0.000613   46.551
  470166.60  5898381.07   0.875943   0.000563   0.000611   46.523
  470167.24  5898381.67   0.876690   0.000561   0.000610   46.495
  470167.87  5898382.28   0.877434   0.000559   0.000608   46.467
  470168.51  5898382.88   0.878174   0.000556   0.000607   46.439
  470169.15  5898383.49   0.878909   0.000554   0.000605   46.411
  470169.78  5898384.09   0.879640   0.000551   0.000603   46.383
  470170.42  5898384.70   0.880367   0.000549   0.000602   46.355
  470171.06  5898385.31   0.881090   0.000547   0.000600   46.327
  470171.69  5898385.92   0.881809   0.000544   0.000599   46.300
  470172.33  5898386.53   0.882524   0.000542   0.000597   46.272
  470172.97  5898387.14   0.883234   0.000540   0.000595   46.245
  470173.61  5898387.75   0.883940   0.000537   0.000594   46.217
  470174.24  5898388.36   0.884643   0.000535   0.000592   46.190
  470174.88  5898388.97   0.885341   0.000533   0.000591   46.163
  470175.52  5898389.59   0.886035   0.000531   0.000589   46.136
  470176.16  5898390.20   0.886724   0.000529   0.000588   46.109
  470176.80  5898390.82   0.887410   0.000526   0.000586   46.082
  470177.44  5898391.43   0.888091   0.000524   0.000585   46.055
  470178.08  5898392.05   0.888769   0.000522   0.000583   46.029
  470178.72  5898392.67   0.889442   0.000520   0.000582   46.002
  470179.36  5898393.29   0.890111   0.000518   0.000580   45.976
  470180.00  5898393.91   0.890776   0.000516   0.000579   45.949
  470180.64  5898394.53   0.891436   0.000514   0.000577   45.923
  470181.28  5898395.15   0.892093   0.000512   0.000576   45.897
  470181.92  5898395.77   0.892745   0.000510   0.000574   45.870
  470182.56  5898396.39   0.893393   0.000508   0.000573   45.844
  470183.20  5898397.01   0.894037   0.000506   0.000571   45.818
  470183.84  5898397.64   0.894677   0.000504   0.000570   45.793
  470184.48  5898398.26   0.895313   0.000502   0.000569   45.767
  470185.12  5898398.89   0.895944   0.000500   0.000567   45.741
  470185.77  5898399.51   0.896571   0.000498   0.000566   45.715
  470186.41  5898400.14   0.897194   0.000496   0.000564   45.690
  470187.05  5898400.76   0.897813   0.000494   0.000563   45.664
  470187.69  5898401.39   0.898428   0.000492   0.000562   45.639
  470188.33  5898402.02   0.899039   0.000490   0.000560   45.614
  470188.98  5898402.65   0.899645   0.000488   0.000559   45.588
  470189.62  5898403.28   0.900247   0.000486   0.000557   45.563
  470190.26  5898403.91   0.900845   0.000484   0.000556   45.538
  470190.90  5898404.54   0.901439   0.000483   0.000555   45.513
  470191.55  5898405.18   0.902029   0.000481   0.000553   45.488
  470192.19  5898405.81   0.902614   0.000479   0.000552   45.463
  470192.83  5898406.44   0.903196   0.000477   0.000551   45.439
  470193.48  5898407.08   0.903773   0.000475   0.000549   45.414
  470194.12  5898407.71   0.904346   0.000474   0.000548   45.389
  470194.76  5898408.35   0.904914   0.000472   0.000547   45.365
  470195.41  5898408.98   0.905479   0.000470   0.000545   45.340
  470196.05  5898409.62   0.906039   0.000469   0.000544   45.316
  470196.70  5898410.26   0.906595   0.000467   0.000543   45.291
  470197.34  5898410.90   0.907147   0.000465   0.000541   45.267
  470197.99  5898411.53   0.907695   0.000463   0.000540   45.243
  470198.63  5898412.17   0.908238   0.000462   0.000539   45.219
  470199.27  5898412.81   0.908778   0.000460   0.000537   45.195
  470199.92  5898413.45   0.909313   0.000459   0.000536   45.171
  470200.56  5898414.10   0.909844   0.000457   0.000535   45.147
  470201.21  5898414.74   0.910371   0.000455   0.000534   45.123
  470201.85  5898415.38   0.910893   0.000454   0.000532   45.100
  470202.50  5898416.02   0.911411   0.000452   0.000531   45.076
  470203.14  5898416.67   0.911925   0.000451   0.000530   45.052
  470203.79  5898417.31   0.912435   0.000449   0.000529   45.029
  470204.43  5898417.96   0.912941   0.000447   0.000527   45.005
  470205.08  5898418.60   0.913443   0.000446   0.000526   44.982
  470205.73  5898419.25   0.913940   0.000444   0.000525   44.958
  470206.37  5898419.90   0.914433   0.000443   0.000524   44.935
  470207.02  5898420.55   0.914922   0.000441   0.000522   44.912
  470207.66  5898421.19   0.915406   0.000440   0.000521   44.889
  470208.31  5898421.84   0.915887   0.000438   0.000520   44.866
  470208.96  5898422.49   0.916363   0.000437   0.000519   44.843
  470209.60  5898423.14   0.916835   0.000435   0.000518   44.820
  470210.25  5898423.79   0.917303   0.000434   0.000516   44.797
  470210.89  5898424.45   0.917766   0.000433   0.000515   44.774
  470211.54  5898425.10   0.918226   0.000431   0.000514   44.751
  470212.19  5898425.75   0.918681   0.000430   0.000513   44.729
  470212.83  5898426.40   0.919132   0.000428   0.000512   44.706
  470213.48  5898427.06   0.919578   0.000427   0.000511   44.684
  470214.13  5898427.71   0.920021   0.000426   0.000509   44.661
  470214.77  5898428.37   0.920459   0.000424   0.000508   44.639
  470215.42  5898429.02   0.920893   0.000423   0.000507   44.616
  470216.07  5898429.68   0.921323   0.000422   0.000506   44.594
  470216.71  5898430.33   0.921748   0.000420   0.000505   44.572
  470217.36  5898430.99   0.922169   0.000419   0.000504   44.550
  470218.01  5898431.65   0.922586   0.000418   0.000503   44.527
  470218.65  5898432.31   0.922999   0.000416   0.000502   44.505
  470219.30  5898432.96   0.923408   0.000415   0.000500   44.483
  470219.95  5898433.62   0.923812   0.000414   0.000499   44.461
  470220.59  5898434.28   0.924212   0.000412   0.000498   44.439
  470221.24  5898434.94   0.924608   0.000411   0.000497   44.418
  470221.89  5898435.60   0.925000   0.000410   0.000496   44.396
  470222.53  5898436.27   0.925387   0.000409   0.000495   44.374
  470223.18  5898436.93   0.925771   0.000407   0.000494   44.352
  470223.83  5898437.59   0.926149   0.000406   0.000493   44.331
  470224.48  5898438.25   0.926524   0.000405   0.000492   44.309
  470225.12  5898438.92   0.926895   0.000404   0.000491   44.288
  470225.77  5898439.58   0.927261   0.000403   0.000490   44.266
  470226.42  5898440.24   0.927623   0.000401   0.000488   44.245
  470227.06  5898440.91   0.927981   0.000400   0.000487   44.224
  470227.71  5898441.58   0.928334   0.000399   0.000486   44.202
  470228.36  5898442.24   0.928683   0.000398   0.000486   44.181
  470229.01  5898442.91   0.929028   0.000398   0.000485   44.160
  470229.65  5898443.57   0.929368   0.000396   0.000483   44.139
  470230.30  5898444.24   0.929705   0.000393   0.000480   44.118
  470230.95  5898444.91   0.930039   0.000390   0.000477   44.097
  470231.59  5898445.58   0.930371   0.000387   0.000474   44.076
  470232.24  5898446.25   0.930699   0.000385   0.000471   44.055
  470232.89  5898446.92   0.931025   0.000382   0.000468   44.035
  470233.54  5898447.59   0.931347   0.000379   0.000465   44.014
  470234.18  5898448.26   0.931667   0.000377   0.000462   43.994
  470234.83  5898448.93   0.931984   0.000374   0.000459   43.974
  470235.48  5898449.60   0.932298   0.000371   0.000456   43.954
  470236.12  5898450.27   0.932609   0.000369   0.000453   43.934
  470236.77  5898450.94   0.932917   0.000366   0.000451   43.915
  470237.42  5898451.61   0.933222   0.000363   0.000448   43.895
  470238.06  5898452.29   0.933525   0.000361   0.000445   43.876
  470238.71  5898452.96   0.933824   0.000358   0.000442   43.856
  470239.36  5898453.63   0.934120   0.000356   0.000439   43.837
  470240.00  5898454.31   0.934414   0.000353   0.000436   43.818
  470240.65  5898454.98   0.934704   0.000350   0.000433   43.799
  470241.30  5898455.66   0.934992   0.000348   0.000430   43.780
  470241.94  5898456.33   0.935277   0.000345   0.000427   43.762
  470242.59  5898457.01   0.935559   0.000343   0.000424   43.743
  470243.24  5898457.68   0.935837   0.000340   0.000421   43.725
  470243.89  5898458.36   0.936113   0.000337   0.000418   43.707
  470244.53  5898459.04   0.936386   0.000335   0.000415   43.689
  470245.18  5898459.71   0.936656   0.000332   0.000412   43.671
  470245.83  5898460.39   0.936923   0.000330   0.000410   43.653
  470246.47  5898461.07   0.937187   0.000327   0.000407   43.635
  470247.12  5898461.75   0.937448   0.000325   0.000404   43.617
  470247.76  5898462.43   0.937707   0.000322   0.000401   43.600
  470248.41  5898463.11   0.937962   0.000320   0.000398   43.583
  470249.06  5898463.79   0.938214   0.000317   0.000395   43.565
  470249.70  5898464.47   0.938464   0.000315   0.000392   43.548
  470250.35  5898465.15   0.938710   0.000312   0.000389   43.532
  470251.00  5898465.83   0.938953   0.000310   0.000386   43.515
  470251.64  5898466.51   0.939194   0.000307   0.000384   43.498
  470252.29  5898467.19   0.939431   0.000305   0.000381   43.481
  470252.94  5898467.87   0.939666   0.000303   0.000378   43.465
  470253.58  5898468.56   0.939897   0.000300   0.000375   43.449
  470254.23  5898469.24   0.940126   0.000298   0.000372   43.433
  470254.88  5898469.92   0.940351   0.000295   0.000369   43.417
  470255.52  5898470.60   0.940574   0.000293   0.000366   43.401
  470256.17  5898471.29   0.940794   0.000290   0.000363   43.385
  470256.81  5898471.97   0.941010   0.000288   0.000361   43.369
  470257.46  5898472.66   0.941224   0.000286   0.000358   43.354
  470258.11  5898473.34   0.941435   0.000283   0.000355   43.338
  470258.75  5898474.03   0.941643   0.000281   0.000352   43.323
  470259.40  5898474.71   0.941847   0.000278   0.000349   43.308
  470260.04  5898475.40   0.942049   0.000276   0.000346   43.293
  470260.69  5898476.08   0.942248   0.000274   0.000344   43.278
  470261.34  5898476.77   0.942444   0.000271   0.000341   43.263
  470261.98  5898477.46   0.942636   0.000269   0.000338   43.249
  470262.63  5898478.14   0.942826   0.000267   0.000335   43.234
  470263.27  5898478.83   0.943013   0.000264   0.000332   43.220
  470263.92  5898479.52   0.943197   0.000262   0.000329   43.205
  470264.56  5898480.20   0.943378   0.000260   0.000327   43.191
  470265.21  5898480.89   0.943556   0.000257   0.000324   43.177
  470265.86  5898481.58   0.943730   0.000255   0.000321   43.163
  470266.50  5898482.27   0.943902   0.000253   0.000318   43.150
  470267.15  5898482.96   0.944071   0.000250   0.000315   43.136
  470267.79  5898483.65   0.944237   0.000248   0.000313   43.122
  470268.44  5898484.34   0.944400   0.000246   0.000310   43.109
  470269.08  5898485.03   0.944559   0.000243   0.000307   43.096
  470269.73  5898485.72   0.944716   0.000241   0.000304   43.082
  470270.37  5898486.41   0.944870   0.000239   0.000301   43.069
  470271.02  5898487.10   0.945021   0.000236   0.000299   43.056
  470271.66  5898487.79   0.945169   0.000234   0.000296   43.044
  470272.31  5898488.48   0.945313   0.000232   0.000293   43.031
  470272.95  5898489.17   0.945455   0.000230   0.000290   43.018
  470273.60  5898489.86   0.945594   0.000227   0.000287   43.006
  470274.24  5898490.55   0.945730   0.000225   0.000285   42.994
  470274.89  5898491.25   0.945862   0.000223   0.000282   42.982
  470275.53  5898491.94   0.945992   0.000221   0.000279   42.969
  470276.18  5898492.63   0.946119   0.000218   0.000276   42.957
  470276.82  5898493.32   0.946242   0.000216   0.000274   42.946
  470277.47  5898494.02   0.946363   0.000214   0.000271   42.934
  470278.11  5898494.71   0.946481   0.000212   0.000268   42.922
  470278.75  5898495.40   0.946595   0.000209   0.000265   42.911
  470279.40  5898496.10   0.946707   0.000207   0.000262   42.900
  470280.04  5898496.79   0.946815   0.000205   0.000260   42.888
  470280.69  5898497.48   0.946921   0.000203   0.000257   42.877
  470281.33  5898498.18   0.947023   0.000200   0.000254   42.866
  470281.98  5898498.87   0.947123   0.000198   0.000251   42.855
  470282.62  5898499.57   0.947219   0.000196   0.000249   42.845
  470283.26  5898500.26   0.947312   0.000194   0.000246   42.834
  470283.91  5898500.95   0.947403   0.000192   0.000243   42.823
  470284.55  5898501.65   0.947490   0.000189   0.000240   42.813
  470285.20  5898502.35   0.947574   0.000187   0.000238   42.803
  470285.84  5898503.04   0.947655   0.000185   0.000235   42.793
  470286.48  5898503.74   0.947734   0.000183   0.000232   42.782
  470287.13  5898504.43   0.947809   0.000181   0.000229   42.773
  470287.77  5898505.13   0.947881   0.000178   0.000227   42.763
  470288.41  5898505.82   0.947950   0.000176   0.000224   42.753
  470289.06  5898506.52   0.948016   0.000174   0.000221   42.743
  470289.70  5898507.22   0.948079   0.000172   0.000219   42.734
  470290.34  5898507.91   0.948139   0.000170   0.000216   42.725
  470290.99  5898508.61   0.948196   0.000168   0.000213   42.715
  470291.63  5898509.31   0.948250   0.000165   0.000210   42.706
  470292.27  5898510.00   0.948300   0.000163   0.000208   42.697
  470292.92  5898510.70   0.948348   0.000161   0.000205   42.689
  470293.56  5898511.40   0.948393   0.000159   0.000202   42.680
  470294.20  5898512.09   0.948435   0.000157   0.000199   42.671
  470294.85  5898512.79   0.948473   0.000155   0.000197   42.663
  470295.49  5898513.49   0.948509   0.000152   0.000194   42.654
  470296.13  5898514.19   0.948541   0.000150   0.000191   42.646
  470296.77  5898514.89   0.948571   0.000148   0.000189   42.638
  470297.42  5898515.58   0.948597   0.000146   0.000186   42.630
  470298.06  5898516.28   0.948620   0.000144   0.000183   42.622
  470298.70  5898516.98   0.948641   0.000142   0.000180   42.614
  470299.34  5898517.68   0.948658   0.000140   0.000178   42.606
  470299.98  5898518.38   0.948672   0.000137   0.000175   42.599
  470300.63  5898519.07   0.948683   0.000135   0.000172   42.591
  470301.27  5898519.77   0.948691   0.000133   0.000170   42.584
  470301.91  5898520.47   0.948696   0.000131   0.000167   42.577
  470302.55  5898521.17   0.948698   0.000129   0.000164   42.569
  470303.19  5898521.87   0.948697   0.000127   0.000161   42.562
  470303.84  5898522.57   0.948693   0.000125   0.000159   42.556
  470304.48  5898523.27   0.948686   0.000123   0.000156   42.549
  470305.12  5898523.97   0.948675   0.000120   0.000153   42.542
  470305.76  5898524.66   0.948662   0.000118   0.000151   42.536
  470306.40  5898525.36   0.948646   0.000116   0.000148   42.529
  470307.04  5898526.06   0.948626   0.000114   0.000145   42.523
  470307.68  5898526.76   0.948604   0.000112   0.000143   42.517
  470308.32  5898527.46   0.948578   0.000110   0.000140   42.511
  470308.96  5898528.16   0.948549   0.000108   0.000137   42.505
  470309.61  5898528.86   0.948517   0.000106   0.000134   42.499
  470310.25  5898529.56   0.948483   0.000104   0.000132   42.493
  470310.89  5898530.26   0.948445   0.000101   0.000129   42.487
  470311.53  5898530.96   0.948404   0.000099   0.000126   42.482
  470312.17  5898531.66   0.948360   0.000097   0.000124   42.476
  470312.81  5898532.36   0.948313   0.000095   0.000121   42.471
  470313.45  5898533.06   0.948262   0.000093   0.000118   42.466
  470314.09  5898533.76   0.948209   0.000091   0.000116   42.461
  470314.73  5898534.46   0.948153   0.000089   0.000113   42.456
  470315.37  5898535.16   0.948094   0.000087   0.000110   42.451
  470316.01  5898535.86   0.948031   0.000085   0.000107   42.446
  470316.65  5898536.55   0.947966   0.000082   0.000105   42.442
  470317.29  5898537.25   0.947897   0.000080   0.000102   42.437
  470317.93  5898537.95   0.947825   0.000078   0.000099   42.433
  470318.57  5898538.65   0.947751   0.000076   0.000097   42.429
  470319.21  5898539.35   0.947673   0.000074   0.000094   42.425
  470319.85  5898540.05   0.947592   0.000072   0.000091   42.421
  470320.48  5898540.75   0.947508   0.000070   0.000089   42.417
  470321.12  5898541.45   0.947421   0.000068   0.000086   42.413
  470321.76  5898542.15   0.947331   0.000066   0.000083   42.409
  470322.40  5898542.85   0.947237   0.000064   0.000081   42.406
  470323.04  5898543.55   0.947141   0.000061   0.000078   42.402
  470323.68  5898544.25   0.947042   0.000059   0.000075   42.399
  470324.32  5898544.95   0.946939   0.000057   0.000073   42.396
  470324.96  5898545.65   0.946834   0.000055   0.000070   42.393
  470325.59  5898546.35   0.946725   0.000053   0.000067   42.390
  470326.23  5898547.05   0.946614   0.000051   0.000064   42.387
  470326.87  5898547.75   0.946499   0.000049   0.000062   42.384
  470327.51  5898548.44   0.946381   0.000047   0.000059   42.381
  470328.15  5898549.14   0.946260   0.000045   0.000056   42.379
  470328.78  5898549.84   0.946136   0.000042   0.000054   42.376
  470329.42  5898550.54   0.946009   0.000040   0.000051   42.374
  470330.06  5898551.24   0.945879   0.000038   0.000048   42.372
  470330.70  5898551.94   0.945746   0.000036   0.000046   42.370
  470331.33  5898552.64   0.945609   0.000034   0.000043   42.368
  470331.97  5898553.34   0.945470   0.000032   0.000040   42.366
  470332.61  5898554.04   0.945328   0.000030   0.000038   42.364
  470333.24  5898554.73   0.945182   0.000028   0.000035   42.363
  470333.88  5898555.43   0.945033   0.000026   0.000032   42.361
  470334.52  5898556.13   0.944882   0.000023   0.000030   42.360
  470335.15  5898556.83   0.944727   0.000021   0.000027   42.359
  470335.79  5898557.53   0.944569   0.000019   0.000024   42.357
  470336.43  5898558.22   0.944408   0.000017   0.000022   42.356
  470337.06  5898558.92   0.944244   0.000015   0.000019   42.355
  470337.70  5898559.62   0.944077   0.000013   0.000016   42.355
  470338.34  5898560.32   0.943907   0.000011   0.000013   42.354
  470338.97  5898561.02   0.943734   0.000009   0.000011   42.353
  470339.61  5898561.71   0.943557   0.000006   0.000008   42.353
  470340.24  5898562.41   0.943378   0.000004   0.000005   42.353
  470340.88  5898563.11   0.943195   0.000002   0.000003   42.352
  470341.51  5898563.80   0.943010   0.000000   0.000000   42.352
  470342.15  5898564.50   0.942821   0.000002   0.000003   42.352
  470342.78  5898565.20   0.942629   0.000004   0.000005   42.352
  470343.42  5898565.89   0.942434   0.000006   0.000008   42.353
  470344.05  5898566.59   0.942236   0.000009   0.000011   42.353
  470344.69  5898567.29   0.942035   0.000011   0.000013   42.353
  470345.32  5898567.98   0.941831   0.000013   0.000016   42.354
  470345.96  5898568.68   0.941624   0.000015   0.000019   42.355
  470346.59  5898569.37   0.941414   0.000017   0.000022   42.355
  470347.23  5898570.07   0.941201   0.000019   0.000024   42.356
  470347.86  5898570.77   0.940984   0.000022   0.000027   42.357
  470348.49  5898571.46   0.940765   0.000024   0.000030   42.359
  470349.13  5898572.16   0.940542   0.000026   0.000032   42.360
  470349.76  5898572.85   0.940316   0.000028   0.000035   42.361
  470350.40  5898573.55   0.940088   0.000030   0.000038   42.363
  470351.03  5898574.24   0.939856   0.000032   0.000040   42.364
  470351.66  5898574.93   0.939621   0.000035   0.000043   42.366
  470352.30  5898575.63   0.939383   0.000037   0.000046   42.368
  470352.93  5898576.32   0.939142   0.000039   0.000049   42.370
  470353.56  5898577.02   0.938898   0.000041   0.000051   42.372
  470354.19  5898577.71   0.938651   0.000043   0.000054   42.374
  470354.83  5898578.40   0.938400   0.000046   0.000057   42.377
  470355.46  5898579.10   0.938147   0.000048   0.000059   42.379
  470356.09  5898579.79   0.937891   0.000050   0.000062   42.382
  470356.72  5898580.48   0.937631   0.000052   0.000065   42.384
  470357.35  5898581.17   0.937368   0.000054   0.000068   42.387
  470357.99  5898581.87   0.937103   0.000057   0.000070   42.390
  470358.62  5898582.56   0.936834   0.000059   0.000073   42.393
  470359.25  5898583.25   0.936562   0.000061   0.000076   42.396
  470359.88  5898583.94   0.936287   0.000063   0.000078   42.399
  470360.51  5898584.63   0.936009   0.000065   0.000081   42.403
  470361.14  5898585.32   0.935728   0.000068   0.000084   42.406
  470361.77  5898586.01   0.935444   0.000070   0.000087   42.410
  470362.41  5898586.70   0.935157   0.000072   0.000089   42.414
  470363.04  5898587.40   0.934866   0.000074   0.000092   42.418
  470363.67  5898588.09   0.934573   0.000077   0.000095   42.422
  470364.30  5898588.77   0.934277   0.000079   0.000097   42.426
  470364.93  5898589.46   0.933977   0.000081   0.000100   42.430
  470365.56  5898590.15   0.933674   0.000083   0.000103   42.434
  470366.19  5898590.84   0.933369   0.000086   0.000106   42.439
  470366.82  5898591.53   0.933060   0.000088   0.000108   42.443
  470367.45  5898592.22   0.932748   0.000090   0.000111   42.448
  470368.08  5898592.91   0.932433   0.000093   0.000114   42.453
  470368.71  5898593.60   0.932115   0.000095   0.000117   42.458
  470369.34  5898594.28   0.931794   0.000097   0.000119   42.463
  470369.96  5898594.97   0.931470   0.000098   0.000121   42.468
  470370.59  5898595.66   0.931143   0.000102   0.000125   42.473
  470371.22  5898596.34   0.930813   0.000106   0.000130   42.479
  470371.85  5898597.03   0.930479   0.000111   0.000135   42.484
  470372.48  5898597.72   0.930143   0.000115   0.000141   42.490
  470373.11  5898598.40   0.929803   0.000120   0.000146   42.496
  470373.73  5898599.09   0.929460   0.000124   0.000152   42.503
  470374.36  5898599.77   0.929114   0.000129   0.000157   42.509
  470374.99  5898600.46   0.928765   0.000133   0.000162   42.516
  470375.62  5898601.14   0.928412   0.000138   0.000168   42.523
  470376.25  5898601.83   0.928057   0.000142   0.000173   42.531
  470376.87  5898602.51   0.927698   0.000147   0.000178   42.538
  470377.50  5898603.19   0.927336   0.000151   0.000184   42.546
  470378.13  5898603.88   0.926971   0.000156   0.000189   42.554
  470378.75  5898604.56   0.926603   0.000160   0.000194   42.562
  470379.38  5898605.24   0.926231   0.000165   0.000200   42.571
  470380.01  5898605.92   0.925857   0.000169   0.000205   42.579
  470380.63  5898606.60   0.925479   0.000174   0.000211   42.588
  470381.26  5898607.28   0.925098   0.000179   0.000216   42.598
  470381.89  5898607.97   0.924714   0.000183   0.000221   42.607
  470382.51  5898608.65   0.924327   0.000188   0.000227   42.617
  470383.14  5898609.33   0.923937   0.000192   0.000232   42.627
  470383.76  5898610.01   0.923543   0.000197   0.000238   42.637
  470384.39  5898610.68   0.923147   0.000202   0.000243   42.647
  470385.01  5898611.36   0.922747   0.000206   0.000248   42.658
  470385.64  5898612.04   0.922344   0.000211   0.000254   42.669
  470386.27  5898612.72   0.921939   0.000216   0.000259   42.680
  470386.89  5898613.40   0.921529   0.000220   0.000265   42.691
  470387.51  5898614.07   0.921117   0.000225   0.000270   42.703
  470388.14  5898614.75   0.920702   0.000230   0.000276   42.715
  470388.76  5898615.43   0.920284   0.000235   0.000281   42.727
  470389.39  5898616.10   0.919862   0.000239   0.000287   42.740
  470390.01  5898616.78   0.919437   0.000244   0.000292   42.752
  470390.64  5898617.45   0.919010   0.000249   0.000297   42.765
  470391.26  5898618.13   0.918579   0.000254   0.000303   42.778
  470391.88  5898618.80   0.918145   0.000259   0.000308   42.791
  470392.51  5898619.47   0.917708   0.000264   0.000314   42.805
  470393.13  5898620.15   0.917267   0.000268   0.000319   42.819
  470393.76  5898620.82   0.916824   0.000273   0.000325   42.833
  470394.38  5898621.49   0.916378   0.000278   0.000330   42.847
  470395.00  5898622.16   0.915928   0.000283   0.000336   42.862
  470395.63  5898622.83   0.915476   0.000288   0.000341   42.877
  470396.25  5898623.51   0.915020   0.000293   0.000347   42.892
  470396.87  5898624.18   0.914561   0.000298   0.000352   42.907
  470397.49  5898624.84   0.914099   0.000303   0.000358   42.923
  470398.12  5898625.51   0.913634   0.000308   0.000363   42.939
  470398.74  5898626.18   0.913166   0.000313   0.000369   42.955
  470399.36  5898626.85   0.912695   0.000318   0.000374   42.971
  470399.98  5898627.52   0.912221   0.000323   0.000380   42.988
  470400.61  5898628.18   0.911744   0.000328   0.000385   43.005
  470401.23  5898628.85   0.911264   0.000333   0.000391   43.022
  470401.85  5898629.52   0.910780   0.000338   0.000397   43.039
  470402.47  5898630.18   0.910294   0.000343   0.000402   43.057
  470403.09  5898630.85   0.909805   0.000350   0.000410   43.075
  470403.71  5898631.51   0.909310   0.000357   0.000417   43.093
  470404.33  5898632.17   0.908813   0.000359   0.000419   43.112
  470404.96  5898632.84   0.908316   0.000357   0.000416   43.130
  470405.58  5898633.50   0.907820   0.000355   0.000414   43.149
  470406.20  5898634.16   0.907325   0.000354   0.000412   43.167
  470406.82  5898634.82   0.906831   0.000352   0.000409   43.186
  470407.44  5898635.48   0.906337   0.000350   0.000407   43.204
  470408.06  5898636.14   0.905844   0.000349   0.000405   43.222
  470408.68  5898636.80   0.905352   0.000347   0.000402   43.240
  470409.30  5898637.46   0.904860   0.000346   0.000400   43.258
  470409.92  5898638.12   0.904369   0.000344   0.000398   43.276
  470410.54  5898638.78   0.903879   0.000342   0.000395   43.294
  470411.16  5898639.44   0.903390   0.000341   0.000393   43.312
  470411.78  5898640.09   0.902902   0.000339   0.000391   43.330
  470412.40  5898640.75   0.902413   0.000337   0.000389   43.347
  470413.02  5898641.41   0.901926   0.000336   0.000386   43.365
  470413.64  5898642.06   0.901440   0.000333   0.000383   43.382
  470414.26  5898642.72   0.900955   0.000331   0.000380   43.399
  470414.88  5898643.37   0.900472   0.000329   0.000377   43.416
  470415.50  5898644.03   0.899991   0.000327   0.000375   43.433
  470416.11  5898644.68   0.899511   0.000325   0.000372   43.450
  470416.73  5898645.33   0.899032   0.000323   0.000369   43.467
  470417.35  5898645.98   0.898556   0.000320   0.000366   43.483
  470417.97  5898646.63   0.898080   0.000318   0.000363   43.500
  470418.59  5898647.29   0.897606   0.000316   0.000360   43.516
  470419.21  5898647.94   0.897134   0.000314   0.000357   43.533
  470419.82  5898648.59   0.896663   0.000312   0.000354   43.549
  470420.44  5898649.24   0.896194   0.000309   0.000351   43.565
  470421.06  5898649.89   0.895726   0.000307   0.000349   43.581
  470421.68  5898650.53   0.895259   0.000305   0.000346   43.596
  470422.29  5898651.18   0.894795   0.000303   0.000343   43.612
  470422.91  5898651.83   0.894331   0.000300   0.000340   43.627
  470423.53  5898652.48   0.893869   0.000298   0.000337   43.643
  470424.15  5898653.12   0.893409   0.000296   0.000334   43.658
  470424.76  5898653.77   0.892950   0.000294   0.000331   43.673
  470425.38  5898654.41   0.892493   0.000291   0.000328   43.688
  470426.00  5898655.06   0.892037   0.000289   0.000325   43.703
  470426.61  5898655.70   0.891583   0.000287   0.000322   43.718
  470427.23  5898656.35   0.891130   0.000284   0.000319   43.733
  470427.84  5898656.99   0.890678   0.000282   0.000317   43.747
  470428.46  5898657.63   0.890228   0.000280   0.000314   43.762
  470429.08  5898658.28   0.889780   0.000277   0.000311   43.776
  470429.69  5898658.92   0.889333   0.000275   0.000308   43.790
  470430.31  5898659.56   0.888887   0.000273   0.000305   43.804
  470430.92  5898660.20   0.888443   0.000270   0.000302   43.818
  470431.54  5898660.84   0.888001   0.000268   0.000299   43.832
  470432.15  5898661.48   0.887560   0.000266   0.000296   43.845
  470432.77  5898662.12   0.887120   0.000263   0.000293   43.859
  470433.38  5898662.76   0.886682   0.000261   0.000290   43.872
  470434.00  5898663.40   0.886245   0.000259   0.000287   43.885
  470434.61  5898664.04   0.885810   0.000256   0.000284   43.899
  470435.22  5898664.68   0.885376   0.000254   0.000281   43.912
  470435.84  5898665.32   0.884944   0.000251   0.000278   43.924
  470436.45  5898665.95   0.884513   0.000249   0.000275   43.937
  470437.07  5898666.59   0.884084   0.000246   0.000272   43.950
  470437.68  5898667.23   0.883656   0.000244   0.000269   43.962
  470438.29  5898667.86   0.883230   0.000242   0.000266   43.975
  470438.91  5898668.50   0.882805   0.000239   0.000263   43.987
  470439.52  5898669.13   0.882381   0.000237   0.000261   43.999
  470440.13  5898669.77   0.881959   0.000234   0.000258   44.011
  470440.75  5898670.40   0.881539   0.000232   0.000255   44.023
  470441.36  5898671.03   0.881120   0.000229   0.000252   44.034
  470441.97  5898671.67   0.880702   0.000227   0.000249   44.046
  470442.58  5898672.30   0.880286   0.000224   0.000246   44.057
  470443.19  5898672.93   0.879871   0.000222   0.000243   44.069
  470443.81  5898673.56   0.879458   0.000219   0.000240   44.080
  470444.42  5898674.20   0.879046   0.000217   0.000237   44.091
  470445.03  5898674.83   0.878636   0.000214   0.000234   44.102
  470445.64  5898675.46   0.878227   0.000212   0.000231   44.113
  470446.25  5898676.09   0.877819   0.000209   0.000228   44.123
  470446.86  5898676.72   0.877413   0.000206   0.000225   44.134
  470447.48  5898677.35   0.877008   0.000204   0.000222   44.144
  470448.09  5898677.98   0.876605   0.000201   0.000219   44.154
  470448.70  5898678.60   0.876203   0.000199   0.000216   44.165
  470449.31  5898679.23   0.875803   0.000196   0.000213   44.175
  470449.92  5898679.86   0.875404   0.000193   0.000210   44.184
  470450.53  5898680.49   0.875007   0.000191   0.000207   44.194
  470451.14  5898681.12   0.874611   0.000188   0.000204   44.204
  470451.75  5898681.74   0.874216   0.000186   0.000201   44.213
  470452.36  5898682.37   0.873823   0.000183   0.000198   44.222
  470452.97  5898682.99   0.873431   0.000180   0.000195   44.232
  470453.58  5898683.62   0.873041   0.000178   0.000192   44.241
  470454.18  5898684.25   0.872652   0.000175   0.000189   44.249
  470454.79  5898684.87   0.872265   0.000172   0.000186   44.258
  470455.40  5898685.49   0.871879   0.000170   0.000183   44.267
  470456.01  5898686.12   0.871494   0.000167   0.000180   44.275
  470456.62  5898686.74   0.871111   0.000164   0.000177   44.284
  470457.23  5898687.37   0.870729   0.000162   0.000173   44.292
  470457.83  5898687.99   0.870349   0.000159   0.000170   44.300
  470458.44  5898688.61   0.869970   0.000156   0.000167   44.308
  470459.05  5898689.23   0.869593   0.000154   0.000164   44.316
  470459.66  5898689.86   0.869217   0.000151   0.000161   44.323
  470460.27  5898690.48   0.868842   0.000148   0.000158   44.331
  470460.87  5898691.10   0.868469   0.000146   0.000155   44.338
  470461.48  5898691.72   0.868097   0.000143   0.000152   44.345
  470462.09  5898692.34   0.867727   0.000140   0.000149   44.353
  470462.69  5898692.96   0.867358   0.000137   0.000146   44.360
  470463.30  5898693.58   0.866991   0.000135   0.000143   44.366
  470463.90  5898694.20   0.866624   0.000132   0.000140   44.373
  470464.51  5898694.82   0.866260   0.000129   0.000137   44.380
  470465.12  5898695.44   0.865897   0.000126   0.000134   44.386
  470465.72  5898696.06   0.865535   0.000124   0.000131   44.392
  470466.33  5898696.68   0.865174   0.000121   0.000128   44.398
  470466.93  5898697.29   0.864815   0.000118   0.000125   44.404
  470467.54  5898697.91   0.864458   0.000115   0.000122   44.410
  470468.14  5898698.53   0.864101   0.000112   0.000119   44.416
  470468.75  5898699.15   0.863747   0.000110   0.000116   44.422
  470469.35  5898699.76   0.863393   0.000107   0.000113   44.427
  470469.96  5898700.38   0.863041   0.000104   0.000109   44.432
  470470.56  5898700.99   0.862691   0.000101   0.000106   44.437
  470471.16  5898701.61   0.862342   0.000098   0.000103   44.442
  470471.77  5898702.23   0.861994   0.000095   0.000100   44.447
  470472.37  5898702.84   0.861648   0.000093   0.000097   44.452
  470472.98  5898703.46   0.861303   0.000090   0.000094   44.456
  470473.58  5898704.07   0.860959   0.000087   0.000091   44.461
  470474.18  5898704.68   0.860617   0.000084   0.000088   44.465
  470474.78  5898705.30   0.860276   0.000081   0.000085   44.469
  470475.39  5898705.91   0.859937   0.000078   0.000082   44.473
  470475.99  5898706.53   0.859599   0.000075   0.000079   44.477
  470476.59  5898707.14   0.859263   0.000072   0.000076   44.481
  470477.19  5898707.75   0.858928   0.000070   0.000073   44.484
  470477.79  5898708.36   0.858594   0.000067   0.000069   44.488
  470478.40  5898708.98   0.858262   0.000064   0.000066   44.491
  470479.00  5898709.59   0.857931   0.000061   0.000063   44.494
  470479.60  5898710.20   0.857601   0.000058   0.000060   44.497
  470480.20  5898710.81   0.857273   0.000055   0.000057   44.500
  470480.80  5898711.42   0.856946   0.000052   0.000054   44.503
  470481.40  5898712.03   0.856621   0.000049   0.000051   44.505
  470482.00  5898712.65   0.856297   0.000046   0.000048   44.508
  470482.60  5898713.26   0.855975   0.000043   0.000045   44.510
  470483.20  5898713.87   0.855654   0.000040   0.000042   44.512
  470483.80  5898714.48   0.855334   0.000037   0.000039   44.514
  470484.40  5898715.09   0.855016   0.000034   0.000035   44.516
  470485.00  5898715.70   0.854699   0.000031   0.000032   44.518
  470485.60  5898716.31   0.854383   0.000028   0.000029   44.519
  470486.20  5898716.91   0.854069   0.000025   0.000026   44.521
  470486.80  5898717.52   0.853757   0.000022   0.000023   44.522
  470487.40  5898718.13   0.853445   0.000019   0.000020   44.523
  470487.99  5898718.74   0.853136   0.000016   0.000017   44.524
  470488.59  5898719.35   0.852827   0.000013   0.000014   44.525
  470489.19  5898719.96   0.852520   0.000010   0.000011   44.525
  470489.79  5898720.56   0.852214   0.000007   0.000008   44.526
  470490.39  5898721.17   0.851910   0.000004   0.000004   44.526
  470490.98  5898721.78   0.851607   0.000001   0.000001   44.526
  470491.58  5898722.39   0.851306   0.000002   0.000002   44.526
  470492.18  5898722.99   0.851006   0.000005   0.000005   44.526
  470492.77  5898723.60   0.850707   0.000008   0.000008   44.526
  470493.37  5898724.21   0.850410   0.000011   0.000011   44.526
  470493.97  5898724.81   0.850114   0.000014   0.000014   44.525
  470494.56  5898725.42   0.849819   0.000017   0.000017   44.525
  470495.16  5898726.02   0.849526   0.000020   0.000021   44.524
  470495.75  5898726.63   0.849234   0.000023   0.000024   44.523
  470496.35  5898727.23   0.848944   0.000026   0.000027   44.522
  470496.94  5898727.84   0.848655   0.000029   0.000030   44.520
  470497.54  5898728.44   0.848368   0.000032   0.000033   44.519
  470498.13  5898729.05   0.848082   0.000036   0.000036   44.517
  470498.73  5898729.65   0.847797   0.000039   0.000039   44.516
  470499.32  5898730.26   0.847514   0.000042   0.000042   44.514
  470499.92  5898730.86   0.847232   0.000045   0.000046   44.512
  470500.51  5898731.47   0.846951   0.000048   0.000049   44.509
  470501.10  5898732.07   0.846672   0.000051   0.000052   44.507
  470501.70  5898732.67   0.846394   0.000054   0.000055   44.505
  470502.29  5898733.28   0.846118   0.000057   0.000058   44.502
  470502.88  5898733.88   0.845843   0.000060   0.000061   44.499
  470503.48  5898734.48   0.845570   0.000064   0.000064   44.496
  470504.07  5898735.09   0.845298   0.000067   0.000067   44.493
  470504.66  5898735.69   0.845027   0.000070   0.000071   44.490
  470505.25  5898736.29   0.844758   0.000073   0.000074   44.487
  470505.84  5898736.90   0.844490   0.000076   0.000077   44.483
  470506.44  5898737.50   0.844223   0.000079   0.000080   44.479
  470507.03  5898738.10   0.843958   0.000083   0.000083   44.476
  470507.62  5898738.70   0.843694   0.000086   0.000086   44.472
  470508.21  5898739.30   0.843432   0.000089   0.000089   44.467
  470508.80  5898739.91   0.843171   0.000092   0.000093   44.463
  470509.39  5898740.51   0.842912   0.000095   0.000096   44.459
  470509.98  5898741.11   0.842654   0.000098   0.000099   44.454
  470510.57  5898741.71   0.842397   0.000102   0.000102   44.449
  470511.16  5898742.31   0.842142   0.000105   0.000105   44.444
  470511.75  5898742.91   0.841888   0.000108   0.000108   44.439
  470512.34  5898743.51   0.841636   0.000111   0.000111   44.434
  470512.93  5898744.12   0.841385   0.000114   0.000115   44.429
  470513.52  5898744.72   0.841135   0.000118   0.000118   44.423
  470514.11  5898745.32   0.840887   0.000121   0.000121   44.418
  470514.69  5898745.92   0.840640   0.000124   0.000124   44.412
  470515.28  5898746.52   0.840395   0.000127   0.000127   44.406
  470515.87  5898747.12   0.840151   0.000131   0.000130   44.400
  470516.46  5898747.72   0.839908   0.000134   0.000133   44.393
  470517.05  5898748.32   0.839667   0.000137   0.000137   44.387
  470517.63  5898748.92   0.839427   0.000140   0.000140   44.380
  470518.22  5898749.52   0.839189   0.000143   0.000143   44.374
  470518.81  5898750.12   0.838952   0.000147   0.000146   44.367
  470519.39  5898750.72   0.838717   0.000150   0.000149   44.360
  470519.98  5898751.32   0.838483   0.000153   0.000152   44.352
  470520.57  5898751.92   0.838250   0.000156   0.000155   44.345
  470521.15  5898752.52   0.838019   0.000160   0.000159   44.338
  470521.74  5898753.12   0.837789   0.000163   0.000162   44.330
  470522.32  5898753.72   0.837561   0.000166   0.000165   44.322
  470522.91  5898754.32   0.837334   0.000170   0.000168   44.314
  470523.49  5898754.91   0.837108   0.000173   0.000171   44.306
  470524.08  5898755.51   0.836884   0.000176   0.000174   44.298
  470524.66  5898756.11   0.836662   0.000179   0.000178   44.289
  470525.24  5898756.71   0.836440   0.000183   0.000181   44.281
  470525.83  5898757.31   0.836220   0.000186   0.000184   44.272
  470526.41  5898757.91   0.836002   0.000189   0.000187   44.263
  470527.00  5898758.51   0.835785   0.000192   0.000190   44.254
  470527.58  5898759.11   0.835570   0.000196   0.000193   44.245
  470528.16  5898759.70   0.835356   0.000199   0.000196   44.235
  470528.74  5898760.30   0.835143   0.000202   0.000200   44.226
  470529.33  5898760.90   0.834932   0.000206   0.000203   44.216
  470529.91  5898761.50   0.834722   0.000209   0.000206   44.206
  470530.49  5898762.10   0.834513   0.000212   0.000209   44.196
  470531.07  5898762.70   0.834307   0.000216   0.000212   44.186
  470531.65  5898763.30   0.834101   0.000219   0.000215   44.176
  470532.23  5898763.89   0.833897   0.000222   0.000219   44.165
  470532.81  5898764.49   0.833694   0.000226   0.000222   44.155
  470533.40  5898765.09   0.833493   0.000229   0.000225   44.144
  470533.98  5898765.69   0.833294   0.000232   0.000228   44.133
  470534.56  5898766.29   0.833095   0.000235   0.000231   44.122
  470535.14  5898766.88   0.832899   0.000239   0.000234   44.111
  470535.72  5898767.48   0.832703   0.000242   0.000237   44.099
  470536.29  5898768.08   0.832509   0.000245   0.000241   44.088
  470536.87  5898768.68   0.832317   0.000249   0.000244   44.076
  470537.45  5898769.28   0.832126   0.000252   0.000247   44.064
  470538.03  5898769.87   0.831936   0.000255   0.000250   44.052
  470538.61  5898770.47   0.831748   0.000259   0.000253   44.040
  470539.19  5898771.07   0.831561   0.000262   0.000256   44.028
  470539.76  5898771.67   0.831376   0.000266   0.000260   44.015
  470540.34  5898772.27   0.831192   0.000269   0.000263   44.003
  470540.92  5898772.86   0.831010   0.000272   0.000266   43.990
  470541.50  5898773.46   0.830829   0.000276   0.000269   43.977
  470542.07  5898774.06   0.830650   0.000279   0.000272   43.964
  470542.65  5898774.66   0.830472   0.000282   0.000275   43.950
  470543.23  5898775.26   0.830296   0.000286   0.000278   43.937
  470543.80  5898775.85   0.830121   0.000289   0.000282   43.923
  470544.38  5898776.45   0.829947   0.000292   0.000285   43.910
  470544.95  5898777.05   0.829775   0.000296   0.000288   43.896
  470545.53  5898777.65   0.829605   0.000299   0.000291   43.882
  470546.10  5898778.25   0.829436   0.000302   0.000294   43.868
  470546.68  5898778.84   0.829268   0.000306   0.000297   43.853
  470547.25  5898779.44   0.829102   0.000309   0.000300   43.839
  470547.83  5898780.04   0.828937   0.000312   0.000303   43.824
  470548.40  5898780.64   0.828773   0.000315   0.000306   43.809
  470548.97  5898781.24   0.828611   0.000319   0.000310   43.794
  470549.55  5898781.83   0.828452   0.000324   0.000315   43.779
  470550.12  5898782.43   0.828295   0.000329   0.000320   43.764
  470550.69  5898783.03   0.828141   0.000335   0.000325   43.748
  470551.26  5898783.63   0.827990   0.000340   0.000329   43.732
  470551.84  5898784.23   0.827842   0.000345   0.000334   43.716
  470552.41  5898784.83   0.827696   0.000350   0.000339   43.700
  470552.98  5898785.43   0.827553   0.000355   0.000344   43.683
  470553.55  5898786.02   0.827414   0.000360   0.000349   43.666
  470554.12  5898786.62   0.827277   0.000365   0.000354   43.649
  470554.69  5898787.22   0.827142   0.000371   0.000359   43.632
  470555.26  5898787.82   0.827011   0.000376   0.000363   43.614
  470555.83  5898788.42   0.826883   0.000381   0.000368   43.596
  470556.40  5898789.02   0.826757   0.000386   0.000373   43.578
  470556.97  5898789.62   0.826634   0.000391   0.000378   43.560
  470557.54  5898790.22   0.826514   0.000396   0.000383   43.542
  470558.11  5898790.82   0.826397   0.000401   0.000388   43.523
  470558.68  5898791.41   0.826283   0.000407   0.000393   43.504
  470559.25  5898792.01   0.826171   0.000412   0.000397   43.485
  470559.82  5898792.61   0.826063   0.000417   0.000402   43.465
  470560.39  5898793.21   0.825957   0.000422   0.000407   43.445
  470560.95  5898793.81   0.825854   0.000427   0.000412   43.425
  470561.52  5898794.41   0.825754   0.000432   0.000417   43.405
  470562.09  5898795.01   0.825657   0.000437   0.000422   43.385
  470562.66  5898795.61   0.825563   0.000442   0.000426   43.364
  470563.22  5898796.21   0.825472   0.000448   0.000431   43.343
  470563.79  5898796.81   0.825383   0.000453   0.000436   43.322
  470564.35  5898797.42   0.825298   0.000458   0.000441   43.300
  470564.92  5898798.02   0.825215   0.000463   0.000446   43.279
  470565.49  5898798.62   0.825136   0.000468   0.000451   43.257
  470566.05  5898799.22   0.825059   0.000473   0.000455   43.235
  470566.62  5898799.82   0.824985   0.000478   0.000460   43.212
  470567.18  5898800.42   0.824914   0.000483   0.000465   43.190
  470567.74  5898801.02   0.824846   0.000488   0.000470   43.167
  470568.31  5898801.62   0.824780   0.000493   0.000475   43.144
  470568.87  5898802.23   0.824718   0.000498   0.000479   43.121
  470569.44  5898802.83   0.824659   0.000503   0.000484   43.097
  470570.00  5898803.43   0.824602   0.000509   0.000489   43.073
  470570.56  5898804.03   0.824549   0.000514   0.000494   43.049
  470571.12  5898804.64   0.824498   0.000519   0.000499   43.025
  470571.69  5898805.24   0.824451   0.000524   0.000503   43.001
  470572.25  5898805.84   0.824406   0.000529   0.000508   42.976
  470572.81  5898806.45   0.824364   0.000534   0.000513   42.951
  470573.37  5898807.05   0.824326   0.000539   0.000518   42.926
  470573.93  5898807.65   0.824290   0.000544   0.000523   42.900
  470574.49  5898808.26   0.824257   0.000549   0.000527   42.874
  470575.05  5898808.86   0.824227   0.000554   0.000532   42.849
  470575.61  5898809.47   0.824200   0.000559   0.000537   42.822
  470576.17  5898810.07   0.824176   0.000564   0.000542   42.796
  470576.73  5898810.68   0.824155   0.000569   0.000546   42.769
  470577.29  5898811.28   0.824137   0.000574   0.000551   42.743
  470577.85  5898811.89   0.824122   0.000581   0.000558   42.715
  470578.41  5898812.49   0.824112   0.000587   0.000564   42.688
  470578.97  5898813.10   0.824104   0.000589   0.000565   42.660
  470579.53  5898813.70   0.824097   0.000586   0.000563   42.632
  470580.09  5898814.31   0.824090   0.000584   0.000561   42.605
  470580.64  5898814.92   0.824083   0.000581   0.000558   42.577
  470581.20  5898815.53   0.824076   0.000579   0.000556   42.550
  470581.76  5898816.13   0.824070   0.000577   0.000554   42.522
  470582.31  5898816.74   0.824064   0.000574   0.000551   42.495
  470582.87  5898817.35   0.824058   0.000572   0.000549   42.468
  470583.43  5898817.96   0.824052   0.000569   0.000547   42.441
  470583.98  5898818.56   0.824046   0.000567   0.000544   42.414
  470584.54  5898819.17   0.824041   0.000564   0.000542   42.387
  470585.09  5898819.78   0.824036   0.000562   0.000540   42.361
  470585.65  5898820.39   0.824030   0.000560   0.000537   42.334
  470586.20  5898821.00   0.824026   0.000557   0.000535   42.308
  470586.76  5898821.61   0.824021   0.000555   0.000533   42.282
  470587.31  5898822.22   0.824017   0.000552   0.000530   42.255
  470587.87  5898822.83   0.824012   0.000550   0.000528   42.229
  470588.42  5898823.44   0.824008   0.000547   0.000526   42.203
  470588.97  5898824.05   0.824004   0.000545   0.000523   42.177
  470589.52  5898824.66   0.824001   0.000543   0.000521   42.152
  470590.08  5898825.27   0.823997   0.000540   0.000519   42.126
  470590.63  5898825.88   0.823994   0.000538   0.000516   42.101
  470591.18  5898826.50   0.823991   0.000535   0.000514   42.075
  470591.73  5898827.11   0.823988   0.000533   0.000512   42.050
  470592.29  5898827.72   0.823985   0.000530   0.000509   42.025
  470592.84  5898828.33   0.823982   0.000528   0.000507   42.000
  470593.39  5898828.95   0.823980   0.000526   0.000505   41.975
  470593.94  5898829.56   0.823978   0.000523   0.000502   41.950
  470594.49  5898830.17   0.823975   0.000521   0.000500   41.925
  470595.04  5898830.78   0.823973   0.000518   0.000498   41.901
  470595.59  5898831.40   0.823972   0.000516   0.000495   41.876
  470596.14  5898832.01   0.823970   0.000513   0.000493   41.852
  470596.69  5898832.63   0.823968   0.000511   0.000491   41.828
  470597.24  5898833.24   0.823967   0.000509   0.000488   41.804
  470597.79  5898833.85   0.823966   0.000506   0.000486   41.780
  470598.34  5898834.47   0.823965   0.000504   0.000484   41.756
  470598.88  5898835.08   0.823964   0.000501   0.000481   41.732
  470599.43  5898835.70   0.823963   0.000499   0.000479   41.708
  470599.98  5898836.31   0.823963   0.000496   0.000477   41.685
  470600.53  5898836.93   0.823962   0.000494   0.000474   41.661
  470601.08  5898837.55   0.823962   0.000492   0.000472   41.638
  470601.62  5898838.16   0.823962   0.000489   0.000470   41.615
  470602.17  5898838.78   0.823961   0.000487   0.000467   41.592
  470602.72  5898839.39   0.823962   0.000484   0.000465   41.569
  470603.26  5898840.01   0.823962   0.000482   0.000463   41.546
  470603.81  5898840.63   0.823962   0.000479   0.000460   41.523
  470604.36  5898841.25   0.823963   0.000477   0.000458   41.500
  470604.90  5898841.86   0.823963   0.000475   0.000456   41.478
  470605.45  5898842.48   0.823964   0.000472   0.000453   41.455
  470605.99  5898843.10   0.823965   0.000470   0.000451   41.433
  470606.54  5898843.72   0.823966   0.000467   0.000449   41.411
  470607.08  5898844.33   0.823967   0.000465   0.000446   41.389
  470607.63  5898844.95   0.823968   0.000462   0.000444   41.367
  470608.17  5898845.57   0.823969   0.000460   0.000442   41.345
  470608.71  5898846.19   0.823970   0.000457   0.000439   41.323
  470609.26  5898846.81   0.823972   0.000455   0.000437   41.302
  470609.80  5898847.43   0.823974   0.000453   0.000435   41.280
  470610.35  5898848.05   0.823975   0.000450   0.000432   41.259
  470610.89  5898848.67   0.823977   0.000448   0.000430   41.238
  470611.43  5898849.29   0.823979   0.000445   0.000428   41.217
  470611.97  5898849.91   0.823981   0.000443   0.000425   41.196
  470612.52  5898850.53   0.823983   0.000440   0.000423   41.175
  470613.06  5898851.15   0.823985   0.000438   0.000421   41.154
  470613.60  5898851.77   0.823988   0.000436   0.000418   41.133
  470614.14  5898852.39   0.823990   0.000433   0.000416   41.113
  470614.68  5898853.01   0.823993   0.000431   0.000414   41.092
  470615.23  5898853.63   0.823995   0.000428   0.000411   41.072
  470615.77  5898854.25   0.823998   0.000426   0.000409   41.052
  470616.31  5898854.87   0.824001   0.000423   0.000407   41.032
  470616.85  5898855.50   0.824003   0.000421   0.000404   41.012
  470617.39  5898856.12   0.824006   0.000418   0.000402   40.992
  470617.93  5898856.74   0.824009   0.000416   0.000400   40.972
  470618.47  5898857.36   0.824012   0.000414   0.000397   40.952
  470619.01  5898857.98   0.824016   0.000411   0.000395   40.933
  470619.55  5898858.61   0.824019   0.000409   0.000393   40.913
  470620.09  5898859.23   0.824022   0.000406   0.000390   40.894
  470620.63  5898859.85   0.824025   0.000404   0.000388   40.875
  470621.17  5898860.48   0.824029   0.000401   0.000385   40.856
  470621.71  5898861.10   0.824032   0.000399   0.000383   40.837
  470622.24  5898861.72   0.824036   0.000397   0.000381   40.818
  470622.78  5898862.35   0.824040   0.000394   0.000378   40.799
  470623.32  5898862.97   0.824043   0.000392   0.000376   40.781
  470623.86  5898863.60   0.824047   0.000389   0.000374   40.762
  470624.40  5898864.22   0.824051   0.000387   0.000371   40.744
  470624.93  5898864.84   0.824055   0.000384   0.000369   40.725
  470625.47  5898865.47   0.824059   0.000382   0.000367   40.707
  470626.01  5898866.09   0.824063   0.000379   0.000364   40.689
  470626.55  5898866.72   0.824067   0.000377   0.000362   40.671
  470627.08  5898867.34   0.824071   0.000375   0.000360   40.654
  470627.62  5898867.97   0.824075   0.000372   0.000357   40.636
  470628.16  5898868.60   0.824080   0.000370   0.000355   40.618
  470628.69  5898869.22   0.824084   0.000367   0.000353   40.601
  470629.23  5898869.85   0.824088   0.000365   0.000350   40.584
  470629.76  5898870.47   0.824093   0.000362   0.000348   40.566
  470630.30  5898871.10   0.824097   0.000360   0.000346   40.549
  470630.84  5898871.73   0.824101   0.000358   0.000343   40.532
  470631.37  5898872.35   0.824106   0.000355   0.000341   40.515
  470631.91  5898872.98   0.824110   0.000353   0.000339   40.499
  470632.44  5898873.61   0.824115   0.000350   0.000336   40.482
  470632.98  5898874.23   0.824120   0.000348   0.000334   40.465
  470633.51  5898874.86   0.824124   0.000345   0.000332   40.449
  470634.05  5898875.49   0.824129   0.000343   0.000329   40.433
  470634.58  5898876.11   0.824134   0.000340   0.000327   40.416
  470635.11  5898876.74   0.824138   0.000338   0.000325   40.400
  470635.65  5898877.37   0.824143   0.000336   0.000322   40.384
  470636.18  5898878.00   0.824148   0.000333   0.000320   40.369
  470636.72  5898878.63   0.824153   0.000331   0.000318   40.353
  470637.25  5898879.25   0.824158   0.000328   0.000315   40.337
  470637.78  5898879.88   0.824162   0.000326   0.000313   40.322
  470638.32  5898880.51   0.824167   0.000323   0.000311   40.306
  470638.85  5898881.14   0.824172   0.000321   0.000308   40.291
  470639.38  5898881.77   0.824177   0.000319   0.000306   40.276
  470639.91  5898882.40   0.824182   0.000316   0.000304   40.261
  470640.45  5898883.03   0.824187   0.000314   0.000301   40.246
  470640.98  5898883.66   0.824192   0.000311   0.000299   40.231
  470641.51  5898884.28   0.824197   0.000309   0.000297   40.216
  470642.04  5898884.91   0.824202   0.000306   0.000294   40.202
  470642.57  5898885.54   0.824207   0.000304   0.000292   40.187
  470643.11  5898886.17   0.824212   0.000301   0.000290   40.173
  470643.64  5898886.80   0.824217   0.000299   0.000287   40.159
  470644.17  5898887.43   0.824222   0.000297   0.000285   40.145
  470644.70  5898888.06   0.824228   0.000294   0.000283   40.131
  470645.23  5898888.69   0.824233   0.000292   0.000280   40.117
  470645.76  5898889.32   0.824238   0.000289   0.000278   40.103
  470646.29  5898889.95   0.824243   0.000287   0.000276   40.089
  470646.82  5898890.59   0.824248   0.000284   0.000273   40.076
  470647.35  5898891.22   0.824253   0.000282   0.000271   40.062
  470647.88  5898891.85   0.824258   0.000280   0.000269   40.049
  470648.41  5898892.48   0.824263   0.000277   0.000266   40.036
  470648.94  5898893.11   0.824268   0.000275   0.000264   40.023
  470649.47  5898893.74   0.824273   0.000272   0.000262   40.010
  470650.00  5898894.37   0.824278   0.000270   0.000259   39.997
  470650.53  5898895.00   0.824284   0.000267   0.000257   39.984
  470651.06  5898895.64   0.824289   0.000265   0.000255   39.972
  470651.59  5898896.27   0.824294   0.000263   0.000252   39.959
  470652.12  5898896.90   0.824299   0.000260   0.000250   39.947
  470652.65  5898897.53   0.824304   0.000258   0.000248   39.934
  470653.18  5898898.16   0.824309   0.000255   0.000245   39.922
  470653.71  5898898.80   0.824314   0.000253   0.000243   39.910
  470654.24  5898899.43   0.824319   0.000250   0.000241   39.898
  470654.77  5898900.06   0.824324   0.000248   0.000238   39.886
  470655.30  5898900.69   0.824329   0.000245   0.000236   39.875
  470655.82  5898901.33   0.824334   0.000243   0.000234   39.863
  470656.35  5898901.96   0.824339   0.000241   0.000231   39.852
  470656.88  5898902.59   0.824344   0.000238   0.000229   39.840
  470657.41  5898903.23   0.824349   0.000236   0.000227   39.829
  470657.94  5898903.86   0.824354   0.000233   0.000224   39.818
  470658.46  5898904.49   0.824358   0.000231   0.000222   39.807
  470658.99  5898905.13   0.824363   0.000228   0.000220   39.796
  470659.52  5898905.76   0.824368   0.000226   0.000217   39.785
  470660.05  5898906.39   0.824373   0.000224   0.000215   39.774
  470660.57  5898907.03   0.824378   0.000221   0.000213   39.764
  470661.10  5898907.66   0.824382   0.000219   0.000210   39.753
  470661.63  5898908.29   0.824387   0.000216   0.000208   39.743
  470662.15  5898908.93   0.824392   0.000214   0.000206   39.733
  470662.68  5898909.56   0.824397   0.000211   0.000203   39.723
  470663.21  5898910.20   0.824401   0.000209   0.000201   39.713
  470663.73  5898910.83   0.824406   0.000207   0.000198   39.703
  470664.26  5898911.46   0.824411   0.000204   0.000196   39.693
  470664.79  5898912.10   0.824415   0.000202   0.000194   39.684
  470665.31  5898912.73   0.824420   0.000199   0.000191   39.674
  470665.84  5898913.37   0.824424   0.000197   0.000189   39.665
  470666.37  5898914.00   0.824429   0.000194   0.000187   39.655
  470666.89  5898914.64   0.824433   0.000192   0.000184   39.646
  470667.42  5898915.27   0.824437   0.000189   0.000182   39.637
  470667.94  5898915.91   0.824442   0.000187   0.000180   39.628
  470668.47  5898916.54   0.824446   0.000185   0.000177   39.619
  470669.00  5898917.18   0.824450   0.000182   0.000175   39.611
  470669.52  5898917.81   0.824455   0.000180   0.000173   39.602
  470670.05  5898918.45   0.824459   0.000177   0.000170   39.593
  470670.57  5898919.08   0.824463   0.000175   0.000168   39.585
  470671.10  5898919.72   0.824467   0.000172   0.000166   39.577
  470671.62  5898920.35   0.824471   0.000170   0.000163   39.569
  470672.15  5898920.99   0.824475   0.000168   0.000161   39.561
  470672.67  5898921.63   0.824479   0.000165   0.000159   39.553
  470673.20  5898922.26   0.824483   0.000163   0.000156   39.545
  470673.72  5898922.90   0.824487   0.000160   0.000154   39.537
  470674.25  5898923.53   0.824491   0.000158   0.000152   39.530
  470674.77  5898924.17   0.824495   0.000155   0.000149   39.522
  470675.30  5898924.81   0.824499   0.000153   0.000147   39.515
  470675.82  5898925.44   0.824502   0.000151   0.000145   39.508
  470676.35  5898926.08   0.824506   0.000148   0.000142   39.501
  470676.87  5898926.71   0.824510   0.000146   0.000140   39.494
  470677.39  5898927.35   0.824513   0.000143   0.000138   39.487
  470677.92  5898927.99   0.824517   0.000141   0.000135   39.480
  470678.44  5898928.62   0.824520   0.000138   0.000133   39.473
  470678.97  5898929.26   0.824524   0.000136   0.000131   39.467
  470679.49  5898929.90   0.824527   0.000134   0.000128   39.460
  470680.01  5898930.53   0.824530   0.000131   0.000126   39.454
  470680.54  5898931.17   0.824534   0.000129   0.000124   39.448
  470681.06  5898931.81   0.824537   0.000126   0.000121   39.442
  470681.59  5898932.44   0.824540   0.000124   0.000119   39.436
  470682.11  5898933.08   0.824543   0.000121   0.000117   39.430
  470682.63  5898933.72   0.824546   0.000119   0.000114   39.424
  470683.16  5898934.35   0.824549   0.000117   0.000112   39.418
  470683.68  5898934.99   0.824552   0.000114   0.000110   39.413
  470684.20  5898935.63   0.824555   0.000112   0.000107   39.408
  470684.73  5898936.27   0.824558   0.000109   0.000105   39.402
  470685.25  5898936.90   0.824561   0.000107   0.000103   39.397
  470685.77  5898937.54   0.824564   0.000104   0.000100   39.392
  470686.30  5898938.18   0.824566   0.000102   0.000098   39.387
  470686.82  5898938.81   0.824569   0.000100   0.000096   39.382
  470687.34  5898939.45   0.824572   0.000097   0.000093   39.378
  470687.87  5898940.09   0.824574   0.000095   0.000091   39.373
  470688.39  5898940.73   0.824577   0.000092   0.000089   39.369
  470688.91  5898941.36   0.824579   0.000090   0.000086   39.364
  470689.44  5898942.00   0.824581   0.000087   0.000084   39.360
  470689.96  5898942.64   0.824584   0.000085   0.000082   39.356
  470690.48  5898943.28   0.824586   0.000083   0.000079   39.352
  470691.00  5898943.91   0.824588   0.000080   0.000077   39.348
  470691.53  5898944.55   0.824590   0.000078   0.000075   39.344
  470692.05  5898945.19   0.824592   0.000075   0.000072   39.340
  470692.57  5898945.83   0.824594   0.000073   0.000070   39.337
  470693.09  5898946.47   0.824596   0.000070   0.000068   39.333
  470693.62  5898947.10   0.824598   0.000068   0.000065   39.330
  470694.14  5898947.74   0.824600   0.000066   0.000063   39.327
  470694.66  5898948.38   0.824601   0.000063   0.000061   39.324
  470695.19  5898949.02   0.824603   0.000061   0.000058   39.321
  470695.71  5898949.66   0.824605   0.000058   0.000056   39.318
  470696.23  5898950.29   0.824606   0.000056   0.000054   39.315
  470696.75  5898950.93   0.824608   0.000053   0.000051   39.313
  470697.27  5898951.57   0.824609   0.000051   0.000049   39.310
  470697.80  5898952.21   0.824610   0.000049   0.000047   39.308
  470698.32  5898952.85   0.824612   0.000046   0.000044   39.305
  470698.84  5898953.48   0.824613   0.000044   0.000042   39.303
  470699.36  5898954.12   0.824614   0.000041   0.000040   39.301
  470699.89  5898954.76   0.824615   0.000039   0.000037   39.299
  470700.41  5898955.40   0.824616   0.000036   0.000035   39.297
  470700.93  5898956.04   0.824617   0.000034   0.000033   39.296
  470701.45  5898956.67   0.824618   0.000032   0.000030   39.294
  470701.98  5898957.31   0.824619   0.000029   0.000028   39.293
  470702.50  5898957.95   0.824619   0.000027   0.000026   39.291
  470703.02  5898958.59   0.824620   0.000024   0.000023   39.290
  470703.54  5898959.23   0.824621   0.000022   0.000021   39.289
  470704.06  5898959.87   0.824621   0.000019   0.000019   39.288
  470704.59  5898960.50   0.824622   0.000017   0.000016   39.287
  470705.11  5898961.14   0.824622   0.000015   0.000014   39.286
  470705.63  5898961.78   0.824623   0.000012   0.000012   39.285
  470706.15  5898962.42   0.824623   0.000010   0.000009   39.285
  470706.68  5898963.06   0.824623   0.000007   0.000007   39.284
  470707.20  5898963.69   0.824623   0.000004   0.000004   39.284
  470707.72  5898964.33   0.824623   0.000002   0.000002   39.284
