  472781.01  5898293.53   1.833052   0.000001   0.000003    0.000
  472781.34  5898295.33   1.833954   0.000001   0.000006   10.363
  472781.67  5898297.13   1.835745   0.000002   0.000011   10.363
  472782.00  5898298.94   1.837515   0.000004   0.000017   10.363
  472782.33  5898300.75   1.839263   0.000005   0.000023   10.362
  472782.66  5898302.56   1.840990   0.000006   0.000028   10.362
  472782.99  5898304.37   1.842695   0.000007   0.000034   10.361
  472783.33  5898306.18   1.844379   0.000008   0.000040   10.361
  472783.66  5898308.00   1.846041   0.000009   0.000046   10.360
  472783.99  5898309.82   1.847681   0.000011   0.000051   10.359
  472784.32  5898311.64   1.849300   0.000012   0.000057   10.358
  472784.65  5898313.46   1.850897   0.000013   0.000063   10.356
  472784.99  5898315.28   1.852473   0.000014   0.000068   10.355
  472785.32  5898317.10   1.854027   0.000015   0.000074   10.353
  472785.65  5898318.92   1.855559   0.000016   0.000080   10.352
  472785.99  5898320.75   1.857070   0.000017   0.000085   10.350
  472786.32  5898322.58   1.858559   0.000019   0.000091   10.348
  472786.65  5898324.41   1.860026   0.000020   0.000096   10.346
  472786.99  5898326.24   1.861472   0.000021   0.000102   10.344
  472787.32  5898328.07   1.862897   0.000022   0.000108   10.342
  472787.66  5898329.90   1.864299   0.000023   0.000113   10.340
  472787.99  5898331.74   1.865680   0.000024   0.000119   10.337
  472788.33  5898333.57   1.867040   0.000025   0.000125   10.335
  472788.66  5898335.41   1.868378   0.000026   0.000130   10.332
  472789.00  5898337.25   1.869694   0.000027   0.000136   10.329
  472789.33  5898339.09   1.870989   0.000029   0.000142   10.326
  472789.67  5898340.93   1.872262   0.000030   0.000147   10.323
  472790.00  5898342.77   1.873514   0.000031   0.000153   10.320
  472790.34  5898344.62   1.874744   0.000032   0.000158   10.317
  472790.67  5898346.46   1.875952   0.000033   0.000164   10.313
  472791.01  5898348.31   1.877139   0.000034   0.000170   10.310
  472791.35  5898350.16   1.878304   0.000035   0.000175   10.306
  472791.68  5898352.00   1.879447   0.000036   0.000181   10.302
  472792.02  5898353.85   1.880569   0.000037   0.000187   10.298
  472792.35  5898355.71   1.881670   0.000038   0.000192   10.294
  472792.69  5898357.56   1.882749   0.000039   0.000198   10.290
  472793.03  5898359.41   1.883806   0.000041   0.000204   10.286
  472793.36  5898361.26   1.884841   0.000042   0.000209   10.281
  472793.70  5898363.12   1.885855   0.000043   0.000215   10.277
  472794.04  5898364.98   1.886848   0.000044   0.000220   10.272
  472794.37  5898366.83   1.887820   0.000045   0.000226   10.268
  472794.71  5898368.69   1.888769   0.000046   0.000232   10.263
  472795.05  5898370.55   1.889694   0.000047   0.000238   10.258
  472795.38  5898372.41   1.890597   0.000048   0.000244   10.253
  472795.72  5898374.27   1.891478   0.000050   0.000251   10.247
  472796.05  5898376.13   1.892335   0.000051   0.000257   10.242
  472796.39  5898378.00   1.893169   0.000052   0.000263   10.237
  472796.73  5898379.86   1.893981   0.000053   0.000269   10.231
  472797.06  5898381.72   1.894770   0.000054   0.000275   10.225
  472797.40  5898383.59   1.895536   0.000055   0.000281   10.219
  472797.74  5898385.45   1.896279   0.000056   0.000287   10.213
  472798.07  5898387.32   1.896999   0.000058   0.000293   10.207
  472798.41  5898389.19   1.897697   0.000059   0.000300   10.201
  472798.74  5898391.06   1.898372   0.000060   0.000306   10.194
  472799.08  5898392.92   1.899024   0.000061   0.000312   10.188
  472799.42  5898394.79   1.899653   0.000062   0.000318   10.181
  472799.75  5898396.66   1.900259   0.000063   0.000324   10.175
  472800.09  5898398.54   1.900843   0.000065   0.000330   10.168
  472800.42  5898400.41   1.901403   0.000066   0.000336   10.161
  472800.76  5898402.28   1.901941   0.000067   0.000343   10.153
  472801.09  5898404.15   1.902456   0.000068   0.000349   10.146
  472801.43  5898406.02   1.902948   0.000069   0.000355   10.139
  472801.76  5898407.90   1.903418   0.000071   0.000361   10.131
  472802.10  5898409.77   1.903864   0.000072   0.000367   10.123
  472802.43  5898411.65   1.904288   0.000073   0.000374   10.116
  472802.77  5898413.52   1.904689   0.000074   0.000380   10.108
  472803.10  5898415.40   1.905067   0.000075   0.000386   10.100
  472803.43  5898417.27   1.905423   0.000076   0.000392   10.091
  472803.77  5898419.15   1.905756   0.000078   0.000399   10.083
  472804.10  5898421.02   1.906065   0.000079   0.000405   10.075
  472804.43  5898422.90   1.906352   0.000080   0.000411   10.066
  472804.77  5898424.78   1.906617   0.000081   0.000417   10.057
  472805.10  5898426.66   1.906858   0.000082   0.000424   10.048
  472805.43  5898428.53   1.907077   0.000084   0.000430   10.039
  472805.76  5898430.41   1.907273   0.000085   0.000436   10.030
  472806.10  5898432.29   1.907444   0.000086   0.000443   10.021
  472806.43  5898434.17   1.907593   0.000087   0.000449   10.012
  472806.76  5898436.05   1.907722   0.000088   0.000455   10.002
  472807.09  5898437.93   1.907832   0.000090   0.000461    9.992
  472807.42  5898439.81   1.907922   0.000091   0.000467    9.983
  472807.75  5898441.68   1.907993   0.000092   0.000473    9.973
  472808.08  5898443.56   1.908044   0.000093   0.000480    9.963
  472808.41  5898445.44   1.908076   0.000094   0.000486    9.952
  472808.74  5898447.32   1.908088   0.000096   0.000492    9.942
  472809.07  5898449.20   1.908081   0.000097   0.000498    9.932
  472809.40  5898451.08   1.908054   0.000098   0.000504    9.921
  472809.73  5898452.96   1.908008   0.000099   0.000510    9.910
  472810.05  5898454.84   1.907942   0.000100   0.000517    9.899
  472810.38  5898456.72   1.907857   0.000102   0.000523    9.889
  472810.71  5898458.60   1.907752   0.000103   0.000529    9.877
  472811.04  5898460.48   1.907628   0.000104   0.000535    9.866
  472811.36  5898462.36   1.907484   0.000105   0.000542    9.855
  472811.69  5898464.24   1.907321   0.000107   0.000548    9.843
  472812.01  5898466.12   1.907138   0.000108   0.000554    9.832
  472812.34  5898468.00   1.906936   0.000109   0.000561    9.820
  472812.66  5898469.88   1.906715   0.000110   0.000567    9.808
  472812.99  5898471.75   1.906474   0.000112   0.000573    9.796
  472813.31  5898473.63   1.906213   0.000113   0.000579    9.784
  472813.64  5898475.51   1.905933   0.000114   0.000586    9.771
  472813.96  5898477.39   1.905634   0.000115   0.000592    9.759
  472814.28  5898479.27   1.905315   0.000117   0.000599    9.746
  472814.60  5898481.14   1.904977   0.000118   0.000605    9.734
  472814.93  5898483.02   1.904619   0.000119   0.000611    9.721
  472815.25  5898484.90   1.904242   0.000120   0.000618    9.708
  472815.57  5898486.78   1.903845   0.000122   0.000624    9.695
  472815.89  5898488.65   1.903429   0.000123   0.000631    9.681
  472816.21  5898490.53   1.902994   0.000124   0.000637    9.668
  472816.53  5898492.40   1.902539   0.000126   0.000644    9.654
  472816.84  5898494.28   1.902065   0.000127   0.000650    9.641
  472817.16  5898496.16   1.901571   0.000128   0.000657    9.627
  472817.48  5898498.03   1.901058   0.000130   0.000663    9.613
  472817.80  5898499.90   1.900525   0.000131   0.000670    9.599
  472818.11  5898501.78   1.899973   0.000132   0.000676    9.584
  472818.43  5898503.65   1.899402   0.000134   0.000683    9.570
  472818.74  5898505.52   1.898811   0.000136   0.000695    9.555
  472819.06  5898507.40   1.898203   0.000139   0.000708    9.541
  472819.37  5898509.27   1.897575   0.000138   0.000703    9.525
  472819.69  5898511.14   1.896924   0.000134   0.000684    9.510
  472820.00  5898513.01   1.896249   0.000131   0.000666    9.496
  472820.31  5898514.88   1.895550   0.000128   0.000648    9.482
  472820.62  5898516.75   1.894827   0.000124   0.000630    9.468
  472820.93  5898518.62   1.894080   0.000121   0.000612    9.454
  472821.25  5898520.49   1.893310   0.000117   0.000594    9.441
  472821.56  5898522.35   1.892515   0.000114   0.000576    9.428
  472821.87  5898524.22   1.891697   0.000110   0.000558    9.416
  472822.17  5898526.09   1.890854   0.000107   0.000540    9.404
  472822.48  5898527.95   1.889988   0.000103   0.000522    9.393
  472822.79  5898529.82   1.889097   0.000100   0.000504    9.381
  472823.10  5898531.68   1.888183   0.000096   0.000486    9.371
  472823.41  5898533.54   1.887245   0.000093   0.000468    9.360
  472823.71  5898535.40   1.886283   0.000089   0.000450    9.350
  472824.02  5898537.26   1.885296   0.000086   0.000432    9.340
  472824.32  5898539.12   1.884286   0.000082   0.000414    9.331
  472824.63  5898540.98   1.883252   0.000079   0.000395    9.322
  472824.93  5898542.84   1.882187   0.000075   0.000375    9.314
  472825.24  5898544.70   1.881098   0.000072   0.000360    9.306
  472825.54  5898546.55   1.879999   0.000069   0.000347    9.298
  472825.84  5898548.41   1.878889   0.000067   0.000333    9.290
  472826.15  5898550.26   1.877768   0.000064   0.000320    9.283
  472826.45  5898552.11   1.876637   0.000062   0.000307    9.276
  472826.75  5898553.97   1.875495   0.000059   0.000294    9.270
  472827.05  5898555.82   1.874342   0.000056   0.000280    9.263
  472827.36  5898557.67   1.873179   0.000054   0.000267    9.257
  472827.66  5898559.51   1.872005   0.000051   0.000254    9.252
  472827.96  5898561.36   1.870820   0.000049   0.000241    9.246
  472828.26  5898563.21   1.869625   0.000046   0.000228    9.241
  472828.56  5898565.05   1.868419   0.000043   0.000214    9.236
  472828.86  5898566.90   1.867202   0.000041   0.000201    9.231
  472829.16  5898568.74   1.865975   0.000038   0.000188    9.227
  472829.46  5898570.58   1.864737   0.000035   0.000174    9.223
  472829.75  5898572.42   1.863488   0.000033   0.000161    9.219
  472830.05  5898574.26   1.862229   0.000030   0.000147    9.216
  472830.35  5898576.10   1.860960   0.000027   0.000133    9.212
  472830.65  5898577.93   1.859680   0.000025   0.000121    9.209
  472830.95  5898579.77   1.858388   0.000023   0.000110    9.207
  472831.24  5898581.60   1.857083   0.000020   0.000099    9.204
  472831.54  5898583.43   1.855766   0.000018   0.000088    9.202
  472831.84  5898585.26   1.854437   0.000016   0.000077    9.200
  472832.13  5898587.09   1.853096   0.000014   0.000066    9.199
  472832.43  5898588.92   1.851742   0.000011   0.000056    9.197
  472832.72  5898590.75   1.850376   0.000009   0.000045    9.196
  472833.02  5898592.58   1.848997   0.000007   0.000034    9.195
  472833.32  5898594.40   1.847607   0.000005   0.000023    9.194
  472833.61  5898596.22   1.846203   0.000002   0.000012    9.194
  472833.91  5898598.05   1.844788   0.000000   0.000001    9.193
  472834.20  5898599.87   1.843360   0.000002   0.000011    9.193
  472834.49  5898601.68   1.841920   0.000004   0.000022    9.194
  472834.79  5898603.50   1.840468   0.000007   0.000033    9.194
  472835.08  5898605.32   1.839003   0.000009   0.000044    9.195
  472835.38  5898607.13   1.837526   0.000011   0.000055    9.196
  472835.67  5898608.95   1.836037   0.000014   0.000066    9.197
  472835.96  5898610.76   1.834535   0.000017   0.000080    9.198
  472836.26  5898612.57   1.833013   0.000020   0.000094    9.200
  472836.55  5898614.38   1.831479   0.000021   0.000099    9.202
  472836.84  5898616.18   1.829948   0.000021   0.000097    9.205
  472837.14  5898617.99   1.828420   0.000020   0.000096    9.207
  472837.43  5898619.79   1.826895   0.000020   0.000094    9.209
  472837.72  5898621.60   1.825374   0.000020   0.000092    9.211
  472838.01  5898623.40   1.823855   0.000019   0.000090    9.213
  472838.30  5898625.20   1.822339   0.000019   0.000089    9.215
  472838.60  5898627.00   1.820826   0.000019   0.000087    9.217
  472838.89  5898628.79   1.819317   0.000018   0.000085    9.219
  472839.18  5898630.59   1.817810   0.000018   0.000084    9.221
  472839.47  5898632.38   1.816307   0.000018   0.000082    9.223
  472839.76  5898634.17   1.814806   0.000017   0.000080    9.225
  472840.05  5898635.96   1.813309   0.000017   0.000078    9.226
  472840.34  5898637.75   1.811815   0.000017   0.000077    9.228
  472840.63  5898639.54   1.810323   0.000016   0.000075    9.230
  472840.92  5898641.33   1.808835   0.000016   0.000073    9.231
  472841.21  5898643.11   1.807350   0.000016   0.000072    9.233
  472841.50  5898644.89   1.805871   0.000015   0.000070    9.235
  472841.79  5898646.68   1.804395   0.000015   0.000068    9.236
  472842.08  5898648.46   1.802916   0.000014   0.000065    9.238
  472842.37  5898650.23   1.801433   0.000014   0.000063    9.239
  472842.66  5898652.01   1.799946   0.000013   0.000060    9.241
  472842.95  5898653.79   1.798455   0.000013   0.000058    9.242
  472843.24  5898655.56   1.796961   0.000012   0.000055    9.243
  472843.53  5898657.33   1.795463   0.000012   0.000053    9.245
  472843.82  5898659.11   1.793961   0.000011   0.000050    9.246
  472844.10  5898660.88   1.792455   0.000011   0.000048    9.247
  472844.39  5898662.64   1.790946   0.000010   0.000045    9.248
  472844.68  5898664.41   1.789433   0.000009   0.000043    9.249
  472844.97  5898666.18   1.787916   0.000009   0.000040    9.250
  472845.25  5898667.94   1.786396   0.000008   0.000038    9.251
  472845.54  5898669.70   1.784871   0.000008   0.000035    9.252
  472845.83  5898671.46   1.783343   0.000007   0.000033    9.253
  472846.12  5898673.22   1.781812   0.000007   0.000030    9.253
  472846.40  5898674.98   1.780276   0.000006   0.000028    9.254
  472846.69  5898676.74   1.778736   0.000006   0.000025    9.255
  472846.97  5898678.49   1.777191   0.000005   0.000023    9.255
  472847.26  5898680.25   1.775646   0.000005   0.000021    9.256
  472847.55  5898682.00   1.774100   0.000004   0.000019    9.256
  472847.83  5898683.75   1.772552   0.000004   0.000017    9.257
  472848.12  5898685.50   1.771004   0.000003   0.000015    9.257
  472848.40  5898687.24   1.769455   0.000003   0.000013    9.257
  472848.68  5898688.99   1.767905   0.000003   0.000011    9.258
  472848.97  5898690.73   1.766353   0.000002   0.000009    9.258
  472849.25  5898692.48   1.764801   0.000002   0.000007    9.258
  472849.54  5898694.22   1.763248   0.000001   0.000005    9.258
  472849.82  5898695.96   1.761694   0.000001   0.000004    9.258
  472850.10  5898697.69   1.760138   0.000000   0.000002    9.259
  472850.39  5898699.43   1.758582   0.000000   0.000000    9.259
  472850.67  5898701.17   1.757025   0.000001   0.000002    9.259
  472850.95  5898702.90   1.755467   0.000001   0.000004    9.259
  472851.23  5898704.63   1.753908   0.000001   0.000006    9.258
  472851.52  5898706.36   1.752348   0.000002   0.000008    9.258
  472851.80  5898708.09   1.750786   0.000002   0.000010    9.258
  472852.08  5898709.82   1.749224   0.000003   0.000012    9.258
  472852.36  5898711.54   1.747661   0.000003   0.000014    9.258
  472852.64  5898713.27   1.746097   0.000004   0.000016    9.257
  472852.92  5898714.99   1.744532   0.000004   0.000018    9.257
  472853.20  5898716.71   1.742966   0.000005   0.000020    9.256
  472853.48  5898718.43   1.741399   0.000005   0.000022    9.256
  472853.76  5898720.15   1.739831   0.000006   0.000024    9.256
  472854.04  5898721.86   1.738262   0.000006   0.000026    9.255
  472854.32  5898723.58   1.736692   0.000006   0.000028    9.254
  472854.60  5898725.29   1.735120   0.000007   0.000030    9.254
  472854.88  5898727.00   1.733548   0.000007   0.000032    9.253
  472855.16  5898728.71   1.731975   0.000008   0.000034    9.252
  472855.44  5898730.42   1.730401   0.000008   0.000036    9.251
  472855.72  5898732.13   1.728826   0.000009   0.000038    9.251
  472855.99  5898733.84   1.727250   0.000009   0.000040    9.250
  472856.27  5898735.54   1.725673   0.000010   0.000041    9.249
  472856.55  5898737.24   1.724095   0.000010   0.000043    9.248
  472856.82  5898738.94   1.722516   0.000011   0.000045    9.247
  472857.10  5898740.64   1.720936   0.000011   0.000047    9.246
  472857.38  5898742.34   1.719356   0.000012   0.000049    9.245
  472857.65  5898744.04   1.717774   0.000012   0.000051    9.244
  472857.93  5898745.73   1.716191   0.000013   0.000053    9.242
  472858.21  5898747.42   1.714607   0.000013   0.000055    9.241
  472858.48  5898749.12   1.713022   0.000014   0.000057    9.240
  472858.76  5898750.81   1.711436   0.000014   0.000059    9.238
  472859.03  5898752.49   1.709849   0.000015   0.000061    9.237
  472859.30  5898754.18   1.708261   0.000015   0.000063    9.236
  472859.58  5898755.87   1.706672   0.000016   0.000065    9.234
  472859.85  5898757.55   1.705082   0.000016   0.000067    9.232
  472860.13  5898759.23   1.703492   0.000017   0.000069    9.231
  472860.40  5898760.91   1.701900   0.000017   0.000071    9.229
  472860.67  5898762.59   1.700307   0.000018   0.000073    9.227
  472860.94  5898764.27   1.698713   0.000018   0.000075    9.226
  472861.22  5898765.95   1.697118   0.000019   0.000077    9.224
  472861.49  5898767.62   1.695523   0.000020   0.000079    9.222
  472861.76  5898769.29   1.693926   0.000020   0.000081    9.220
  472862.03  5898770.96   1.692328   0.000021   0.000083    9.218
  472862.30  5898772.63   1.690729   0.000021   0.000085    9.216
  472862.57  5898774.30   1.689130   0.000022   0.000088    9.214
  472862.84  5898775.97   1.687529   0.000022   0.000090    9.212
  472863.11  5898777.63   1.685927   0.000023   0.000092    9.210
  472863.38  5898779.30   1.684324   0.000023   0.000094    9.208
  472863.65  5898780.96   1.682721   0.000024   0.000096    9.206
  472863.92  5898782.62   1.681116   0.000024   0.000098    9.203
  472864.19  5898784.28   1.679510   0.000025   0.000100    9.201
  472864.46  5898785.94   1.677904   0.000026   0.000102    9.198
  472864.73  5898787.59   1.676296   0.000026   0.000104    9.196
  472864.99  5898789.25   1.674687   0.000027   0.000106    9.193
  472865.26  5898790.90   1.673078   0.000027   0.000108    9.191
  472865.53  5898792.55   1.671467   0.000028   0.000110    9.188
  472865.79  5898794.20   1.669856   0.000028   0.000112    9.186
  472866.06  5898795.85   1.668243   0.000029   0.000114    9.183
  472866.33  5898797.49   1.666630   0.000030   0.000116    9.180
  472866.59  5898799.14   1.665015   0.000030   0.000118    9.177
  472866.86  5898800.78   1.663400   0.000031   0.000120    9.174
  472867.12  5898802.42   1.661783   0.000031   0.000122    9.172
  472867.39  5898804.06   1.660166   0.000032   0.000124    9.169
  472867.65  5898805.70   1.658547   0.000032   0.000126    9.166
  472867.92  5898807.33   1.656928   0.000033   0.000128    9.162
  472868.18  5898808.97   1.655307   0.000034   0.000131    9.159
  472868.44  5898810.60   1.653686   0.000034   0.000133    9.156
  472868.71  5898812.23   1.652063   0.000035   0.000135    9.153
  472868.97  5898813.86   1.650440   0.000035   0.000137    9.150
  472869.23  5898815.49   1.648816   0.000036   0.000139    9.146
  472869.49  5898817.12   1.647190   0.000037   0.000141    9.143
  472869.75  5898818.75   1.645564   0.000037   0.000143    9.139
  472870.01  5898820.37   1.643937   0.000038   0.000145    9.136
  472870.28  5898821.99   1.642308   0.000039   0.000147    9.132
  472870.54  5898823.61   1.640679   0.000039   0.000149    9.129
  472870.80  5898825.23   1.639049   0.000040   0.000151    9.125
  472871.06  5898826.85   1.637418   0.000040   0.000153    9.121
  472871.31  5898828.47   1.635785   0.000041   0.000156    9.117
  472871.57  5898830.08   1.634152   0.000042   0.000158    9.114
  472871.83  5898831.69   1.632518   0.000042   0.000160    9.110
  472872.09  5898833.30   1.630883   0.000043   0.000162    9.106
  472872.35  5898834.91   1.629247   0.000044   0.000164    9.102
  472872.61  5898836.52   1.627610   0.000044   0.000166    9.098
  472872.86  5898838.13   1.625972   0.000045   0.000168    9.093
  472873.12  5898839.73   1.624333   0.000046   0.000170    9.089
  472873.38  5898841.34   1.622692   0.000046   0.000172    9.085
  472873.63  5898842.94   1.621051   0.000047   0.000175    9.081
  472873.89  5898844.54   1.619409   0.000048   0.000177    9.076
  472874.14  5898846.14   1.617766   0.000048   0.000179    9.072
  472874.40  5898847.73   1.616123   0.000049   0.000181    9.067
  472874.65  5898849.33   1.614478   0.000050   0.000183    9.063
  472874.91  5898850.92   1.612832   0.000050   0.000185    9.058
  472875.16  5898852.51   1.611185   0.000051   0.000187    9.054
  472875.41  5898854.10   1.609537   0.000052   0.000189    9.049
  472875.67  5898855.69   1.607888   0.000052   0.000192    9.044
  472875.92  5898857.28   1.606238   0.000053   0.000194    9.039
  472876.17  5898858.86   1.604588   0.000054   0.000196    9.034
  472876.42  5898860.45   1.602936   0.000054   0.000198    9.030
  472876.67  5898862.03   1.601283   0.000055   0.000200    9.025
  472876.92  5898863.61   1.599629   0.000056   0.000202    9.019
  472877.17  5898865.19   1.597975   0.000057   0.000204    9.014
  472877.43  5898866.77   1.596319   0.000057   0.000207    9.009
  472877.67  5898868.34   1.594662   0.000058   0.000209    9.004
  472877.92  5898869.92   1.593005   0.000059   0.000211    8.999
  472878.17  5898871.49   1.591346   0.000060   0.000213    8.993
  472878.42  5898873.06   1.589687   0.000060   0.000215    8.988
  472878.67  5898874.63   1.588026   0.000061   0.000217    8.982
  472878.92  5898876.20   1.586365   0.000062   0.000220    8.977
  472879.16  5898877.76   1.584702   0.000062   0.000222    8.971
  472879.41  5898879.33   1.583039   0.000063   0.000224    8.965
  472879.66  5898880.89   1.581375   0.000064   0.000226    8.960
  472879.90  5898882.45   1.579709   0.000065   0.000228    8.954
  472880.15  5898884.01   1.578043   0.000065   0.000231    8.948
  472880.39  5898885.57   1.576376   0.000066   0.000233    8.942
  472880.64  5898887.13   1.574708   0.000067   0.000235    8.936
  472880.88  5898888.68   1.573038   0.000068   0.000237    8.930
  472881.13  5898890.24   1.571368   0.000069   0.000239    8.924
  472881.37  5898891.79   1.569697   0.000069   0.000242    8.918
  472881.61  5898893.34   1.568025   0.000070   0.000244    8.912
  472881.86  5898894.89   1.566352   0.000071   0.000246    8.905
  472882.10  5898896.43   1.564678   0.000072   0.000248    8.899
  472882.34  5898897.98   1.563003   0.000072   0.000250    8.893
  472882.58  5898899.52   1.561327   0.000073   0.000253    8.886
  472882.82  5898901.06   1.559650   0.000074   0.000255    8.880
  472883.06  5898902.60   1.557972   0.000075   0.000257    8.873
  472883.30  5898904.14   1.556293   0.000076   0.000259    8.866
  472883.54  5898905.68   1.554614   0.000077   0.000262    8.859
  472883.78  5898907.21   1.552933   0.000077   0.000264    8.853
  472884.02  5898908.75   1.551251   0.000078   0.000266    8.846
  472884.26  5898910.28   1.549569   0.000079   0.000268    8.839
  472884.50  5898911.81   1.547885   0.000080   0.000270    8.832
  472884.73  5898913.34   1.546200   0.000081   0.000273    8.825
  472884.97  5898914.86   1.544515   0.000082   0.000275    8.818
  472885.21  5898916.39   1.542828   0.000082   0.000277    8.810
  472885.44  5898917.91   1.541141   0.000083   0.000279    8.803
  472885.68  5898919.44   1.539453   0.000084   0.000282    8.796
  472885.91  5898920.96   1.537763   0.000085   0.000284    8.788
  472886.15  5898922.48   1.536073   0.000086   0.000286    8.781
  472886.38  5898923.99   1.534382   0.000087   0.000289    8.773
  472886.62  5898925.51   1.532690   0.000088   0.000291    8.766
  472886.85  5898927.02   1.530996   0.000088   0.000293    8.758
  472887.08  5898928.53   1.529302   0.000089   0.000295    8.750
  472887.31  5898930.05   1.527607   0.000090   0.000298    8.742
  472887.55  5898931.55   1.525911   0.000091   0.000300    8.735
  472887.78  5898933.06   1.524214   0.000092   0.000302    8.727
  472888.01  5898934.57   1.522516   0.000093   0.000304    8.719
  472888.24  5898936.07   1.520817   0.000094   0.000307    8.710
  472888.47  5898937.57   1.519118   0.000095   0.000309    8.702
  472888.70  5898939.08   1.517417   0.000096   0.000311    8.694
  472888.93  5898940.57   1.515715   0.000097   0.000314    8.686
  472889.16  5898942.07   1.514013   0.000097   0.000316    8.677
  472889.38  5898943.57   1.512309   0.000098   0.000318    8.669
  472889.61  5898945.06   1.510605   0.000099   0.000321    8.660
  472889.84  5898946.55   1.508899   0.000100   0.000323    8.652
  472890.07  5898948.05   1.507193   0.000101   0.000325    8.643
  472890.29  5898949.53   1.505485   0.000102   0.000328    8.634
  472890.52  5898951.02   1.503777   0.000103   0.000330    8.625
  472890.74  5898952.51   1.502068   0.000104   0.000332    8.617
  472890.97  5898953.99   1.500358   0.000105   0.000335    8.608
  472891.19  5898955.48   1.498647   0.000106   0.000337    8.599
  472891.41  5898956.96   1.496935   0.000107   0.000339    8.589
  472891.64  5898958.44   1.495222   0.000108   0.000342    8.580
  472891.86  5898959.91   1.493508   0.000109   0.000344    8.571
  472892.08  5898961.39   1.491793   0.000110   0.000346    8.562
  472892.30  5898962.86   1.490077   0.000111   0.000349    8.552
  472892.53  5898964.34   1.488360   0.000112   0.000351    8.543
  472892.75  5898965.81   1.486643   0.000113   0.000353    8.533
  472892.97  5898967.28   1.484924   0.000114   0.000356    8.524
  472893.19  5898968.74   1.483205   0.000115   0.000358    8.514
  472893.41  5898970.21   1.481484   0.000116   0.000361    8.504
  472893.62  5898971.67   1.479763   0.000117   0.000363    8.494
  472893.84  5898973.14   1.478041   0.000119   0.000366    8.484
  472894.06  5898974.60   1.476311   0.000120   0.000370    8.474
  472894.28  5898976.06   1.474581   0.000120   0.000370    8.464
  472894.49  5898977.52   1.472862   0.000120   0.000368    8.454
  472894.71  5898978.97   1.471155   0.000120   0.000366    8.444
  472894.93  5898980.43   1.469459   0.000119   0.000364    8.434
  472895.14  5898981.88   1.467774   0.000119   0.000362    8.424
  472895.36  5898983.33   1.466101   0.000118   0.000360    8.414
  472895.57  5898984.78   1.464440   0.000118   0.000358    8.404
  472895.78  5898986.23   1.462790   0.000118   0.000356    8.394
  472896.00  5898987.67   1.461151   0.000117   0.000354    8.384
  472896.21  5898989.12   1.459524   0.000117   0.000352    8.374
  472896.42  5898990.56   1.457908   0.000116   0.000350    8.364
  472896.63  5898992.00   1.456304   0.000116   0.000347    8.355
  472896.84  5898993.44   1.454711   0.000115   0.000345    8.345
  472897.06  5898994.88   1.453130   0.000115   0.000343    8.335
  472897.27  5898996.32   1.451560   0.000114   0.000341    8.326
  472897.48  5898997.75   1.450002   0.000114   0.000339    8.316
  472897.68  5898999.19   1.448455   0.000114   0.000337    8.307
  472897.89  5899000.62   1.446919   0.000113   0.000335    8.298
  472898.10  5899002.05   1.445395   0.000113   0.000333    8.288
  472898.31  5899003.48   1.443883   0.000112   0.000330    8.279
  472898.52  5899004.91   1.442382   0.000112   0.000328    8.270
  472898.73  5899006.34   1.440892   0.000111   0.000326    8.260
  472898.93  5899007.76   1.439414   0.000111   0.000324    8.251
  472899.14  5899009.19   1.437947   0.000110   0.000322    8.242
  472899.34  5899010.61   1.436492   0.000109   0.000319    8.233
  472899.55  5899012.03   1.435048   0.000109   0.000317    8.224
  472899.75  5899013.45   1.433615   0.000108   0.000315    8.215
  472899.96  5899014.87   1.432194   0.000108   0.000313    8.206
  472900.16  5899016.28   1.430785   0.000107   0.000311    8.197
  472900.37  5899017.70   1.429387   0.000107   0.000308    8.188
  472900.57  5899019.11   1.428000   0.000106   0.000306    8.180
  472900.77  5899020.53   1.426625   0.000106   0.000304    8.171
  472900.97  5899021.94   1.425261   0.000105   0.000302    8.162
  472901.18  5899023.35   1.423909   0.000104   0.000299    8.154
  472901.38  5899024.76   1.422568   0.000104   0.000297    8.145
  472901.58  5899026.16   1.421239   0.000103   0.000295    8.137
  472901.78  5899027.57   1.419921   0.000103   0.000293    8.128
  472901.98  5899028.98   1.418614   0.000102   0.000290    8.120
  472902.18  5899030.38   1.417319   0.000101   0.000288    8.112
  472902.38  5899031.78   1.416035   0.000101   0.000286    8.104
  472902.58  5899033.18   1.414763   0.000100   0.000284    8.095
  472902.78  5899034.58   1.413502   0.000100   0.000281    8.087
  472902.98  5899035.98   1.412253   0.000099   0.000279    8.079
  472903.18  5899037.38   1.411015   0.000098   0.000277    8.071
  472903.37  5899038.78   1.409789   0.000098   0.000274    8.063
  472903.57  5899040.17   1.408574   0.000097   0.000272    8.055
  472903.77  5899041.57   1.407370   0.000096   0.000270    8.048
  472903.97  5899042.96   1.406178   0.000096   0.000267    8.040
  472904.16  5899044.35   1.404997   0.000095   0.000265    8.032
  472904.36  5899045.74   1.403828   0.000094   0.000263    8.024
  472904.55  5899047.13   1.402670   0.000094   0.000260    8.017
  472904.75  5899048.52   1.401524   0.000093   0.000258    8.009
  472904.94  5899049.91   1.400389   0.000092   0.000255    8.002
  472905.14  5899051.29   1.399265   0.000091   0.000253    7.994
  472905.33  5899052.68   1.398153   0.000091   0.000251    7.987
  472905.53  5899054.06   1.397052   0.000090   0.000248    7.980
  472905.72  5899055.44   1.395963   0.000089   0.000246    7.973
  472905.91  5899056.83   1.394885   0.000089   0.000244    7.966
  472906.11  5899058.21   1.393819   0.000088   0.000241    7.958
  472906.30  5899059.59   1.392764   0.000087   0.000239    7.951
  472906.49  5899060.97   1.391720   0.000086   0.000236    7.945
  472906.68  5899062.34   1.390688   0.000086   0.000234    7.938
  472906.88  5899063.72   1.389667   0.000085   0.000231    7.931
  472907.07  5899065.10   1.388658   0.000084   0.000229    7.924
  472907.26  5899066.47   1.387660   0.000083   0.000227    7.917
  472907.45  5899067.85   1.386674   0.000082   0.000224    7.911
  472907.64  5899069.22   1.385699   0.000082   0.000222    7.904
  472907.83  5899070.59   1.384735   0.000081   0.000219    7.898
  472908.02  5899071.96   1.383783   0.000080   0.000217    7.891
  472908.21  5899073.33   1.382842   0.000079   0.000214    7.885
  472908.40  5899074.70   1.381913   0.000078   0.000212    7.879
  472908.59  5899076.07   1.380995   0.000078   0.000209    7.873
  472908.78  5899077.44   1.380088   0.000077   0.000207    7.866
  472908.97  5899078.80   1.379193   0.000076   0.000204    7.860
  472909.16  5899080.17   1.378310   0.000075   0.000202    7.854
  472909.34  5899081.54   1.377437   0.000074   0.000199    7.848
  472909.53  5899082.90   1.376576   0.000073   0.000197    7.843
  472909.72  5899084.26   1.375727   0.000073   0.000194    7.837
  472909.91  5899085.63   1.374889   0.000072   0.000192    7.831
  472910.09  5899086.99   1.374062   0.000071   0.000189    7.825
  472910.28  5899088.35   1.373247   0.000070   0.000187    7.820
  472910.47  5899089.71   1.372443   0.000069   0.000184    7.814
  472910.65  5899091.07   1.371651   0.000068   0.000182    7.809
  472910.84  5899092.43   1.370870   0.000067   0.000179    7.803
  472911.03  5899093.78   1.370101   0.000067   0.000177    7.798
  472911.21  5899095.14   1.369342   0.000066   0.000174    7.793
  472911.40  5899096.50   1.368596   0.000065   0.000172    7.788
  472911.58  5899097.85   1.367860   0.000064   0.000169    7.783
  472911.77  5899099.21   1.367137   0.000063   0.000167    7.778
  472911.95  5899100.56   1.366424   0.000062   0.000164    7.773
  472912.14  5899101.92   1.365723   0.000061   0.000161    7.768
  472912.32  5899103.27   1.365033   0.000060   0.000159    7.763
  472912.51  5899104.62   1.364355   0.000059   0.000156    7.758
  472912.69  5899105.97   1.363688   0.000058   0.000154    7.754
  472912.87  5899107.32   1.363033   0.000058   0.000151    7.749
  472913.06  5899108.67   1.362389   0.000057   0.000149    7.745
  472913.24  5899110.02   1.361756   0.000056   0.000146    7.740
  472913.42  5899111.37   1.361135   0.000055   0.000143    7.736
  472913.61  5899112.72   1.360525   0.000054   0.000141    7.732
  472913.79  5899114.07   1.359927   0.000053   0.000138    7.727
  472913.97  5899115.42   1.359340   0.000052   0.000136    7.723
  472914.15  5899116.76   1.358764   0.000051   0.000133    7.719
  472914.34  5899118.11   1.358200   0.000050   0.000130    7.715
  472914.52  5899119.45   1.357647   0.000049   0.000128    7.711
  472914.70  5899120.80   1.357106   0.000048   0.000125    7.708
  472914.88  5899122.14   1.356576   0.000047   0.000123    7.704
  472915.06  5899123.49   1.356057   0.000046   0.000120    7.700
  472915.25  5899124.83   1.355550   0.000045   0.000117    7.697
  472915.43  5899126.17   1.355054   0.000044   0.000115    7.693
  472915.61  5899127.52   1.354570   0.000043   0.000112    7.690
  472915.79  5899128.86   1.354097   0.000042   0.000109    7.686
  472915.97  5899130.20   1.353636   0.000041   0.000107    7.683
  472916.15  5899131.54   1.353185   0.000040   0.000104    7.680
  472916.33  5899132.88   1.352747   0.000039   0.000102    7.677
  472916.51  5899134.22   1.352319   0.000038   0.000099    7.674
  472916.69  5899135.56   1.351903   0.000037   0.000096    7.671
  472916.87  5899136.90   1.351499   0.000036   0.000094    7.668
  472917.05  5899138.24   1.351106   0.000035   0.000091    7.665
  472917.23  5899139.58   1.350724   0.000034   0.000088    7.662
  472917.41  5899140.92   1.350353   0.000033   0.000086    7.660
  472917.59  5899142.26   1.349994   0.000032   0.000083    7.657
  472917.77  5899143.60   1.349647   0.000031   0.000080    7.655
  472917.95  5899144.93   1.349311   0.000030   0.000078    7.652
  472918.13  5899146.27   1.348986   0.000029   0.000075    7.650
  472918.31  5899147.61   1.348673   0.000028   0.000072    7.648
  472918.49  5899148.94   1.348371   0.000027   0.000070    7.645
  472918.67  5899150.28   1.348080   0.000026   0.000067    7.643
  472918.85  5899151.62   1.347801   0.000025   0.000064    7.641
  472919.03  5899152.95   1.347533   0.000024   0.000062    7.639
  472919.21  5899154.29   1.347277   0.000023   0.000059    7.638
  472919.39  5899155.62   1.347032   0.000022   0.000056    7.636
  472919.57  5899156.96   1.346798   0.000021   0.000054    7.634
  472919.75  5899158.29   1.346576   0.000020   0.000051    7.632
  472919.93  5899159.63   1.346365   0.000019   0.000048    7.631
  472920.10  5899160.96   1.346166   0.000018   0.000046    7.630
  472920.28  5899162.29   1.345978   0.000017   0.000043    7.628
  472920.46  5899163.63   1.345801   0.000016   0.000040    7.627
  472920.64  5899164.96   1.345636   0.000015   0.000038    7.626
  472920.82  5899166.30   1.345482   0.000014   0.000035    7.624
  472921.00  5899167.63   1.345339   0.000013   0.000032    7.623
  472921.18  5899168.96   1.345208   0.000012   0.000030    7.622
  472921.35  5899170.30   1.345089   0.000011   0.000027    7.622
  472921.53  5899171.63   1.344981   0.000009   0.000024    7.621
  472921.71  5899172.96   1.344884   0.000008   0.000021    7.620
  472921.89  5899174.30   1.344798   0.000007   0.000019    7.619
  472922.07  5899175.63   1.344724   0.000006   0.000016    7.619
  472922.25  5899176.96   1.344662   0.000005   0.000013    7.618
  472922.42  5899178.29   1.344610   0.000004   0.000011    7.618
  472922.60  5899179.63   1.344570   0.000003   0.000008    7.618
  472922.78  5899180.96   1.344542   0.000002   0.000005    7.617
  472922.96  5899182.29   1.344530   0.000001   0.000003    7.617
