  473710.98  5888103.47   3.869697   0.000000   0.000007    0.000
  473707.77  5888101.30   3.870184   0.000001   0.000014 -124.120
  473704.57  5888099.13   3.871148   0.000001   0.000027 -124.120
  473701.37  5888096.95   3.872093   0.000002   0.000041 -124.120
  473698.16  5888094.78   3.873021   0.000003   0.000054 -124.120
  473694.95  5888092.61   3.873931   0.000003   0.000068 -124.119
  473691.75  5888090.44   3.874822   0.000004   0.000081 -124.118
  473688.54  5888088.26   3.875695   0.000004   0.000094 -124.118
  473685.33  5888086.09   3.876550   0.000005   0.000108 -124.117
  473682.12  5888083.91   3.877387   0.000006   0.000121 -124.115
  473678.91  5888081.74   3.878206   0.000006   0.000135 -124.114
  473675.70  5888079.56   3.879007   0.000007   0.000148 -124.113
  473672.48  5888077.39   3.879790   0.000008   0.000162 -124.111
  473669.27  5888075.21   3.880554   0.000008   0.000175 -124.109
  473666.06  5888073.04   3.881301   0.000009   0.000189 -124.108
  473662.84  5888070.86   3.882029   0.000009   0.000202 -124.106
  473659.63  5888068.68   3.882738   0.000010   0.000216 -124.104
  473656.41  5888066.51   3.883428   0.000011   0.000229 -124.101
  473653.20  5888064.33   3.884099   0.000011   0.000243 -124.099
  473649.98  5888062.15   3.884751   0.000012   0.000256 -124.096
  473646.76  5888059.97   3.885383   0.000013   0.000270 -124.094
  473643.55  5888057.79   3.885997   0.000013   0.000283 -124.091
  473640.33  5888055.62   3.886592   0.000014   0.000297 -124.088
  473637.11  5888053.44   3.887168   0.000015   0.000310 -124.085
  473633.89  5888051.26   3.887725   0.000015   0.000324 -124.082
  473630.67  5888049.08   3.888263   0.000016   0.000337 -124.078
  473627.45  5888046.90   3.888782   0.000016   0.000351 -124.075
  473624.23  5888044.72   3.889282   0.000017   0.000364 -124.071
  473621.00  5888042.54   3.889763   0.000018   0.000377 -124.067
  473617.78  5888040.37   3.890225   0.000018   0.000391 -124.063
  473614.56  5888038.19   3.890669   0.000019   0.000404 -124.059
  473611.33  5888036.01   3.891093   0.000020   0.000418 -124.055
  473608.11  5888033.83   3.891498   0.000020   0.000431 -124.051
  473604.89  5888031.65   3.891884   0.000021   0.000445 -124.046
  473601.66  5888029.47   3.892252   0.000021   0.000458 -124.042
  473598.44  5888027.29   3.892600   0.000022   0.000472 -124.037
  473595.21  5888025.11   3.892929   0.000023   0.000485 -124.032
  473591.98  5888022.94   3.893240   0.000023   0.000499 -124.027
  473588.76  5888020.76   3.893531   0.000024   0.000512 -124.022
  473585.53  5888018.58   3.893804   0.000025   0.000526 -124.016
  473582.30  5888016.40   3.894057   0.000025   0.000539 -124.011
  473579.07  5888014.22   3.894292   0.000026   0.000553 -124.005
  473575.84  5888012.05   3.894508   0.000026   0.000567 -124.000
  473572.61  5888009.87   3.894704   0.000027   0.000580 -123.994
  473569.39  5888007.69   3.894882   0.000028   0.000594 -123.988
  473566.16  5888005.51   3.895041   0.000028   0.000607 -123.981
  473562.93  5888003.34   3.895181   0.000029   0.000621 -123.975
  473559.70  5888001.16   3.895302   0.000030   0.000634 -123.969
  473556.46  5887998.98   3.895404   0.000030   0.000648 -123.962
  473553.23  5887996.81   3.895488   0.000031   0.000661 -123.955
  473550.00  5887994.63   3.895552   0.000031   0.000675 -123.948
  473546.77  5887992.46   3.895597   0.000032   0.000689 -123.941
  473543.54  5887990.28   3.895624   0.000033   0.000702 -123.934
  473540.31  5887988.11   3.895631   0.000033   0.000716 -123.927
  473537.07  5887985.94   3.895620   0.000034   0.000729 -123.920
  473533.84  5887983.76   3.895590   0.000035   0.000743 -123.912
  473530.61  5887981.59   3.895541   0.000035   0.000757 -123.904
  473527.37  5887979.42   3.895473   0.000036   0.000770 -123.896
  473524.14  5887977.24   3.895386   0.000037   0.000784 -123.888
  473520.91  5887975.07   3.895280   0.000037   0.000797 -123.880
  473517.67  5887972.90   3.895156   0.000038   0.000811 -123.872
  473514.44  5887970.73   3.895012   0.000038   0.000825 -123.863
  473511.20  5887968.56   3.894850   0.000039   0.000838 -123.855
  473507.97  5887966.39   3.894669   0.000040   0.000852 -123.846
  473504.73  5887964.22   3.894469   0.000040   0.000866 -123.837
  473501.50  5887962.06   3.894250   0.000041   0.000879 -123.828
  473498.26  5887959.89   3.894012   0.000042   0.000893 -123.819
  473495.03  5887957.72   3.893755   0.000042   0.000907 -123.810
  473491.79  5887955.56   3.893480   0.000043   0.000921 -123.800
  473488.56  5887953.39   3.893186   0.000044   0.000934 -123.791
  473485.32  5887951.23   3.892873   0.000044   0.000948 -123.781
  473482.08  5887949.06   3.892541   0.000045   0.000962 -123.771
  473478.85  5887946.90   3.892190   0.000046   0.000976 -123.761
  473475.61  5887944.74   3.891820   0.000046   0.000989 -123.751
  473472.38  5887942.58   3.891432   0.000047   0.001003 -123.741
  473469.14  5887940.41   3.891025   0.000047   0.001017 -123.730
  473465.90  5887938.25   3.890599   0.000048   0.001031 -123.720
  473462.67  5887936.10   3.890154   0.000049   0.001044 -123.709
  473459.43  5887933.94   3.889691   0.000049   0.001058 -123.698
  473456.19  5887931.78   3.889208   0.000050   0.001072 -123.687
  473452.96  5887929.62   3.888707   0.000051   0.001086 -123.676
  473449.72  5887927.47   3.888187   0.000051   0.001100 -123.665
  473446.49  5887925.31   3.887649   0.000052   0.001114 -123.653
  473443.25  5887923.16   3.887091   0.000053   0.001128 -123.642
  473440.01  5887921.01   3.886515   0.000053   0.001142 -123.630
  473436.78  5887918.86   3.885920   0.000054   0.001155 -123.618
  473433.54  5887916.71   3.885307   0.000055   0.001169 -123.606
  473430.30  5887914.56   3.884674   0.000055   0.001183 -123.594
  473427.07  5887912.41   3.884023   0.000056   0.001197 -123.581
  473423.83  5887910.26   3.883353   0.000057   0.001211 -123.569
  473420.60  5887908.11   3.882665   0.000057   0.001225 -123.556
  473417.36  5887905.97   3.881958   0.000058   0.001239 -123.543
  473414.13  5887903.82   3.881232   0.000059   0.001253 -123.530
  473410.89  5887901.68   3.880487   0.000060   0.001267 -123.517
  473407.65  5887899.54   3.879724   0.000060   0.001281 -123.504
  473404.42  5887897.40   3.878942   0.000061   0.001295 -123.491
  473401.18  5887895.26   3.878141   0.000062   0.001309 -123.477
  473397.95  5887893.12   3.877322   0.000062   0.001323 -123.464
  473394.71  5887890.98   3.876484   0.000063   0.001338 -123.450
  473391.48  5887888.85   3.875627   0.000064   0.001352 -123.436
  473388.24  5887886.71   3.874752   0.000064   0.001366 -123.422
  473385.01  5887884.58   3.873858   0.000065   0.001380 -123.407
  473381.78  5887882.45   3.872945   0.000066   0.001394 -123.393
  473378.54  5887880.32   3.872014   0.000066   0.001408 -123.378
  473375.31  5887878.19   3.871064   0.000067   0.001423 -123.364
  473372.08  5887876.06   3.870096   0.000068   0.001437 -123.349
  473368.84  5887873.93   3.869109   0.000069   0.001451 -123.334
  473365.61  5887871.81   3.868103   0.000069   0.001465 -123.318
  473362.38  5887869.69   3.867079   0.000070   0.001480 -123.303
  473359.15  5887867.56   3.866036   0.000071   0.001494 -123.288
  473355.91  5887865.44   3.864975   0.000071   0.001508 -123.272
  473352.68  5887863.32   3.863895   0.000072   0.001522 -123.256
  473349.45  5887861.21   3.862797   0.000073   0.001537 -123.240
  473346.22  5887859.09   3.861680   0.000074   0.001551 -123.224
  473342.99  5887856.98   3.860544   0.000074   0.001566 -123.208
  473339.76  5887854.86   3.859390   0.000075   0.001580 -123.191
  473336.53  5887852.75   3.858218   0.000076   0.001594 -123.175
  473333.30  5887850.64   3.857027   0.000076   0.001609 -123.158
  473330.07  5887848.53   3.855817   0.000077   0.001623 -123.141
  473326.84  5887846.43   3.854589   0.000078   0.001638 -123.124
  473323.61  5887844.32   3.853343   0.000079   0.001652 -123.107
  473320.39  5887842.22   3.852078   0.000079   0.001667 -123.090
  473317.16  5887840.12   3.850794   0.000080   0.001681 -123.072
  473313.93  5887838.02   3.849492   0.000081   0.001696 -123.054
  473310.71  5887835.92   3.848172   0.000082   0.001711 -123.036
  473307.48  5887833.82   3.846833   0.000082   0.001725 -123.018
  473304.25  5887831.73   3.845476   0.000083   0.001740 -123.000
  473301.03  5887829.63   3.844101   0.000084   0.001754 -122.982
  473297.80  5887827.54   3.842707   0.000085   0.001769 -122.963
  473294.58  5887825.45   3.841294   0.000085   0.001784 -122.945
  473291.36  5887823.37   3.839863   0.000086   0.001799 -122.926
  473288.13  5887821.28   3.838414   0.000087   0.001813 -122.907
  473284.91  5887819.20   3.836947   0.000088   0.001828 -122.888
  473281.69  5887817.11   3.835461   0.000089   0.001843 -122.869
  473278.47  5887815.03   3.833957   0.000089   0.001858 -122.849
  473275.25  5887812.96   3.832434   0.000090   0.001873 -122.829
  473272.03  5887810.88   3.830893   0.000091   0.001887 -122.810
  473268.81  5887808.81   3.829334   0.000092   0.001901 -122.790
  473265.59  5887806.73   3.827757   0.000093   0.001917 -122.770
  473262.37  5887804.66   3.826161   0.000093   0.001935 -122.749
  473259.15  5887802.59   3.824547   0.000094   0.001953 -122.729
  473255.93  5887800.53   3.822914   0.000095   0.001970 -122.708
  473252.72  5887798.46   3.821263   0.000096   0.001988 -122.687
  473249.50  5887796.40   3.819594   0.000097   0.002006 -122.666
  473246.28  5887794.34   3.817906   0.000098   0.002024 -122.645
  473243.07  5887792.28   3.816199   0.000099   0.002041 -122.623
  473239.85  5887790.23   3.814474   0.000100   0.002059 -122.602
  473236.64  5887788.18   3.812731   0.000101   0.002077 -122.580
  473233.43  5887786.12   3.810970   0.000102   0.002095 -122.558
  473230.22  5887784.07   3.809190   0.000103   0.002113 -122.536
  473227.00  5887782.03   3.807392   0.000104   0.002131 -122.513
  473223.79  5887779.98   3.805576   0.000105   0.002149 -122.490
  473220.58  5887777.94   3.803741   0.000106   0.002167 -122.468
  473217.37  5887775.90   3.801888   0.000107   0.002185 -122.444
  473214.17  5887773.86   3.800017   0.000108   0.002203 -122.421
  473210.96  5887771.83   3.798127   0.000109   0.002221 -122.398
  473207.75  5887769.79   3.796220   0.000110   0.002238 -122.374
  473204.55  5887767.76   3.794294   0.000111   0.002257 -122.350
  473201.34  5887765.73   3.792350   0.000112   0.002277 -122.326
  473198.14  5887763.71   3.790387   0.000113   0.002297 -122.302
  473194.93  5887761.69   3.788405   0.000114   0.002317 -122.277
  473191.73  5887759.66   3.786405   0.000115   0.002337 -122.252
  473188.53  5887757.65   3.784386   0.000116   0.002357 -122.227
  473185.32  5887755.63   3.782349   0.000117   0.002377 -122.202
  473182.12  5887753.62   3.780293   0.000119   0.002397 -122.177
  473178.92  5887751.60   3.778218   0.000120   0.002417 -122.151
  473175.73  5887749.60   3.776125   0.000121   0.002437 -122.125
  473172.53  5887747.59   3.774014   0.000122   0.002457 -122.099
  473169.33  5887745.59   3.771884   0.000123   0.002477 -122.073
  473166.13  5887743.59   3.769735   0.000124   0.002497 -122.046
  473162.94  5887741.59   3.767569   0.000125   0.002518 -122.019
  473159.74  5887739.59   3.765383   0.000127   0.002538 -121.992
  473156.55  5887737.60   3.763180   0.000128   0.002558 -121.965
  473153.36  5887735.61   3.760958   0.000129   0.002579 -121.937
  473150.17  5887733.62   3.758717   0.000130   0.002599 -121.909
  473146.98  5887731.64   3.756459   0.000131   0.002619 -121.881
  473143.79  5887729.66   3.754182   0.000132   0.002640 -121.853
  473140.60  5887727.68   3.751886   0.000134   0.002660 -121.825
  473137.41  5887725.70   3.749573   0.000135   0.002681 -121.796
  473134.22  5887723.73   3.747241   0.000136   0.002702 -121.767
  473131.04  5887721.76   3.744891   0.000137   0.002722 -121.738
  473127.85  5887719.79   3.742523   0.000138   0.002743 -121.708
  473124.67  5887717.82   3.740136   0.000140   0.002764 -121.679
  473121.48  5887715.86   3.737732   0.000141   0.002784 -121.649
  473118.30  5887713.90   3.735309   0.000142   0.002805 -121.618
  473115.12  5887711.95   3.732868   0.000143   0.002826 -121.588
  473111.94  5887709.99   3.730409   0.000145   0.002847 -121.557
  473108.76  5887708.04   3.727932   0.000146   0.002868 -121.526
  473105.59  5887706.10   3.725437   0.000147   0.002889 -121.495
  473102.41  5887704.15   3.722924   0.000148   0.002910 -121.464
  473099.23  5887702.21   3.720394   0.000150   0.002931 -121.432
  473096.06  5887700.27   3.717845   0.000151   0.002952 -121.400
  473092.89  5887698.34   3.715278   0.000152   0.002973 -121.368
  473089.71  5887696.41   3.712693   0.000154   0.002994 -121.336
  473086.54  5887694.48   3.710090   0.000155   0.003016 -121.303
  473083.37  5887692.55   3.707470   0.000156   0.003037 -121.270
  473080.20  5887690.63   3.704831   0.000158   0.003058 -121.237
  473077.04  5887688.71   3.702175   0.000159   0.003080 -121.203
  473073.87  5887686.80   3.699501   0.000160   0.003101 -121.170
  473070.70  5887684.89   3.696810   0.000162   0.003122 -121.136
  473067.54  5887682.98   3.694100   0.000163   0.003144 -121.102
  473064.38  5887681.07   3.691373   0.000164   0.003166 -121.067
  473061.21  5887679.17   3.688628   0.000166   0.003187 -121.032
  473058.05  5887677.27   3.685866   0.000167   0.003209 -120.997
  473054.89  5887675.38   3.683086   0.000168   0.003231 -120.962
  473051.74  5887673.48   3.680288   0.000170   0.003252 -120.927
  473048.58  5887671.59   3.677473   0.000171   0.003274 -120.891
  473045.42  5887669.71   3.674640   0.000173   0.003296 -120.855
  473042.27  5887667.83   3.671790   0.000174   0.003318 -120.818
  473039.12  5887665.95   3.668922   0.000175   0.003340 -120.782
  473035.96  5887664.07   3.666037   0.000177   0.003362 -120.745
  473032.81  5887662.20   3.663134   0.000178   0.003384 -120.708
  473029.66  5887660.33   3.660214   0.000180   0.003406 -120.670
  473026.52  5887658.47   3.657277   0.000181   0.003428 -120.633
  473023.37  5887656.61   3.654322   0.000183   0.003451 -120.595
  473020.22  5887654.75   3.651350   0.000184   0.003473 -120.556
  473017.08  5887652.90   3.648361   0.000186   0.003495 -120.518
  473013.94  5887651.05   3.645355   0.000187   0.003518 -120.479
  473010.79  5887649.20   3.642331   0.000189   0.003540 -120.440
  473007.65  5887647.36   3.639290   0.000190   0.003563 -120.400
  473004.51  5887645.52   3.636233   0.000192   0.003585 -120.361
  473001.38  5887643.69   3.633158   0.000193   0.003608 -120.321
  472998.24  5887641.86   3.630066   0.000195   0.003631 -120.281
  472995.11  5887640.03   3.626956   0.000196   0.003653 -120.240
  472991.97  5887638.21   3.623830   0.000198   0.003676 -120.199
  472988.84  5887636.39   3.620687   0.000200   0.003699 -120.158
  472985.71  5887634.57   3.617528   0.000201   0.003722 -120.117
  472982.58  5887632.76   3.614351   0.000203   0.003745 -120.075
  472979.45  5887630.95   3.611157   0.000204   0.003768 -120.033
  472976.33  5887629.15   3.607947   0.000206   0.003791 -119.991
  472973.20  5887627.34   3.604719   0.000208   0.003814 -119.948
  472970.08  5887625.55   3.601475   0.000209   0.003837 -119.905
  472966.96  5887623.76   3.598215   0.000211   0.003860 -119.862
  472963.84  5887621.97   3.594938   0.000213   0.003884 -119.819
  472960.72  5887620.18   3.591644   0.000214   0.003910 -119.775
  472957.60  5887618.40   3.588331   0.000216   0.003937 -119.731
  472954.48  5887616.63   3.585001   0.000218   0.003963 -119.686
  472951.37  5887614.85   3.581653   0.000220   0.003989 -119.642
  472948.26  5887613.09   3.578288   0.000222   0.004016 -119.597
  472945.15  5887611.32   3.574905   0.000224   0.004042 -119.551
  472942.04  5887609.56   3.571504   0.000226   0.004069 -119.505
  472938.93  5887607.81   3.568085   0.000227   0.004095 -119.459
  472935.82  5887606.06   3.564649   0.000229   0.004122 -119.413
  472932.72  5887604.31   3.561196   0.000231   0.004149 -119.366
  472929.61  5887602.57   3.557725   0.000233   0.004176 -119.319
  472926.51  5887600.83   3.554237   0.000235   0.004202 -119.271
  472923.41  5887599.09   3.550732   0.000237   0.004229 -119.223
  472920.31  5887597.36   3.547209   0.000239   0.004261 -119.175
  472917.21  5887595.64   3.543663   0.000242   0.004293 -119.126
  472914.12  5887593.92   3.540100   0.000243   0.004311 -119.077
  472911.03  5887592.20   3.536532   0.000244   0.004319 -119.028
  472907.93  5887590.49   3.532959   0.000245   0.004328 -118.978
  472904.84  5887588.78   3.529382   0.000246   0.004336 -118.929
  472901.75  5887587.07   3.525801   0.000247   0.004345 -118.879
  472898.67  5887585.37   3.522215   0.000248   0.004353 -118.829
  472895.58  5887583.68   3.518625   0.000249   0.004362 -118.779
  472892.50  5887581.99   3.515030   0.000250   0.004370 -118.729
  472889.41  5887580.30   3.511431   0.000251   0.004379 -118.678
  472886.33  5887578.62   3.507827   0.000252   0.004387 -118.628
  472883.26  5887576.94   3.504219   0.000253   0.004396 -118.577
  472880.18  5887575.27   3.500607   0.000254   0.004405 -118.526
  472877.10  5887573.60   3.496990   0.000255   0.004413 -118.475
  472874.03  5887571.94   3.493369   0.000256   0.004422 -118.424
  472870.96  5887570.28   3.489744   0.000257   0.004431 -118.373
  472867.89  5887568.63   3.486114   0.000258   0.004441 -118.321
  472864.82  5887566.98   3.482478   0.000260   0.004452 -118.270
  472861.75  5887565.33   3.478837   0.000260   0.004457 -118.218
  472858.68  5887563.69   3.475197   0.000261   0.004460 -118.166
  472855.62  5887562.05   3.471557   0.000262   0.004463 -118.114
  472852.56  5887560.42   3.467918   0.000263   0.004465 -118.062
  472849.50  5887558.79   3.464280   0.000263   0.004468 -118.010
  472846.44  5887557.17   3.460641   0.000264   0.004471 -117.958
  472843.38  5887555.55   3.457004   0.000265   0.004474 -117.905
  472840.33  5887553.94   3.453366   0.000265   0.004476 -117.853
  472837.28  5887552.33   3.449730   0.000266   0.004479 -117.800
  472834.22  5887550.72   3.446094   0.000267   0.004482 -117.748
  472831.18  5887549.12   3.442458   0.000268   0.004484 -117.695
  472828.13  5887547.52   3.438823   0.000268   0.004487 -117.642
  472825.08  5887545.93   3.435188   0.000269   0.004490 -117.589
  472822.04  5887544.34   3.431554   0.000270   0.004493 -117.536
  472818.99  5887542.76   3.427921   0.000271   0.004496 -117.483
  472815.95  5887541.18   3.424288   0.000271   0.004498 -117.430
  472812.91  5887539.61   3.420655   0.000272   0.004501 -117.377
  472809.88  5887538.04   3.417023   0.000273   0.004504 -117.324
  472806.84  5887536.48   3.413392   0.000274   0.004507 -117.270
  472803.81  5887534.92   3.409761   0.000274   0.004510 -117.217
  472800.78  5887533.36   3.406131   0.000275   0.004512 -117.163
  472797.74  5887531.81   3.402502   0.000276   0.004515 -117.110
  472794.72  5887530.26   3.398873   0.000277   0.004518 -117.056
  472791.69  5887528.72   3.395244   0.000277   0.004521 -117.002
  472788.66  5887527.18   3.391617   0.000278   0.004524 -116.948
  472785.64  5887525.65   3.387989   0.000279   0.004527 -116.894
  472782.62  5887524.12   3.384363   0.000280   0.004530 -116.840
  472779.60  5887522.59   3.380737   0.000280   0.004533 -116.786
  472776.58  5887521.08   3.377112   0.000281   0.004536 -116.731
  472773.57  5887519.56   3.373487   0.000282   0.004539 -116.677
  472770.55  5887518.05   3.369863   0.000283   0.004542 -116.622
  472767.54  5887516.54   3.366239   0.000284   0.004546 -116.568
  472764.53  5887515.04   3.362613   0.000285   0.004551 -116.513
  472761.52  5887513.54   3.358988   0.000285   0.004551 -116.458
  472758.51  5887512.05   3.355370   0.000286   0.004546 -116.403
  472755.51  5887510.56   3.351758   0.000286   0.004542 -116.348
  472752.50  5887509.08   3.348153   0.000286   0.004538 -116.293
  472749.50  5887507.60   3.344555   0.000287   0.004533 -116.239
  472746.50  5887506.12   3.340964   0.000287   0.004529 -116.184
  472743.51  5887504.65   3.337380   0.000287   0.004524 -116.129
  472740.51  5887503.19   3.333802   0.000288   0.004520 -116.074
  472737.52  5887501.73   3.330231   0.000288   0.004516 -116.019
  472734.52  5887500.27   3.326666   0.000288   0.004511 -115.964
  472731.53  5887498.82   3.323109   0.000289   0.004507 -115.909
  472728.54  5887497.37   3.319558   0.000289   0.004502 -115.854
  472725.56  5887495.92   3.316014   0.000289   0.004498 -115.799
  472722.57  5887494.48   3.312477   0.000290   0.004493 -115.744
  472719.59  5887493.05   3.308946   0.000290   0.004489 -115.689
  472716.61  5887491.62   3.305422   0.000290   0.004484 -115.634
  472713.63  5887490.19   3.301904   0.000291   0.004480 -115.579
  472710.65  5887488.77   3.298394   0.000291   0.004475 -115.524
  472707.67  5887487.35   3.294889   0.000291   0.004470 -115.469
  472704.70  5887485.94   3.291391   0.000292   0.004466 -115.414
  472701.72  5887484.53   3.287901   0.000292   0.004464 -115.359
  472698.75  5887483.12   3.284418   0.000292   0.004461 -115.304
  472695.78  5887481.72   3.280943   0.000293   0.004459 -115.249
  472692.82  5887480.33   3.277475   0.000293   0.004456 -115.194
  472689.85  5887478.94   3.274015   0.000294   0.004454 -115.139
  472686.89  5887477.55   3.270563   0.000294   0.004451 -115.084
  472683.93  5887476.17   3.267118   0.000295   0.004449 -115.029
  472680.97  5887474.79   3.263681   0.000295   0.004446 -114.974
  472678.01  5887473.41   3.260251   0.000296   0.004443 -114.919
  472675.05  5887472.04   3.256829   0.000296   0.004441 -114.863
  472672.10  5887470.68   3.253414   0.000296   0.004438 -114.808
  472669.14  5887469.32   3.250007   0.000297   0.004435 -114.753
  472666.19  5887467.96   3.246608   0.000297   0.004433 -114.698
  472663.24  5887466.61   3.243216   0.000298   0.004430 -114.642
  472660.30  5887465.26   3.239831   0.000298   0.004427 -114.587
  472657.35  5887463.91   3.236454   0.000299   0.004425 -114.532
  472654.41  5887462.57   3.233084   0.000299   0.004422 -114.476
  472651.46  5887461.24   3.229722   0.000300   0.004419 -114.421
  472648.52  5887459.90   3.226368   0.000300   0.004417 -114.365
  472645.58  5887458.58   3.223021   0.000300   0.004414 -114.310
  472642.65  5887457.25   3.219681   0.000301   0.004410 -114.254
  472639.71  5887455.93   3.216352   0.000301   0.004406 -114.199
  472636.78  5887454.62   3.213029   0.000302   0.004405 -114.143
  472633.85  5887453.31   3.209710   0.000303   0.004408 -114.088
  472630.92  5887452.00   3.206393   0.000303   0.004410 -114.032
  472627.99  5887450.70   3.203080   0.000304   0.004413 -113.977
  472625.06  5887449.40   3.199769   0.000305   0.004415 -113.921
  472622.14  5887448.11   3.196462   0.000306   0.004418 -113.865
  472619.21  5887446.82   3.193157   0.000307   0.004420 -113.809
  472616.29  5887445.53   3.189855   0.000307   0.004423 -113.753
  472613.37  5887444.25   3.186556   0.000308   0.004425 -113.697
  472610.46  5887442.97   3.183261   0.000309   0.004428 -113.640
  472607.54  5887441.70   3.179968   0.000310   0.004430 -113.584
  472604.63  5887440.43   3.176678   0.000311   0.004433 -113.528
  472601.71  5887439.17   3.173391   0.000311   0.004435 -113.471
  472598.80  5887437.91   3.170107   0.000312   0.004438 -113.414
  472595.89  5887436.65   3.166826   0.000313   0.004440 -113.358
  472592.99  5887435.40   3.163548   0.000314   0.004443 -113.301
  472590.08  5887434.15   3.160273   0.000315   0.004445 -113.244
  472587.18  5887432.91   3.157001   0.000316   0.004448 -113.187
  472584.28  5887431.67   3.153732   0.000316   0.004450 -113.130
  472581.38  5887430.43   3.150467   0.000317   0.004453 -113.073
  472578.48  5887429.20   3.147204   0.000318   0.004455 -113.015
  472575.58  5887427.98   3.143944   0.000319   0.004458 -112.958
  472572.69  5887426.75   3.140687   0.000320   0.004460 -112.901
  472569.79  5887425.53   3.137433   0.000321   0.004463 -112.843
  472566.90  5887424.32   3.134182   0.000321   0.004465 -112.785
  472564.01  5887423.11   3.130935   0.000322   0.004468 -112.728
  472561.13  5887421.90   3.127690   0.000323   0.004471 -112.670
  472558.24  5887420.70   3.124448   0.000324   0.004473 -112.612
  472555.36  5887419.50   3.121210   0.000325   0.004476 -112.554
  472552.47  5887418.31   3.117974   0.000326   0.004478 -112.496
  472549.59  5887417.12   3.114742   0.000327   0.004481 -112.438
  472546.72  5887415.94   3.111513   0.000327   0.004483 -112.379
  472543.84  5887414.75   3.108287   0.000328   0.004486 -112.321
  472540.96  5887413.58   3.105063   0.000329   0.004488 -112.263
  472538.09  5887412.40   3.101843   0.000330   0.004491 -112.204
  472535.22  5887411.24   3.098626   0.000331   0.004493 -112.145
  472532.35  5887410.07   3.095413   0.000332   0.004496 -112.087
  472529.48  5887408.91   3.092203   0.000333   0.004499 -112.028
  472526.62  5887407.75   3.088995   0.000334   0.004503 -111.969
  472523.75  5887406.60   3.085789   0.000335   0.004507 -111.910
  472520.89  5887405.45   3.082587   0.000336   0.004510 -111.851
  472518.03  5887404.31   3.079387   0.000337   0.004514 -111.791
  472515.17  5887403.17   3.076189   0.000338   0.004518 -111.732
  472512.31  5887402.04   3.072994   0.000339   0.004522 -111.672
  472509.46  5887400.90   3.069802   0.000340   0.004526 -111.613
  472506.60  5887399.78   3.066612   0.000341   0.004530 -111.553
  472503.75  5887398.65   3.063425   0.000342   0.004534 -111.493
  472500.90  5887397.54   3.060241   0.000343   0.004538 -111.433
  472498.05  5887396.42   3.057059   0.000344   0.004541 -111.373
  472495.21  5887395.31   3.053880   0.000345   0.004545 -111.313
  472492.36  5887394.20   3.050703   0.000346   0.004549 -111.253
  472489.52  5887393.10   3.047529   0.000347   0.004553 -111.192
  472486.68  5887392.00   3.044358   0.000348   0.004557 -111.132
  472483.84  5887390.91   3.041190   0.000349   0.004561 -111.071
  472481.00  5887389.82   3.038024   0.000350   0.004565 -111.010
  472478.16  5887388.73   3.034861   0.000351   0.004569 -110.950
  472475.33  5887387.65   3.031701   0.000352   0.004573 -110.889
  472472.50  5887386.58   3.028543   0.000353   0.004577 -110.827
  472469.67  5887385.50   3.025389   0.000354   0.004581 -110.766
  472466.84  5887384.43   3.022236   0.000355   0.004585 -110.705
  472464.01  5887383.37   3.019087   0.000356   0.004592 -110.643
  472461.19  5887382.31   3.015935   0.000358   0.004600 -110.582
  472458.36  5887381.25   3.012786   0.000358   0.004597 -110.520
  472455.54  5887380.20   3.009650   0.000358   0.004586 -110.458
  472452.72  5887379.15   3.006529   0.000358   0.004576 -110.396
  472449.91  5887378.11   3.003421   0.000358   0.004565 -110.335
  472447.09  5887377.07   3.000327   0.000358   0.004555 -110.273
  472444.28  5887376.03   2.997247   0.000358   0.004544 -110.212
  472441.46  5887375.00   2.994180   0.000358   0.004534 -110.150
  472438.65  5887373.97   2.991128   0.000357   0.004523 -110.089
  472435.84  5887372.95   2.988089   0.000357   0.004512 -110.028
  472433.04  5887371.93   2.985063   0.000357   0.004502 -109.966
  472430.23  5887370.91   2.982052   0.000357   0.004491 -109.905
  472427.43  5887369.90   2.979054   0.000357   0.004480 -109.844
  472424.63  5887368.89   2.976069   0.000357   0.004469 -109.783
  472421.83  5887367.89   2.973098   0.000357   0.004458 -109.722
  472419.03  5887366.89   2.970141   0.000356   0.004447 -109.662
  472416.23  5887365.89   2.967198   0.000356   0.004436 -109.601
  472413.44  5887364.90   2.964267   0.000356   0.004425 -109.540
  472410.64  5887363.91   2.961351   0.000356   0.004414 -109.480
  472407.85  5887362.93   2.958447   0.000356   0.004403 -109.420
  472405.06  5887361.95   2.955558   0.000356   0.004392 -109.359
  472402.27  5887360.97   2.952681   0.000355   0.004381 -109.299
  472399.49  5887360.00   2.949818   0.000355   0.004370 -109.239
  472396.70  5887359.03   2.946969   0.000355   0.004358 -109.179
  472393.92  5887358.06   2.944132   0.000355   0.004347 -109.119
  472391.14  5887357.10   2.941309   0.000354   0.004336 -109.059
  472388.36  5887356.15   2.938500   0.000354   0.004324 -109.000
  472385.58  5887355.19   2.935703   0.000354   0.004313 -108.940
  472382.80  5887354.24   2.932920   0.000354   0.004301 -108.880
  472380.03  5887353.30   2.930150   0.000353   0.004290 -108.821
  472377.26  5887352.36   2.927393   0.000353   0.004278 -108.762
  472374.48  5887351.42   2.924650   0.000353   0.004266 -108.702
  472371.71  5887350.48   2.921919   0.000352   0.004255 -108.643
  472368.95  5887349.55   2.919202   0.000352   0.004243 -108.584
  472366.18  5887348.63   2.916498   0.000352   0.004231 -108.525
  472363.41  5887347.70   2.913807   0.000351   0.004220 -108.467
  472360.65  5887346.78   2.911128   0.000351   0.004208 -108.408
  472357.89  5887345.87   2.908463   0.000351   0.004196 -108.349
  472355.13  5887344.95   2.905811   0.000350   0.004184 -108.291
  472352.37  5887344.05   2.903172   0.000350   0.004172 -108.233
  472349.61  5887343.14   2.900545   0.000350   0.004160 -108.174
  472346.86  5887342.24   2.897932   0.000349   0.004148 -108.116
  472344.10  5887341.34   2.895332   0.000349   0.004136 -108.058
  472341.35  5887340.45   2.892744   0.000348   0.004124 -108.000
  472338.60  5887339.56   2.890169   0.000348   0.004112 -107.943
  472335.85  5887338.67   2.887607   0.000348   0.004100 -107.885
  472333.10  5887337.78   2.885058   0.000347   0.004087 -107.828
  472330.36  5887336.90   2.882521   0.000347   0.004075 -107.770
  472327.61  5887336.03   2.879998   0.000346   0.004063 -107.713
  472324.87  5887335.15   2.877487   0.000346   0.004051 -107.656
  472322.13  5887334.29   2.874988   0.000345   0.004038 -107.599
  472319.39  5887333.42   2.872503   0.000345   0.004026 -107.542
  472316.65  5887332.56   2.870029   0.000345   0.004013 -107.485
  472313.91  5887331.70   2.867569   0.000344   0.004001 -107.428
  472311.18  5887330.84   2.865121   0.000344   0.003988 -107.372
  472308.44  5887329.99   2.862686   0.000343   0.003976 -107.315
  472305.71  5887329.14   2.860263   0.000343   0.003963 -107.259
  472302.98  5887328.29   2.857852   0.000342   0.003950 -107.203
  472300.25  5887327.45   2.855454   0.000341   0.003938 -107.147
  472297.52  5887326.61   2.853069   0.000341   0.003925 -107.091
  472294.79  5887325.78   2.850696   0.000340   0.003912 -107.035
  472292.07  5887324.95   2.848335   0.000340   0.003899 -106.980
  472289.34  5887324.12   2.845987   0.000339   0.003887 -106.924
  472286.62  5887323.29   2.843651   0.000339   0.003874 -106.869
  472283.90  5887322.47   2.841327   0.000338   0.003861 -106.814
  472281.18  5887321.65   2.839015   0.000338   0.003848 -106.759
  472278.46  5887320.83   2.836716   0.000337   0.003835 -106.704
  472275.75  5887320.02   2.834429   0.000336   0.003822 -106.649
  472273.03  5887319.21   2.832155   0.000336   0.003809 -106.595
  472270.32  5887318.41   2.829892   0.000335   0.003796 -106.540
  472267.61  5887317.60   2.827642   0.000335   0.003782 -106.486
  472264.89  5887316.80   2.825403   0.000334   0.003769 -106.431
  472262.18  5887316.01   2.823177   0.000333   0.003756 -106.377
  472259.48  5887315.22   2.820963   0.000333   0.003743 -106.324
  472256.77  5887314.42   2.818761   0.000332   0.003730 -106.270
  472254.06  5887313.64   2.816571   0.000331   0.003716 -106.216
  472251.36  5887312.85   2.814393   0.000331   0.003703 -106.163
  472248.66  5887312.07   2.812227   0.000330   0.003689 -106.109
  472245.96  5887311.30   2.810072   0.000329   0.003676 -106.056
  472243.26  5887310.52   2.807930   0.000328   0.003663 -106.003
  472240.56  5887309.75   2.805800   0.000328   0.003649 -105.950
  472237.86  5887308.98   2.803681   0.000327   0.003635 -105.898
  472235.16  5887308.22   2.801574   0.000326   0.003622 -105.845
  472232.47  5887307.45   2.799479   0.000326   0.003608 -105.793
  472229.77  5887306.70   2.797396   0.000325   0.003595 -105.741
  472227.08  5887305.94   2.795325   0.000324   0.003581 -105.689
  472224.39  5887305.19   2.793265   0.000323   0.003567 -105.637
  472221.70  5887304.44   2.791217   0.000323   0.003553 -105.585
  472219.01  5887303.69   2.789181   0.000322   0.003540 -105.533
  472216.33  5887302.94   2.787156   0.000321   0.003526 -105.482
  472213.64  5887302.20   2.785143   0.000320   0.003512 -105.431
  472210.96  5887301.46   2.783142   0.000319   0.003498 -105.380
  472208.27  5887300.73   2.781152   0.000319   0.003484 -105.329
  472205.59  5887300.00   2.779174   0.000318   0.003470 -105.278
  472202.91  5887299.27   2.777207   0.000317   0.003456 -105.227
  472200.23  5887298.54   2.775252   0.000316   0.003442 -105.177
  472197.55  5887297.82   2.773308   0.000315   0.003428 -105.127
  472194.88  5887297.10   2.771375   0.000314   0.003414 -105.077
  472192.20  5887296.38   2.769454   0.000313   0.003400 -105.027
  472189.53  5887295.66   2.767545   0.000313   0.003386 -104.977
  472186.85  5887294.95   2.765646   0.000312   0.003371 -104.927
  472184.18  5887294.24   2.763760   0.000311   0.003357 -104.878
  472181.51  5887293.53   2.761884   0.000310   0.003343 -104.829
  472178.84  5887292.83   2.760020   0.000309   0.003329 -104.780
  472176.17  5887292.13   2.758167   0.000308   0.003314 -104.731
  472173.50  5887291.43   2.756325   0.000307   0.003300 -104.682
  472170.84  5887290.73   2.754494   0.000306   0.003286 -104.634
  472168.17  5887290.04   2.752675   0.000305   0.003271 -104.585
  472165.51  5887289.35   2.750866   0.000304   0.003257 -104.537
  472162.85  5887288.66   2.749069   0.000303   0.003242 -104.489
  472160.19  5887287.97   2.747283   0.000302   0.003228 -104.441
  472157.53  5887287.29   2.745508   0.000301   0.003213 -104.394
  472154.87  5887286.61   2.743744   0.000300   0.003198 -104.346
  472152.21  5887285.93   2.741991   0.000299   0.003184 -104.299
  472149.55  5887285.26   2.740249   0.000298   0.003169 -104.252
  472146.90  5887284.59   2.738518   0.000297   0.003154 -104.205
  472144.24  5887283.92   2.736798   0.000296   0.003140 -104.159
  472141.59  5887283.25   2.735089   0.000295   0.003125 -104.112
  472138.94  5887282.59   2.733391   0.000294   0.003110 -104.066
  472136.29  5887281.92   2.731703   0.000293   0.003095 -104.020
  472133.64  5887281.26   2.730027   0.000292   0.003081 -103.974
  472130.99  5887280.61   2.728361   0.000291   0.003066 -103.928
  472128.34  5887279.95   2.726706   0.000290   0.003051 -103.883
  472125.69  5887279.30   2.725062   0.000289   0.003036 -103.837
  472123.05  5887278.65   2.723429   0.000288   0.003021 -103.792
  472120.40  5887278.00   2.721806   0.000287   0.003006 -103.747
  472117.76  5887277.36   2.720194   0.000286   0.002991 -103.702
  472115.12  5887276.72   2.718593   0.000285   0.002976 -103.658
  472112.47  5887276.08   2.717002   0.000284   0.002961 -103.614
  472109.83  5887275.44   2.715422   0.000282   0.002946 -103.569
  472107.19  5887274.81   2.713853   0.000281   0.002931 -103.525
  472104.56  5887274.17   2.712294   0.000280   0.002915 -103.482
  472101.92  5887273.54   2.710745   0.000279   0.002900 -103.438
  472099.28  5887272.91   2.709208   0.000278   0.002885 -103.395
  472096.65  5887272.29   2.707680   0.000277   0.002870 -103.352
  472094.01  5887271.67   2.706164   0.000276   0.002854 -103.309
  472091.38  5887271.05   2.704657   0.000274   0.002839 -103.266
  472088.75  5887270.43   2.703161   0.000273   0.002824 -103.224
  472086.12  5887269.81   2.701676   0.000272   0.002808 -103.181
  472083.49  5887269.20   2.700201   0.000271   0.002793 -103.139
  472080.86  5887268.59   2.698736   0.000270   0.002778 -103.097
  472078.23  5887267.98   2.697281   0.000268   0.002762 -103.055
  472075.60  5887267.37   2.695837   0.000267   0.002747 -103.014
  472072.98  5887266.76   2.694403   0.000266   0.002731 -102.973
  472070.35  5887266.16   2.692980   0.000265   0.002716 -102.932
  472067.73  5887265.56   2.691566   0.000264   0.002700 -102.891
  472065.10  5887264.96   2.690163   0.000262   0.002684 -102.850
  472062.48  5887264.37   2.688770   0.000261   0.002669 -102.810
  472059.86  5887263.77   2.687387   0.000260   0.002653 -102.769
  472057.24  5887263.18   2.686014   0.000259   0.002638 -102.729
  472054.62  5887262.59   2.684652   0.000257   0.002622 -102.690
  472052.00  5887262.00   2.683299   0.000256   0.002606 -102.650
  472049.38  5887261.42   2.681957   0.000255   0.002590 -102.611
  472046.76  5887260.83   2.680625   0.000253   0.002575 -102.572
  472044.15  5887260.25   2.679302   0.000252   0.002559 -102.533
  472041.53  5887259.67   2.677990   0.000251   0.002543 -102.494
  472038.92  5887259.09   2.676688   0.000249   0.002527 -102.456
  472036.30  5887258.52   2.675395   0.000248   0.002511 -102.417
  472033.69  5887257.94   2.674113   0.000247   0.002495 -102.379
  472031.08  5887257.37   2.672840   0.000245   0.002480 -102.341
  472028.47  5887256.80   2.671578   0.000244   0.002464 -102.304
  472025.86  5887256.24   2.670325   0.000243   0.002448 -102.267
  472023.25  5887255.67   2.669082   0.000241   0.002432 -102.229
  472020.64  5887255.11   2.667849   0.000240   0.002416 -102.192
  472018.03  5887254.55   2.666626   0.000239   0.002400 -102.156
  472015.43  5887253.99   2.665412   0.000237   0.002384 -102.119
  472012.82  5887253.43   2.664208   0.000236   0.002368 -102.083
  472010.22  5887252.87   2.663014   0.000234   0.002351 -102.047
  472007.61  5887252.32   2.661830   0.000233   0.002335 -102.011
  472005.01  5887251.77   2.660655   0.000232   0.002319 -101.976
  472002.41  5887251.22   2.659490   0.000230   0.002303 -101.940
  471999.81  5887250.67   2.658335   0.000229   0.002287 -101.905
  471997.20  5887250.12   2.657190   0.000227   0.002271 -101.871
  471994.60  5887249.58   2.656054   0.000226   0.002254 -101.836
  471992.01  5887249.03   2.654927   0.000225   0.002238 -101.802
  471989.41  5887248.49   2.653810   0.000223   0.002222 -101.767
  471986.81  5887247.95   2.652703   0.000222   0.002205 -101.733
  471984.21  5887247.41   2.651605   0.000220   0.002189 -101.700
  471981.62  5887246.88   2.650517   0.000219   0.002173 -101.666
  471979.02  5887246.34   2.649438   0.000217   0.002156 -101.633
  471976.43  5887245.81   2.648369   0.000216   0.002140 -101.600
  471973.83  5887245.28   2.647309   0.000214   0.002124 -101.567
  471971.24  5887244.75   2.646259   0.000213   0.002107 -101.535
  471968.65  5887244.22   2.645218   0.000211   0.002091 -101.503
  471966.05  5887243.70   2.644186   0.000210   0.002074 -101.471
  471963.46  5887243.17   2.643164   0.000208   0.002058 -101.439
  471960.87  5887242.65   2.642151   0.000207   0.002041 -101.407
  471958.28  5887242.13   2.641147   0.000205   0.002025 -101.376
  471955.69  5887241.61   2.640153   0.000204   0.002008 -101.345
  471953.10  5887241.09   2.639168   0.000202   0.001992 -101.314
  471950.52  5887240.58   2.638192   0.000201   0.001975 -101.284
  471947.93  5887240.06   2.637226   0.000199   0.001958 -101.253
  471945.34  5887239.55   2.636269   0.000198   0.001942 -101.223
  471942.76  5887239.04   2.635321   0.000196   0.001925 -101.193
  471940.17  5887238.53   2.634382   0.000194   0.001909 -101.164
  471937.59  5887238.02   2.633452   0.000193   0.001892 -101.134
  471935.00  5887237.51   2.632532   0.000191   0.001875 -101.105
  471932.42  5887237.00   2.631621   0.000190   0.001858 -101.076
  471929.84  5887236.50   2.630719   0.000188   0.001842 -101.048
  471927.26  5887236.00   2.629826   0.000187   0.001825 -101.019
  471924.68  5887235.50   2.628942   0.000185   0.001808 -100.991
  471922.10  5887235.00   2.628067   0.000183   0.001791 -100.963
  471919.52  5887234.50   2.627201   0.000182   0.001775 -100.936
  471916.94  5887234.00   2.626344   0.000180   0.001758 -100.908
  471914.36  5887233.50   2.625496   0.000179   0.001741 -100.881
  471911.78  5887233.01   2.624658   0.000177   0.001724 -100.854
  471909.20  5887232.52   2.623828   0.000175   0.001707 -100.828
  471906.63  5887232.03   2.623007   0.000174   0.001690 -100.801
  471904.05  5887231.54   2.622196   0.000172   0.001673 -100.775
  471901.47  5887231.05   2.621393   0.000170   0.001656 -100.750
  471898.90  5887230.56   2.620599   0.000169   0.001639 -100.724
  471896.32  5887230.07   2.619814   0.000167   0.001623 -100.699
  471893.75  5887229.59   2.619038   0.000166   0.001606 -100.673
  471891.18  5887229.10   2.618270   0.000164   0.001589 -100.649
  471888.60  5887228.62   2.617512   0.000162   0.001572 -100.624
  471886.03  5887228.14   2.616763   0.000161   0.001555 -100.600
  471883.46  5887227.66   2.616022   0.000159   0.001538 -100.576
  471880.89  5887227.18   2.615290   0.000157   0.001520 -100.552
  471878.32  5887226.70   2.614567   0.000156   0.001503 -100.528
  471875.75  5887226.23   2.613853   0.000154   0.001486 -100.505
  471873.18  5887225.75   2.613147   0.000152   0.001469 -100.482
  471870.61  5887225.28   2.612450   0.000150   0.001452 -100.459
  471868.04  5887224.80   2.611762   0.000149   0.001435 -100.437
  471865.47  5887224.33   2.611083   0.000147   0.001418 -100.414
  471862.90  5887223.86   2.610413   0.000145   0.001401 -100.392
  471860.33  5887223.39   2.609751   0.000144   0.001384 -100.371
  471857.77  5887222.92   2.609098   0.000142   0.001366 -100.349
  471855.20  5887222.45   2.608453   0.000140   0.001349 -100.328
  471852.63  5887221.99   2.607817   0.000139   0.001332 -100.307
  471850.07  5887221.52   2.607190   0.000137   0.001315 -100.286
  471847.50  5887221.06   2.606572   0.000135   0.001298 -100.266
  471844.94  5887220.59   2.605962   0.000133   0.001280 -100.246
  471842.37  5887220.13   2.605360   0.000132   0.001263 -100.226
  471839.81  5887219.67   2.604768   0.000130   0.001246 -100.206
  471837.25  5887219.21   2.604184   0.000128   0.001229 -100.187
  471834.68  5887218.75   2.603608   0.000126   0.001211 -100.168
  471832.12  5887218.29   2.603041   0.000125   0.001194 -100.149
  471829.56  5887217.83   2.602483   0.000123   0.001177 -100.130
  471827.00  5887217.37   2.601933   0.000121   0.001159 -100.112
  471824.44  5887216.92   2.601391   0.000119   0.001142 -100.094
  471821.88  5887216.46   2.600859   0.000118   0.001125 -100.076
  471819.31  5887216.01   2.600334   0.000116   0.001107 -100.059
  471816.75  5887215.56   2.599818   0.000114   0.001090 -100.041
  471814.19  5887215.10   2.599311   0.000112   0.001073 -100.024
  471811.64  5887214.65   2.598812   0.000110   0.001055 -100.008
  471809.08  5887214.20   2.598322   0.000109   0.001038  -99.991
  471806.52  5887213.75   2.597840   0.000107   0.001020  -99.975
  471803.96  5887213.30   2.597366   0.000105   0.001003  -99.959
  471801.40  5887212.85   2.596901   0.000103   0.000986  -99.943
  471798.84  5887212.41   2.596444   0.000102   0.000968  -99.928
  471796.29  5887211.96   2.595996   0.000100   0.000951  -99.913
  471793.73  5887211.51   2.595556   0.000098   0.000933  -99.898
  471791.17  5887211.07   2.595125   0.000096   0.000916  -99.884
  471788.61  5887210.62   2.594701   0.000094   0.000898  -99.869
  471786.06  5887210.18   2.594287   0.000093   0.000881  -99.855
  471783.50  5887209.73   2.593880   0.000091   0.000863  -99.841
  471780.95  5887209.29   2.593482   0.000089   0.000846  -99.828
  471778.39  5887208.85   2.593092   0.000087   0.000828  -99.815
  471775.84  5887208.41   2.592711   0.000085   0.000811  -99.802
  471773.28  5887207.97   2.592338   0.000083   0.000793  -99.789
  471770.73  5887207.53   2.591973   0.000082   0.000776  -99.777
  471768.17  5887207.09   2.591617   0.000080   0.000758  -99.765
  471765.62  5887206.65   2.591269   0.000078   0.000741  -99.753
  471763.07  5887206.21   2.590929   0.000076   0.000723  -99.741
  471760.51  5887205.77   2.590597   0.000074   0.000706  -99.730
  471757.96  5887205.34   2.590274   0.000073   0.000688  -99.719
  471755.41  5887204.90   2.589959   0.000071   0.000671  -99.708
  471752.85  5887204.46   2.589652   0.000069   0.000653  -99.698
  471750.30  5887204.03   2.589354   0.000067   0.000635  -99.687
  471747.75  5887203.59   2.589064   0.000065   0.000618  -99.677
  471745.20  5887203.16   2.588782   0.000063   0.000600  -99.668
  471742.64  5887202.72   2.588508   0.000061   0.000583  -99.658
  471740.09  5887202.29   2.588243   0.000060   0.000565  -99.649
  471737.54  5887201.86   2.587985   0.000058   0.000547  -99.640
  471734.99  5887201.42   2.587736   0.000056   0.000530  -99.632
  471732.44  5887200.99   2.587496   0.000054   0.000512  -99.624
  471729.89  5887200.56   2.587263   0.000052   0.000495  -99.615
  471727.34  5887200.13   2.587039   0.000050   0.000477  -99.608
  471724.79  5887199.69   2.586822   0.000049   0.000459  -99.600
  471722.23  5887199.26   2.586614   0.000047   0.000442  -99.593
  471719.68  5887198.83   2.586415   0.000045   0.000424  -99.586
  471717.13  5887198.40   2.586223   0.000043   0.000406  -99.580
  471714.58  5887197.97   2.586040   0.000041   0.000389  -99.573
  471712.03  5887197.54   2.585864   0.000039   0.000371  -99.567
  471709.48  5887197.11   2.585697   0.000037   0.000354  -99.561
  471706.93  5887196.68   2.585538   0.000036   0.000336  -99.556
  471704.38  5887196.25   2.585388   0.000034   0.000318  -99.550
  471701.84  5887195.83   2.585245   0.000032   0.000301  -99.545
  471699.29  5887195.40   2.585111   0.000030   0.000283  -99.541
  471696.74  5887194.97   2.584985   0.000028   0.000265  -99.536
  471694.19  5887194.54   2.584867   0.000026   0.000248  -99.532
  471691.64  5887194.11   2.584757   0.000024   0.000230  -99.528
  471689.09  5887193.69   2.584655   0.000022   0.000212  -99.525
  471686.54  5887193.26   2.584561   0.000021   0.000195  -99.521
  471683.99  5887192.83   2.584476   0.000019   0.000177  -99.518
  471681.44  5887192.40   2.584398   0.000017   0.000159  -99.516
  471678.89  5887191.98   2.584329   0.000015   0.000141  -99.513
  471676.34  5887191.55   2.584268   0.000013   0.000124  -99.511
  471673.80  5887191.12   2.584215   0.000011   0.000106  -99.509
  471671.25  5887190.70   2.584171   0.000009   0.000088  -99.507
  471668.70  5887190.27   2.584134   0.000007   0.000071  -99.506
  471666.15  5887189.84   2.584105   0.000006   0.000053  -99.505
  471663.60  5887189.42   2.584085   0.000003   0.000031  -99.504
  471661.05  5887188.99   2.584077   0.000002   0.000018  -99.503
